0	0.3103448275862069	0.31666666666666665	0.0	0.31666666666666665	0.4666666666666667	0.85	0.7333333333333333	0.0	0.31666666666666665	0.31666666666666665	0.31666666666666665	0.7166666666666667	NaN	0.7166666666666667	0.31666666666666665	0.31666666666666665	0.31666666666666665	0.31666666666666665	0.0	0.31666666666666665	0.31666666666666665	0.31666666666666665	0.31666666666666665	0.31666666666666665	0.31666666666666665	0.36666666666666664	0.36666666666666664	0.36666666666666664	0.6333333333333333	0.31666666666666665	0.31666666666666665	0.7166666666666667	
0.3103448275862069	0	0.0	0.0	0.0	0.3620689655172414	0.5344827586206896	0.41379310344827586	0.5	0.0	0.0	0.0	0.41379310344827586	NaN	0.41379310344827586	0.0	0.0	0.0	0.25862068965517243	0.3103448275862069	0.0	0.0	0.0	0.0	0.0	0.0	0.3620689655172414	0.3620689655172414	0.3620689655172414	0.3793103448275862	0.0	0.0	0.41379310344827586	
0.31666666666666665	0.0	0	0.0	0.0	0.36666666666666664	0.5333333333333333	0.4166666666666667	0.5	0.0	0.0	0.0	0.4166666666666667	NaN	0.4166666666666667	0.0	0.0	0.0	0.26666666666666666	0.31666666666666665	0.0	0.0	0.0	0.0	0.0	0.0	0.36666666666666664	0.36666666666666664	0.36666666666666664	0.36666666666666664	0.0	0.0	0.4166666666666667	
0.0	0.0	0.0	0	0.0	0.0	0.64	0.76	0.84	0.0	0.0	0.0	0.4	NaN	0.4	0.0	0.0	0.0	0.0	0.0	0.0	0.0	0.0	0.0	0.0	0.0	0.0	0.0	0.0	0.32	0.0	0.0	0.4	
0.31666666666666665	0.0	0.0	0.0	0	0.36666666666666664	0.5333333333333333	0.4166666666666667	0.5	0.0	0.0	0.0	0.4166666666666667	NaN	0.4166666666666667	0.0	0.0	0.0	0.26666666666666666	0.31666666666666665	0.0	0.0	0.0	0.0	0.0	0.0	0.36666666666666664	0.36666666666666664	0.36666666666666664	0.36666666666666664	0.0	0.0	0.4166666666666667	
0.4666666666666667	0.3620689655172414	0.36666666666666664	0.0	0.36666666666666664	0	0.75	0.7	0.6538461538461539	0.36666666666666664	0.36666666666666664	0.36666666666666664	0.6166666666666667	NaN	0.6166666666666667	0.36666666666666664	0.36666666666666664	0.36666666666666664	0.4666666666666667	0.4666666666666667	0.36666666666666664	0.36666666666666664	0.36666666666666664	0.36666666666666664	0.36666666666666664	0.36666666666666664	0.4666666666666667	0.4666666666666667	0.4666666666666667	0.6166666666666667	0.36666666666666664	0.36666666666666664	0.6166666666666667	
0.85	0.5344827586206896	0.5333333333333333	0.64	0.5333333333333333	0.75	0	0.5833333333333334	1.0	0.5333333333333333	0.5333333333333333	0.5333333333333333	0.55	NaN	0.55	0.5333333333333333	0.5333333333333333	0.5333333333333333	0.8	0.85	0.5333333333333333	0.5333333333333333	0.5333333333333333	0.5333333333333333	0.5333333333333333	0.5333333333333333	0.85	0.85	0.85	0.5833333333333334	0.5333333333333333	0.5333333333333333	0.55	
0.7333333333333333	0.41379310344827586	0.4166666666666667	0.76	0.4166666666666667	0.7	0.5833333333333334	0	0.6923076923076923	0.4166666666666667	0.4166666666666667	0.4166666666666667	0.5666666666666667	NaN	0.5666666666666667	0.4166666666666667	0.4166666666666667	0.4166666666666667	0.6833333333333333	0.7333333333333333	0.4166666666666667	0.4166666666666667	0.4166666666666667	0.4166666666666667	0.4166666666666667	0.4166666666666667	0.7833333333333333	0.7833333333333333	0.7833333333333333	0.6333333333333333	0.4166666666666667	0.4166666666666667	0.5666666666666667	
0.0	0.5	0.5	0.84	0.5	0.6538461538461539	1.0	0.6923076923076923	0	0.5	0.5	0.5	1.0	NaN	1.0	0.5	0.5	0.5	0.5	0.0	0.5	0.5	0.5	0.5	0.5	0.5	0.6153846153846154	0.6153846153846154	0.6153846153846154	1.0	0.5	0.5	1.0	
0.31666666666666665	0.0	0.0	0.0	0.0	0.36666666666666664	0.5333333333333333	0.4166666666666667	0.5	0	0.0	0.0	0.4166666666666667	NaN	0.4166666666666667	0.0	0.0	0.0	0.26666666666666666	0.31666666666666665	0.0	0.0	0.0	0.0	0.0	0.0	0.36666666666666664	0.36666666666666664	0.36666666666666664	0.36666666666666664	0.0	0.0	0.4166666666666667	
0.31666666666666665	0.0	0.0	0.0	0.0	0.36666666666666664	0.5333333333333333	0.4166666666666667	0.5	0.0	0	0.0	0.4166666666666667	NaN	0.4166666666666667	0.0	0.0	0.0	0.26666666666666666	0.31666666666666665	0.0	0.0	0.0	0.0	0.0	0.0	0.36666666666666664	0.36666666666666664	0.36666666666666664	0.36666666666666664	0.0	0.0	0.4166666666666667	
0.31666666666666665	0.0	0.0	0.0	0.0	0.36666666666666664	0.5333333333333333	0.4166666666666667	0.5	0.0	0.0	0	0.4166666666666667	NaN	0.4166666666666667	0.0	0.0	0.0	0.26666666666666666	0.31666666666666665	0.0	0.0	0.0	0.0	0.0	0.0	0.36666666666666664	0.36666666666666664	0.36666666666666664	0.36666666666666664	0.0	0.0	0.4166666666666667	
0.7166666666666667	0.41379310344827586	0.4166666666666667	0.4	0.4166666666666667	0.6166666666666667	0.55	0.5666666666666667	1.0	0.4166666666666667	0.4166666666666667	0.4166666666666667	0	NaN	0.0	0.4166666666666667	0.4166666666666667	0.4166666666666667	0.6833333333333333	0.7166666666666667	0.4166666666666667	0.4166666666666667	0.4166666666666667	0.4166666666666667	0.4166666666666667	0.4166666666666667	0.7166666666666667	0.7166666666666667	0.7166666666666667	0.48333333333333334	0.4166666666666667	0.4166666666666667	0.0	
NaN	NaN	NaN	NaN	NaN	NaN	NaN	NaN	NaN	NaN	NaN	NaN	NaN	0	NaN	NaN	NaN	NaN	NaN	NaN	NaN	NaN	NaN	NaN	NaN	NaN	NaN	NaN	NaN	NaN	NaN	NaN	NaN	
0.7166666666666667	0.41379310344827586	0.4166666666666667	0.4	0.4166666666666667	0.6166666666666667	0.55	0.5666666666666667	1.0	0.4166666666666667	0.4166666666666667	0.4166666666666667	0.0	NaN	0	0.4166666666666667	0.4166666666666667	0.4166666666666667	0.6833333333333333	0.7166666666666667	0.4166666666666667	0.4166666666666667	0.4166666666666667	0.4166666666666667	0.4166666666666667	0.4166666666666667	0.7166666666666667	0.7166666666666667	0.7166666666666667	0.48333333333333334	0.4166666666666667	0.4166666666666667	0.0	
0.31666666666666665	0.0	0.0	0.0	0.0	0.36666666666666664	0.5333333333333333	0.4166666666666667	0.5	0.0	0.0	0.0	0.4166666666666667	NaN	0.4166666666666667	0	0.0	0.0	0.26666666666666666	0.31666666666666665	0.0	0.0	0.0	0.0	0.0	0.0	0.36666666666666664	0.36666666666666664	0.36666666666666664	0.36666666666666664	0.0	0.0	0.4166666666666667	
0.31666666666666665	0.0	0.0	0.0	0.0	0.36666666666666664	0.5333333333333333	0.4166666666666667	0.5	0.0	0.0	0.0	0.4166666666666667	NaN	0.4166666666666667	0.0	0	0.0	0.26666666666666666	0.31666666666666665	0.0	0.0	0.0	0.0	0.0	0.0	0.36666666666666664	0.36666666666666664	0.36666666666666664	0.36666666666666664	0.0	0.0	0.4166666666666667	
0.31666666666666665	0.0	0.0	0.0	0.0	0.36666666666666664	0.5333333333333333	0.4166666666666667	0.5	0.0	0.0	0.0	0.4166666666666667	NaN	0.4166666666666667	0.0	0.0	0	0.26666666666666666	0.31666666666666665	0.0	0.0	0.0	0.0	0.0	0.0	0.36666666666666664	0.36666666666666664	0.36666666666666664	0.36666666666666664	0.0	0.0	0.4166666666666667	
0.31666666666666665	0.25862068965517243	0.26666666666666666	0.0	0.26666666666666666	0.4666666666666667	0.8	0.6833333333333333	0.5	0.26666666666666666	0.26666666666666666	0.26666666666666666	0.6833333333333333	NaN	0.6833333333333333	0.26666666666666666	0.26666666666666666	0.26666666666666666	0	0.31666666666666665	0.26666666666666666	0.26666666666666666	0.26666666666666666	0.26666666666666666	0.26666666666666666	0.26666666666666666	0.36666666666666664	0.36666666666666664	0.36666666666666664	0.6333333333333333	0.26666666666666666	0.26666666666666666	0.6833333333333333	
0.0	0.3103448275862069	0.31666666666666665	0.0	0.31666666666666665	0.4666666666666667	0.85	0.7333333333333333	0.0	0.31666666666666665	0.31666666666666665	0.31666666666666665	0.7166666666666667	NaN	0.7166666666666667	0.31666666666666665	0.31666666666666665	0.31666666666666665	0.31666666666666665	0	0.31666666666666665	0.31666666666666665	0.31666666666666665	0.31666666666666665	0.31666666666666665	0.31666666666666665	0.36666666666666664	0.36666666666666664	0.36666666666666664	0.6333333333333333	0.31666666666666665	0.31666666666666665	0.7166666666666667	
0.31666666666666665	0.0	0.0	0.0	0.0	0.36666666666666664	0.5333333333333333	0.4166666666666667	0.5	0.0	0.0	0.0	0.4166666666666667	NaN	0.4166666666666667	0.0	0.0	0.0	0.26666666666666666	0.31666666666666665	0	0.0	0.0	0.0	0.0	0.0	0.36666666666666664	0.36666666666666664	0.36666666666666664	0.36666666666666664	0.0	0.0	0.4166666666666667	
0.31666666666666665	0.0	0.0	0.0	0.0	0.36666666666666664	0.5333333333333333	0.4166666666666667	0.5	0.0	0.0	0.0	0.4166666666666667	NaN	0.4166666666666667	0.0	0.0	0.0	0.26666666666666666	0.31666666666666665	0.0	0	0.0	0.0	0.0	0.0	0.36666666666666664	0.36666666666666664	0.36666666666666664	0.36666666666666664	0.0	0.0	0.4166666666666667	
0.31666666666666665	0.0	0.0	0.0	0.0	0.36666666666666664	0.5333333333333333	0.4166666666666667	0.5	0.0	0.0	0.0	0.4166666666666667	NaN	0.4166666666666667	0.0	0.0	0.0	0.26666666666666666	0.31666666666666665	0.0	0.0	0	0.0	0.0	0.0	0.36666666666666664	0.36666666666666664	0.36666666666666664	0.36666666666666664	0.0	0.0	0.4166666666666667	
0.31666666666666665	0.0	0.0	0.0	0.0	0.36666666666666664	0.5333333333333333	0.4166666666666667	0.5	0.0	0.0	0.0	0.4166666666666667	NaN	0.4166666666666667	0.0	0.0	0.0	0.26666666666666666	0.31666666666666665	0.0	0.0	0.0	0	0.0	0.0	0.36666666666666664	0.36666666666666664	0.36666666666666664	0.36666666666666664	0.0	0.0	0.4166666666666667	
0.31666666666666665	0.0	0.0	0.0	0.0	0.36666666666666664	0.5333333333333333	0.4166666666666667	0.5	0.0	0.0	0.0	0.4166666666666667	NaN	0.4166666666666667	0.0	0.0	0.0	0.26666666666666666	0.31666666666666665	0.0	0.0	0.0	0.0	0	0.0	0.36666666666666664	0.36666666666666664	0.36666666666666664	0.36666666666666664	0.0	0.0	0.4166666666666667	
0.31666666666666665	0.0	0.0	0.0	0.0	0.36666666666666664	0.5333333333333333	0.4166666666666667	0.5	0.0	0.0	0.0	0.4166666666666667	NaN	0.4166666666666667	0.0	0.0	0.0	0.26666666666666666	0.31666666666666665	0.0	0.0	0.0	0.0	0.0	0	0.36666666666666664	0.36666666666666664	0.36666666666666664	0.36666666666666664	0.0	0.0	0.4166666666666667	
0.36666666666666664	0.3620689655172414	0.36666666666666664	0.0	0.36666666666666664	0.4666666666666667	0.85	0.7833333333333333	0.6153846153846154	0.36666666666666664	0.36666666666666664	0.36666666666666664	0.7166666666666667	NaN	0.7166666666666667	0.36666666666666664	0.36666666666666664	0.36666666666666664	0.36666666666666664	0.36666666666666664	0.36666666666666664	0.36666666666666664	0.36666666666666664	0.36666666666666664	0.36666666666666664	0.36666666666666664	0	0.31666666666666665	0.31666666666666665	0.6333333333333333	0.36666666666666664	0.36666666666666664	0.7166666666666667	
0.36666666666666664	0.3620689655172414	0.36666666666666664	0.0	0.36666666666666664	0.4666666666666667	0.85	0.7833333333333333	0.6153846153846154	0.36666666666666664	0.36666666666666664	0.36666666666666664	0.7166666666666667	NaN	0.7166666666666667	0.36666666666666664	0.36666666666666664	0.36666666666666664	0.36666666666666664	0.36666666666666664	0.36666666666666664	0.36666666666666664	0.36666666666666664	0.36666666666666664	0.36666666666666664	0.36666666666666664	0.31666666666666665	0	0.0	0.6333333333333333	0.36666666666666664	0.36666666666666664	0.7166666666666667	
0.36666666666666664	0.3620689655172414	0.36666666666666664	0.0	0.36666666666666664	0.4666666666666667	0.85	0.7833333333333333	0.6153846153846154	0.36666666666666664	0.36666666666666664	0.36666666666666664	0.7166666666666667	NaN	0.7166666666666667	0.36666666666666664	0.36666666666666664	0.36666666666666664	0.36666666666666664	0.36666666666666664	0.36666666666666664	0.36666666666666664	0.36666666666666664	0.36666666666666664	0.36666666666666664	0.36666666666666664	0.31666666666666665	0.0	0	0.6333333333333333	0.36666666666666664	0.36666666666666664	0.7166666666666667	
0.6333333333333333	0.3793103448275862	0.36666666666666664	0.32	0.36666666666666664	0.6166666666666667	0.5833333333333334	0.6333333333333333	1.0	0.36666666666666664	0.36666666666666664	0.36666666666666664	0.48333333333333334	NaN	0.48333333333333334	0.36666666666666664	0.36666666666666664	0.36666666666666664	0.6333333333333333	0.6333333333333333	0.36666666666666664	0.36666666666666664	0.36666666666666664	0.36666666666666664	0.36666666666666664	0.36666666666666664	0.6333333333333333	0.6333333333333333	0.6333333333333333	0	0.36666666666666664	0.36666666666666664	0.48333333333333334	
0.31666666666666665	0.0	0.0	0.0	0.0	0.36666666666666664	0.5333333333333333	0.4166666666666667	0.5	0.0	0.0	0.0	0.4166666666666667	NaN	0.4166666666666667	0.0	0.0	0.0	0.26666666666666666	0.31666666666666665	0.0	0.0	0.0	0.0	0.0	0.0	0.36666666666666664	0.36666666666666664	0.36666666666666664	0.36666666666666664	0	0.0	0.4166666666666667	
0.31666666666666665	0.0	0.0	0.0	0.0	0.36666666666666664	0.5333333333333333	0.4166666666666667	0.5	0.0	0.0	0.0	0.4166666666666667	NaN	0.4166666666666667	0.0	0.0	0.0	0.26666666666666666	0.31666666666666665	0.0	0.0	0.0	0.0	0.0	0.0	0.36666666666666664	0.36666666666666664	0.36666666666666664	0.36666666666666664	0.0	0	0.4166666666666667	
0.7166666666666667	0.41379310344827586	0.4166666666666667	0.4	0.4166666666666667	0.6166666666666667	0.55	0.5666666666666667	1.0	0.4166666666666667	0.4166666666666667	0.4166666666666667	0.0	NaN	0.0	0.4166666666666667	0.4166666666666667	0.4166666666666667	0.6833333333333333	0.7166666666666667	0.4166666666666667	0.4166666666666667	0.4166666666666667	0.4166666666666667	0.4166666666666667	0.4166666666666667	0.7166666666666667	0.7166666666666667	0.7166666666666667	0.48333333333333334	0.4166666666666667	0.4166666666666667	0	
