0	NaN	0.2903225806451613	1.0	0.7272727272727273	0.0	0.6774193548387096	0.5483870967741935	NaN	0.3	0.3	0.5483870967741935	0.5483870967741935	0.7096774193548387	0.5483870967741935	NaN	0.8709677419354839	0.8064516129032258	0.8709677419354839	0.5555555555555556	0.7857142857142857	0.8064516129032258	0.5483870967741935	0.5483870967741935	0.3333333333333333	0.2903225806451613	0.0	NaN	0.6521739130434783	0.75	1.0	0.7894736842105263	0.5483870967741935	NaN	0.6521739130434783	0.8064516129032258	
NaN	0	NaN	NaN	NaN	NaN	NaN	NaN	NaN	NaN	NaN	NaN	NaN	NaN	NaN	NaN	NaN	NaN	NaN	NaN	NaN	NaN	NaN	NaN	NaN	NaN	NaN	NaN	NaN	NaN	NaN	NaN	NaN	NaN	NaN	NaN	
0.2903225806451613	NaN	0	1.0	0.6363636363636364	0.25	0.625	0.4838709677419355	NaN	0.3	0.3	0.6129032258064516	0.5483870967741935	0.78125	0.5483870967741935	NaN	0.8064516129032258	0.8064516129032258	0.8709677419354839	0.48148148148148145	0.7142857142857143	0.8064516129032258	0.5483870967741935	0.525	0.3333333333333333	0.2903225806451613	0.25	NaN	0.6521739130434783	0.75	1.0	0.7894736842105263	0.475	NaN	0.6521739130434783	0.8	
1.0	NaN	1.0	0	1.0	1.0	1.0	1.0	NaN	1.0	1.0	1.0	1.0	1.0	1.0	NaN	1.0	1.0	1.0	1.0	1.0	1.0	1.0	1.0	1.0	1.0	1.0	NaN	1.0	1.0	0.7272727272727273	1.0	1.0	NaN	1.0	1.0	
0.7272727272727273	NaN	0.6363636363636364	1.0	0	0.7272727272727273	0.5909090909090909	0.0	NaN	0.7272727272727273	0.7272727272727273	0.6818181818181818	0.4090909090909091	1.0	0.4090909090909091	NaN	0.36363636363636365	0.4090909090909091	0.7727272727272727	0.09090909090909091	0.4090909090909091	0.4090909090909091	0.7272727272727273	0.4090909090909091	0.7142857142857143	0.7272727272727273	0.7272727272727273	NaN	0.8181818181818182	0.8	1.0	0.7894736842105263	0.0	NaN	0.8181818181818182	0.4090909090909091	
0.0	NaN	0.25	1.0	0.7272727272727273	0	0.625	0.5483870967741935	NaN	0.3	0.3	0.5483870967741935	0.5483870967741935	0.71875	0.5483870967741935	NaN	0.8709677419354839	0.8064516129032258	0.8709677419354839	0.5555555555555556	0.7142857142857143	0.8064516129032258	0.5483870967741935	0.525	0.3333333333333333	0.2903225806451613	0.0	NaN	0.6521739130434783	0.75	1.0	0.7894736842105263	0.525	NaN	0.6521739130434783	0.8	
0.6774193548387096	NaN	0.625	1.0	0.5909090909090909	0.625	0	0.41935483870967744	NaN	0.7	0.7	0.6129032258064516	0.1935483870967742	1.0	0.1935483870967742	NaN	0.9354838709677419	0.45161290322580644	0.7096774193548387	0.4074074074074074	0.21428571428571427	0.45161290322580644	0.9354838709677419	0.35	0.9047619047619048	0.6774193548387096	0.625	NaN	0.8260869565217391	1.0	1.0	1.0	0.35	NaN	0.8260869565217391	0.45	
0.5483870967741935	NaN	0.4838709677419355	1.0	0.0	0.5483870967741935	0.41935483870967744	0	NaN	0.5666666666666667	0.5666666666666667	0.4838709677419355	0.2903225806451613	1.0	0.2903225806451613	NaN	0.5161290322580645	0.5483870967741935	0.8064516129032258	0.0	0.5357142857142857	0.5483870967741935	0.8064516129032258	0.2903225806451613	0.7142857142857143	0.5483870967741935	0.5483870967741935	NaN	0.6521739130434783	0.8	1.0	0.7894736842105263	0.0	NaN	0.6521739130434783	0.5806451612903226	
NaN	NaN	NaN	NaN	NaN	NaN	NaN	NaN	0	NaN	NaN	NaN	NaN	NaN	NaN	NaN	NaN	NaN	NaN	NaN	NaN	NaN	NaN	NaN	NaN	NaN	NaN	NaN	NaN	NaN	NaN	NaN	NaN	NaN	NaN	NaN	
0.3	NaN	0.3	1.0	0.7272727272727273	0.3	0.7	0.5666666666666667	NaN	0	0.0	0.6333333333333333	0.5666666666666667	0.7666666666666667	0.5666666666666667	NaN	0.8666666666666667	0.8	0.8666666666666667	0.5555555555555556	0.7857142857142857	0.8	0.5333333333333333	0.5666666666666667	0.3333333333333333	0.3	0.3	NaN	0.6521739130434783	0.75	1.0	0.7894736842105263	0.5666666666666667	NaN	0.6521739130434783	0.8	
0.3	NaN	0.3	1.0	0.7272727272727273	0.3	0.7	0.5666666666666667	NaN	0.0	0	0.6333333333333333	0.5666666666666667	0.7666666666666667	0.5666666666666667	NaN	0.8666666666666667	0.8	0.8666666666666667	0.5555555555555556	0.7857142857142857	0.8	0.5333333333333333	0.5666666666666667	0.3333333333333333	0.3	0.3	NaN	0.6521739130434783	0.75	1.0	0.7894736842105263	0.5666666666666667	NaN	0.6521739130434783	0.8	
0.5483870967741935	NaN	0.6129032258064516	1.0	0.6818181818181818	0.5483870967741935	0.6129032258064516	0.4838709677419355	NaN	0.6333333333333333	0.6333333333333333	0	0.4838709677419355	0.9354838709677419	0.4838709677419355	NaN	0.8064516129032258	0.7419354838709677	0.8064516129032258	0.48148148148148145	0.75	0.7419354838709677	0.8709677419354839	0.4838709677419355	0.8095238095238095	0.6129032258064516	0.5483870967741935	NaN	0.6521739130434783	0.8	1.0	0.7894736842105263	0.4838709677419355	NaN	0.6521739130434783	0.7741935483870968	
0.5483870967741935	NaN	0.5483870967741935	1.0	0.4090909090909091	0.5483870967741935	0.1935483870967742	0.2903225806451613	NaN	0.5666666666666667	0.5666666666666667	0.4838709677419355	0	1.0	0.0	NaN	0.8064516129032258	0.2903225806451613	0.5161290322580645	0.25925925925925924	0.21428571428571427	0.2903225806451613	0.8064516129032258	0.2903225806451613	0.7142857142857143	0.4838709677419355	0.5483870967741935	NaN	0.5652173913043478	0.8	1.0	0.7894736842105263	0.2903225806451613	NaN	0.5652173913043478	0.2903225806451613	
0.7096774193548387	NaN	0.78125	1.0	1.0	0.71875	1.0	1.0	NaN	0.7666666666666667	0.7666666666666667	0.9354838709677419	1.0	0	1.0	NaN	1.0	1.0	1.0	1.0	1.0	1.0	0.7741935483870968	1.0	0.6666666666666666	0.7741935483870968	0.71875	NaN	1.0	0.95	1.0	1.0	1.0	NaN	1.0	1.0	
0.5483870967741935	NaN	0.5483870967741935	1.0	0.4090909090909091	0.5483870967741935	0.1935483870967742	0.2903225806451613	NaN	0.5666666666666667	0.5666666666666667	0.4838709677419355	0.0	1.0	0	NaN	0.8064516129032258	0.2903225806451613	0.5161290322580645	0.25925925925925924	0.21428571428571427	0.2903225806451613	0.8064516129032258	0.2903225806451613	0.7142857142857143	0.4838709677419355	0.5483870967741935	NaN	0.5652173913043478	0.8	1.0	0.7894736842105263	0.2903225806451613	NaN	0.5652173913043478	0.2903225806451613	
NaN	NaN	NaN	NaN	NaN	NaN	NaN	NaN	NaN	NaN	NaN	NaN	NaN	NaN	NaN	0	NaN	NaN	NaN	NaN	NaN	NaN	NaN	NaN	NaN	NaN	NaN	NaN	NaN	NaN	NaN	NaN	NaN	NaN	NaN	NaN	
0.8709677419354839	NaN	0.8064516129032258	1.0	0.36363636363636365	0.8709677419354839	0.9354838709677419	0.5161290322580645	NaN	0.8666666666666667	0.8666666666666667	0.8064516129032258	0.8064516129032258	1.0	0.8064516129032258	NaN	0	0.8064516129032258	0.8064516129032258	0.5185185185185185	0.8214285714285714	0.8064516129032258	0.8709677419354839	0.8064516129032258	0.8095238095238095	0.8709677419354839	0.8709677419354839	NaN	0.8260869565217391	0.8	1.0	0.7894736842105263	0.5161290322580645	NaN	0.8260869565217391	0.8387096774193549	
0.8064516129032258	NaN	0.8064516129032258	1.0	0.4090909090909091	0.8064516129032258	0.45161290322580644	0.5483870967741935	NaN	0.8	0.8	0.7419354838709677	0.2903225806451613	1.0	0.2903225806451613	NaN	0.8064516129032258	0	0.5483870967741935	0.48148148148148145	0.25	0.1935483870967742	0.5483870967741935	0.5483870967741935	0.7142857142857143	0.7741935483870968	0.8064516129032258	NaN	0.782608695652174	0.8	1.0	0.7894736842105263	0.5483870967741935	NaN	0.782608695652174	0.3225806451612903	
0.8709677419354839	NaN	0.8709677419354839	1.0	0.7727272727272727	0.8709677419354839	0.7096774193548387	0.8064516129032258	NaN	0.8666666666666667	0.8666666666666667	0.8064516129032258	0.5161290322580645	1.0	0.5161290322580645	NaN	0.8064516129032258	0.5483870967741935	0	0.7777777777777778	0.5	0.5483870967741935	0.8709677419354839	0.8064516129032258	0.8095238095238095	0.8064516129032258	0.8709677419354839	NaN	0.7391304347826086	0.8	1.0	0.7894736842105263	0.8064516129032258	NaN	0.7391304347826086	0.5483870967741935	
0.5555555555555556	NaN	0.48148148148148145	1.0	0.09090909090909091	0.5555555555555556	0.4074074074074074	0.0	NaN	0.5555555555555556	0.5555555555555556	0.48148148148148145	0.25925925925925924	1.0	0.25925925925925924	NaN	0.5185185185185185	0.48148148148148145	0.7777777777777778	0	0.5185185185185185	0.48148148148148145	0.7777777777777778	0.25925925925925924	0.7142857142857143	0.5555555555555556	0.5555555555555556	NaN	0.6521739130434783	0.8	1.0	0.7894736842105263	0.0	NaN	0.6521739130434783	0.5185185185185185	
0.7857142857142857	NaN	0.7142857142857143	1.0	0.4090909090909091	0.7142857142857143	0.21428571428571427	0.5357142857142857	NaN	0.7857142857142857	0.7857142857142857	0.75	0.21428571428571427	1.0	0.21428571428571427	NaN	0.8214285714285714	0.25	0.5	0.5185185185185185	0	0.25	0.7857142857142857	0.35714285714285715	0.7142857142857143	0.7142857142857143	0.7142857142857143	NaN	0.7391304347826086	0.8	1.0	0.7894736842105263	0.35714285714285715	NaN	0.7391304347826086	0.0	
0.8064516129032258	NaN	0.8064516129032258	1.0	0.4090909090909091	0.8064516129032258	0.45161290322580644	0.5483870967741935	NaN	0.8	0.8	0.7419354838709677	0.2903225806451613	1.0	0.2903225806451613	NaN	0.8064516129032258	0.1935483870967742	0.5483870967741935	0.48148148148148145	0.25	0	0.7419354838709677	0.5483870967741935	0.7142857142857143	0.7741935483870968	0.8064516129032258	NaN	0.782608695652174	0.8	1.0	0.7894736842105263	0.5483870967741935	NaN	0.782608695652174	0.3225806451612903	
0.5483870967741935	NaN	0.5483870967741935	1.0	0.7272727272727273	0.5483870967741935	0.9354838709677419	0.8064516129032258	NaN	0.5333333333333333	0.5333333333333333	0.8709677419354839	0.8064516129032258	0.7741935483870968	0.8064516129032258	NaN	0.8709677419354839	0.5483870967741935	0.8709677419354839	0.7777777777777778	0.7857142857142857	0.7419354838709677	0	0.8064516129032258	0.3333333333333333	0.5483870967741935	0.5483870967741935	NaN	0.8260869565217391	0.75	1.0	0.7894736842105263	0.8064516129032258	NaN	0.8260869565217391	0.8064516129032258	
0.5483870967741935	NaN	0.525	1.0	0.4090909090909091	0.525	0.35	0.2903225806451613	NaN	0.5666666666666667	0.5666666666666667	0.4838709677419355	0.2903225806451613	1.0	0.2903225806451613	NaN	0.8064516129032258	0.5483870967741935	0.8064516129032258	0.25925925925925924	0.35714285714285715	0.5483870967741935	0.8064516129032258	0	0.7142857142857143	0.5483870967741935	0.525	NaN	0.6521739130434783	0.8	1.0	0.7894736842105263	0.25	NaN	0.6521739130434783	0.55	
0.3333333333333333	NaN	0.3333333333333333	1.0	0.7142857142857143	0.3333333333333333	0.9047619047619048	0.7142857142857143	NaN	0.3333333333333333	0.3333333333333333	0.8095238095238095	0.7142857142857143	0.6666666666666666	0.7142857142857143	NaN	0.8095238095238095	0.7142857142857143	0.8095238095238095	0.7142857142857143	0.7142857142857143	0.7142857142857143	0.3333333333333333	0.7142857142857143	0	0.3333333333333333	0.3333333333333333	NaN	0.8095238095238095	0.75	1.0	0.7894736842105263	0.7142857142857143	NaN	0.8095238095238095	0.7142857142857143	
0.2903225806451613	NaN	0.2903225806451613	1.0	0.7272727272727273	0.2903225806451613	0.6774193548387096	0.5483870967741935	NaN	0.3	0.3	0.6129032258064516	0.4838709677419355	0.7741935483870968	0.4838709677419355	NaN	0.8709677419354839	0.7741935483870968	0.8064516129032258	0.5555555555555556	0.7142857142857143	0.7741935483870968	0.5483870967741935	0.5483870967741935	0.3333333333333333	0	0.2903225806451613	NaN	0.5652173913043478	0.75	1.0	0.7894736842105263	0.5483870967741935	NaN	0.5652173913043478	0.7419354838709677	
0.0	NaN	0.25	1.0	0.7272727272727273	0.0	0.625	0.5483870967741935	NaN	0.3	0.3	0.5483870967741935	0.5483870967741935	0.71875	0.5483870967741935	NaN	0.8709677419354839	0.8064516129032258	0.8709677419354839	0.5555555555555556	0.7142857142857143	0.8064516129032258	0.5483870967741935	0.525	0.3333333333333333	0.2903225806451613	0	NaN	0.6521739130434783	0.75	1.0	0.7894736842105263	0.525	NaN	0.6521739130434783	0.8	
NaN	NaN	NaN	NaN	NaN	NaN	NaN	NaN	NaN	NaN	NaN	NaN	NaN	NaN	NaN	NaN	NaN	NaN	NaN	NaN	NaN	NaN	NaN	NaN	NaN	NaN	NaN	0	NaN	NaN	NaN	NaN	NaN	NaN	NaN	NaN	
0.6521739130434783	NaN	0.6521739130434783	1.0	0.8181818181818182	0.6521739130434783	0.8260869565217391	0.6521739130434783	NaN	0.6521739130434783	0.6521739130434783	0.6521739130434783	0.5652173913043478	1.0	0.5652173913043478	NaN	0.8260869565217391	0.782608695652174	0.7391304347826086	0.6521739130434783	0.7391304347826086	0.782608695652174	0.8260869565217391	0.6521739130434783	0.8095238095238095	0.5652173913043478	0.6521739130434783	NaN	0	0.8	1.0	0.7894736842105263	0.6521739130434783	NaN	0.0	0.7391304347826086	
0.75	NaN	0.75	1.0	0.8	0.75	1.0	0.8	NaN	0.75	0.75	0.8	0.8	0.95	0.8	NaN	0.8	0.8	0.8	0.8	0.8	0.8	0.75	0.8	0.75	0.75	0.75	NaN	0.8	0	1.0	0.7368421052631579	0.8	NaN	0.8	0.8	
1.0	NaN	1.0	0.7272727272727273	1.0	1.0	1.0	1.0	NaN	1.0	1.0	1.0	1.0	1.0	1.0	NaN	1.0	1.0	1.0	1.0	1.0	1.0	1.0	1.0	1.0	1.0	1.0	NaN	1.0	1.0	0	1.0	1.0	NaN	1.0	1.0	
0.7894736842105263	NaN	0.7894736842105263	1.0	0.7894736842105263	0.7894736842105263	1.0	0.7894736842105263	NaN	0.7894736842105263	0.7894736842105263	0.7894736842105263	0.7894736842105263	1.0	0.7894736842105263	NaN	0.7894736842105263	0.7894736842105263	0.7894736842105263	0.7894736842105263	0.7894736842105263	0.7894736842105263	0.7894736842105263	0.7894736842105263	0.7894736842105263	0.7894736842105263	0.7894736842105263	NaN	0.7894736842105263	0.7368421052631579	1.0	0	0.7894736842105263	NaN	0.7894736842105263	0.7894736842105263	
0.5483870967741935	NaN	0.475	1.0	0.0	0.525	0.35	0.0	NaN	0.5666666666666667	0.5666666666666667	0.4838709677419355	0.2903225806451613	1.0	0.2903225806451613	NaN	0.5161290322580645	0.5483870967741935	0.8064516129032258	0.0	0.35714285714285715	0.5483870967741935	0.8064516129032258	0.25	0.7142857142857143	0.5483870967741935	0.525	NaN	0.6521739130434783	0.8	1.0	0.7894736842105263	0	NaN	0.6521739130434783	0.55	
NaN	NaN	NaN	NaN	NaN	NaN	NaN	NaN	NaN	NaN	NaN	NaN	NaN	NaN	NaN	NaN	NaN	NaN	NaN	NaN	NaN	NaN	NaN	NaN	NaN	NaN	NaN	NaN	NaN	NaN	NaN	NaN	NaN	0	NaN	NaN	
0.6521739130434783	NaN	0.6521739130434783	1.0	0.8181818181818182	0.6521739130434783	0.8260869565217391	0.6521739130434783	NaN	0.6521739130434783	0.6521739130434783	0.6521739130434783	0.5652173913043478	1.0	0.5652173913043478	NaN	0.8260869565217391	0.782608695652174	0.7391304347826086	0.6521739130434783	0.7391304347826086	0.782608695652174	0.8260869565217391	0.6521739130434783	0.8095238095238095	0.5652173913043478	0.6521739130434783	NaN	0.0	0.8	1.0	0.7894736842105263	0.6521739130434783	NaN	0	0.7391304347826086	
0.8064516129032258	NaN	0.8	1.0	0.4090909090909091	0.8	0.45	0.5806451612903226	NaN	0.8	0.8	0.7741935483870968	0.2903225806451613	1.0	0.2903225806451613	NaN	0.8387096774193549	0.3225806451612903	0.5483870967741935	0.5185185185185185	0.0	0.3225806451612903	0.8064516129032258	0.55	0.7142857142857143	0.7419354838709677	0.8	NaN	0.7391304347826086	0.8	1.0	0.7894736842105263	0.55	NaN	0.7391304347826086	0	
