0	NaN	0.40540540540540543	0.96875	0.5616438356164384	1.0	0.589041095890411	0.7636363636363637	NaN	0.5753424657534246	0.0	0.4520547945205479	0.0	0.5753424657534246	0.6986301369863014	0.5753424657534246	0.5753424657534246	0.7671232876712328	0.7397260273972602	0.5753424657534246	0.7924528301886793	0.5753424657534246	0.5616438356164384	0.5753424657534246	0.5616438356164384	0.684931506849315	0.7045454545454546	0.32608695652173914	0.7608695652173914	0.6206896551724138	0.5753424657534246	0.684931506849315	0.8095238095238095	
NaN	0	NaN	NaN	NaN	NaN	NaN	NaN	NaN	NaN	NaN	NaN	NaN	NaN	NaN	NaN	NaN	NaN	NaN	NaN	NaN	NaN	NaN	NaN	NaN	NaN	NaN	NaN	NaN	NaN	NaN	NaN	NaN	
0.40540540540540543	NaN	0	0.9375	0.40540540540540543	1.0	0.43243243243243246	0.8648648648648649	NaN	0.3783783783783784	0.0	0.40540540540540543	0.0	0.3783783783783784	0.3783783783783784	0.3783783783783784	0.3783783783783784	0.7837837837837838	0.7027027027027027	0.3783783783783784	0.918918918918919	0.3783783783783784	0.2972972972972973	0.3783783783783784	0.40540540540540543	0.6486486486486487	0.7027027027027027	0.3783783783783784	0.7297297297297297	0.3783783783783784	0.3783783783783784	0.43243243243243246	0.6486486486486487	
0.96875	NaN	0.9375	0	0.96875	1.0	0.84375	0.6875	NaN	0.84375	1.0	0.96875	1.0	0.6875	0.84375	0.84375	0.59375	1.0	0.84375	0.84375	0.84375	0.6875	0.78125	0.59375	0.96875	0.96875	1.0	0.6875	0.96875	0.6875	0.6875	0.84375	0.84375	
0.5616438356164384	NaN	0.40540540540540543	0.96875	0	0.94	0.410958904109589	0.4727272727272727	NaN	0.5342465753424658	0.0	0.5205479452054794	0.0	0.3972602739726027	0.6986301369863014	0.5342465753424658	0.3972602739726027	0.589041095890411	0.6986301369863014	0.5342465753424658	0.7358490566037735	0.3561643835616438	0.3972602739726027	0.3972602739726027	0.273972602739726	0.2876712328767123	0.4318181818181818	0.32608695652173914	0.6956521739130435	0.6206896551724138	0.3972602739726027	0.5068493150684932	0.8095238095238095	
1.0	NaN	1.0	1.0	0.94	0	0.94	0.94	NaN	1.0	1.0	1.0	1.0	0.94	1.0	1.0	0.94	0.94	1.0	1.0	1.0	0.94	0.94	0.94	0.94	1.0	0.9318181818181818	1.0	1.0	1.0	0.94	0.94	1.0	
0.589041095890411	NaN	0.43243243243243246	0.84375	0.410958904109589	0.94	0	0.45454545454545453	NaN	0.589041095890411	0.0	0.589041095890411	0.0	0.2602739726027397	0.7123287671232876	0.589041095890411	0.3424657534246575	0.589041095890411	0.7534246575342466	0.589041095890411	0.8113207547169812	0.3424657534246575	0.3424657534246575	0.3424657534246575	0.3698630136986301	0.6986301369863014	0.5454545454545454	0.2391304347826087	0.8043478260869565	0.5517241379310345	0.2602739726027397	0.3698630136986301	0.8253968253968254	
0.7636363636363637	NaN	0.8648648648648649	0.6875	0.4727272727272727	0.94	0.45454545454545453	0	NaN	0.32727272727272727	1.0	0.6909090909090909	1.0	0.36363636363636365	0.8545454545454545	0.32727272727272727	0.36363636363636365	0.5454545454545454	0.32727272727272727	0.32727272727272727	0.33962264150943394	0.0	0.41818181818181815	0.36363636363636365	0.5272727272727272	0.6909090909090909	0.7272727272727273	0.5217391304347826	0.9130434782608695	0.7636363636363637	0.36363636363636365	0.5818181818181818	0.8363636363636363	
NaN	NaN	NaN	NaN	NaN	NaN	NaN	NaN	0	NaN	NaN	NaN	NaN	NaN	NaN	NaN	NaN	NaN	NaN	NaN	NaN	NaN	NaN	NaN	NaN	NaN	NaN	NaN	NaN	NaN	NaN	NaN	NaN	
0.5753424657534246	NaN	0.3783783783783784	0.84375	0.5342465753424658	1.0	0.589041095890411	0.32727272727272727	NaN	0	0.0	0.5205479452054794	0.0	0.5205479452054794	0.6438356164383562	0.0	0.5205479452054794	0.7671232876712328	0.1643835616438356	0.2465753424657534	0.0	0.2465753424657534	0.5616438356164384	0.5205479452054794	0.5753424657534246	0.6575342465753424	0.7045454545454546	0.2391304347826087	0.782608695652174	0.5517241379310345	0.5205479452054794	0.684931506849315	0.7301587301587301	
0.0	NaN	0.0	1.0	0.0	1.0	0.0	1.0	NaN	0.0	0	0.0	0.0	0.0	0.0	0.0	0.0	1.0	0.9230769230769231	0.0	1.0	0.0	0.0	0.0	0.0	0.6923076923076923	0.7692307692307693	0.0	0.6923076923076923	0.0	0.0	0.0	0.5384615384615384	
0.4520547945205479	NaN	0.40540540540540543	0.96875	0.5205479452054794	1.0	0.589041095890411	0.6909090909090909	NaN	0.5205479452054794	0.0	0	0.0	0.5753424657534246	0.5342465753424658	0.5205479452054794	0.5753424657534246	0.7671232876712328	0.684931506849315	0.3424657534246575	0.7169811320754716	0.5205479452054794	0.5753424657534246	0.5753424657534246	0.5616438356164384	0.6438356164383562	0.7045454545454546	0.32608695652173914	0.7608695652173914	0.6206896551724138	0.5753424657534246	0.684931506849315	0.6190476190476191	
0.0	NaN	0.0	1.0	0.0	1.0	0.0	1.0	NaN	0.0	0.0	0.0	0	0.0	0.0	0.0	0.0	1.0	1.0	0.0	1.0	0.0	0.0	0.0	0.0	1.0	1.0	0.0	0.2	0.0	0.0	0.0	0.0	
0.5753424657534246	NaN	0.3783783783783784	0.6875	0.3972602739726027	0.94	0.2602739726027397	0.36363636363636365	NaN	0.5205479452054794	0.0	0.5753424657534246	0.0	0	0.6438356164383562	0.5205479452054794	0.273972602739726	0.589041095890411	0.684931506849315	0.5205479452054794	0.7169811320754716	0.273972602739726	0.3150684931506849	0.273972602739726	0.3561643835616438	0.684931506849315	0.5454545454545454	0.13043478260869565	0.782608695652174	0.4482758620689655	0.0	0.3698630136986301	0.746031746031746	
0.6986301369863014	NaN	0.3783783783783784	0.84375	0.6986301369863014	1.0	0.7123287671232876	0.8545454545454545	NaN	0.6438356164383562	0.0	0.5342465753424658	0.0	0.6438356164383562	0	0.6438356164383562	0.6438356164383562	0.8904109589041096	0.8082191780821918	0.410958904109589	0.8867924528301887	0.6438356164383562	0.684931506849315	0.6438356164383562	0.6986301369863014	0.821917808219178	0.75	0.43478260869565216	0.782608695652174	0.5517241379310345	0.6438356164383562	0.7123287671232876	0.31746031746031744	
0.5753424657534246	NaN	0.3783783783783784	0.84375	0.5342465753424658	1.0	0.589041095890411	0.32727272727272727	NaN	0.0	0.0	0.5205479452054794	0.0	0.5205479452054794	0.6438356164383562	0	0.5205479452054794	0.7671232876712328	0.1643835616438356	0.2465753424657534	0.0	0.2465753424657534	0.5616438356164384	0.5205479452054794	0.5753424657534246	0.6575342465753424	0.7045454545454546	0.2391304347826087	0.782608695652174	0.5517241379310345	0.5205479452054794	0.684931506849315	0.7301587301587301	
0.5753424657534246	NaN	0.3783783783783784	0.59375	0.3972602739726027	0.94	0.3424657534246575	0.36363636363636365	NaN	0.5205479452054794	0.0	0.5753424657534246	0.0	0.273972602739726	0.6438356164383562	0.5205479452054794	0	0.4931506849315068	0.684931506849315	0.5205479452054794	0.7169811320754716	0.273972602739726	0.3150684931506849	0.0	0.3972602739726027	0.684931506849315	0.5454545454545454	0.13043478260869565	0.782608695652174	0.46551724137931033	0.273972602739726	0.4383561643835616	0.746031746031746	
0.7671232876712328	NaN	0.7837837837837838	1.0	0.589041095890411	0.94	0.589041095890411	0.5454545454545454	NaN	0.7671232876712328	1.0	0.7671232876712328	1.0	0.589041095890411	0.8904109589041096	0.7671232876712328	0.4931506849315068	0	0.7671232876712328	0.7671232876712328	0.8113207547169812	0.589041095890411	0.589041095890411	0.4931506849315068	0.589041095890411	0.7534246575342466	0.5909090909090909	0.6304347826086957	0.8913043478260869	0.8620689655172413	0.589041095890411	0.6756756756756757	0.9206349206349206	
0.7397260273972602	NaN	0.7027027027027027	0.84375	0.6986301369863014	1.0	0.7534246575342466	0.32727272727272727	NaN	0.1643835616438356	0.9230769230769231	0.684931506849315	1.0	0.684931506849315	0.8082191780821918	0.1643835616438356	0.684931506849315	0.7671232876712328	0	0.410958904109589	0.0	0.410958904109589	0.726027397260274	0.684931506849315	0.7397260273972602	0.6986301369863014	0.75	0.5	0.8695652173913043	0.7586206896551724	0.684931506849315	0.8493150684931506	0.8253968253968254	
0.5753424657534246	NaN	0.3783783783783784	0.84375	0.5342465753424658	1.0	0.589041095890411	0.32727272727272727	NaN	0.2465753424657534	0.0	0.3424657534246575	0.0	0.5205479452054794	0.410958904109589	0.2465753424657534	0.5205479452054794	0.7671232876712328	0.410958904109589	0	0.33962264150943394	0.2465753424657534	0.5616438356164384	0.5205479452054794	0.5753424657534246	0.6575342465753424	0.7045454545454546	0.2391304347826087	0.782608695652174	0.5517241379310345	0.5205479452054794	0.684931506849315	0.4603174603174603	
0.7924528301886793	NaN	0.918918918918919	0.84375	0.7358490566037735	1.0	0.8113207547169812	0.33962264150943394	NaN	0.0	1.0	0.7169811320754716	1.0	0.7169811320754716	0.8867924528301887	0.0	0.7169811320754716	0.8113207547169812	0.0	0.33962264150943394	0	0.33962264150943394	0.7735849056603774	0.7169811320754716	0.7924528301886793	0.7358490566037735	0.9318181818181818	0.6739130434782609	0.9565217391304348	0.8867924528301887	0.7169811320754716	0.9433962264150944	0.8679245283018868	
0.5753424657534246	NaN	0.3783783783783784	0.6875	0.3561643835616438	0.94	0.3424657534246575	0.0	NaN	0.2465753424657534	0.0	0.5205479452054794	0.0	0.273972602739726	0.6438356164383562	0.2465753424657534	0.273972602739726	0.589041095890411	0.410958904109589	0.2465753424657534	0.33962264150943394	0	0.3150684931506849	0.273972602739726	0.3972602739726027	0.6438356164383562	0.5454545454545454	0.13043478260869565	0.782608695652174	0.46551724137931033	0.273972602739726	0.4383561643835616	0.7301587301587301	
0.5616438356164384	NaN	0.2972972972972973	0.78125	0.3972602739726027	0.94	0.3424657534246575	0.41818181818181815	NaN	0.5616438356164384	0.0	0.5753424657534246	0.0	0.3150684931506849	0.684931506849315	0.5616438356164384	0.3150684931506849	0.589041095890411	0.726027397260274	0.5616438356164384	0.7735849056603774	0.3150684931506849	0	0.3150684931506849	0.3972602739726027	0.684931506849315	0.5454545454545454	0.1956521739130435	0.782608695652174	0.5172413793103449	0.3150684931506849	0.4383561643835616	0.7936507936507936	
0.5753424657534246	NaN	0.3783783783783784	0.59375	0.3972602739726027	0.94	0.3424657534246575	0.36363636363636365	NaN	0.5205479452054794	0.0	0.5753424657534246	0.0	0.273972602739726	0.6438356164383562	0.5205479452054794	0.0	0.4931506849315068	0.684931506849315	0.5205479452054794	0.7169811320754716	0.273972602739726	0.3150684931506849	0	0.3972602739726027	0.684931506849315	0.5454545454545454	0.13043478260869565	0.782608695652174	0.46551724137931033	0.273972602739726	0.4383561643835616	0.746031746031746	
0.5616438356164384	NaN	0.40540540540540543	0.96875	0.273972602739726	0.94	0.3698630136986301	0.5272727272727272	NaN	0.5753424657534246	0.0	0.5616438356164384	0.0	0.3561643835616438	0.6986301369863014	0.5753424657534246	0.3972602739726027	0.589041095890411	0.7397260273972602	0.5753424657534246	0.7924528301886793	0.3972602739726027	0.3972602739726027	0.3972602739726027	0	0.5616438356164384	0.4318181818181818	0.32608695652173914	0.6956521739130435	0.6206896551724138	0.3561643835616438	0.4657534246575342	0.8095238095238095	
0.684931506849315	NaN	0.6486486486486487	0.96875	0.2876712328767123	1.0	0.6986301369863014	0.6909090909090909	NaN	0.6575342465753424	0.6923076923076923	0.6438356164383562	1.0	0.684931506849315	0.821917808219178	0.6575342465753424	0.684931506849315	0.7534246575342466	0.6986301369863014	0.6575342465753424	0.7358490566037735	0.6438356164383562	0.684931506849315	0.684931506849315	0.5616438356164384	0	0.5909090909090909	0.5217391304347826	0.782608695652174	0.7758620689655172	0.684931506849315	0.7945205479452054	0.9047619047619048	
0.7045454545454546	NaN	0.7027027027027027	1.0	0.4318181818181818	0.9318181818181818	0.5454545454545454	0.7272727272727273	NaN	0.7045454545454546	0.7692307692307693	0.7045454545454546	1.0	0.5454545454545454	0.75	0.7045454545454546	0.5454545454545454	0.5909090909090909	0.75	0.7045454545454546	0.9318181818181818	0.5454545454545454	0.5454545454545454	0.5454545454545454	0.4318181818181818	0.5909090909090909	0	0.7045454545454546	0.8863636363636364	0.75	0.5454545454545454	0.5227272727272727	0.8863636363636364	
0.32608695652173914	NaN	0.3783783783783784	0.6875	0.32608695652173914	1.0	0.2391304347826087	0.5217391304347826	NaN	0.2391304347826087	0.0	0.32608695652173914	0.0	0.13043478260869565	0.43478260869565216	0.2391304347826087	0.13043478260869565	0.6304347826086957	0.5	0.2391304347826087	0.6739130434782609	0.13043478260869565	0.1956521739130435	0.13043478260869565	0.32608695652173914	0.5217391304347826	0.7045454545454546	0	0.782608695652174	0.32608695652173914	0.13043478260869565	0.391304347826087	0.6521739130434783	
0.7608695652173914	NaN	0.7297297297297297	0.96875	0.6956521739130435	1.0	0.8043478260869565	0.9130434782608695	NaN	0.782608695652174	0.6923076923076923	0.7608695652173914	0.2	0.782608695652174	0.782608695652174	0.782608695652174	0.782608695652174	0.8913043478260869	0.8695652173913043	0.782608695652174	0.9565217391304348	0.782608695652174	0.782608695652174	0.782608695652174	0.6956521739130435	0.782608695652174	0.8863636363636364	0.782608695652174	0	0.5869565217391305	0.782608695652174	0.8043478260869565	0.782608695652174	
0.6206896551724138	NaN	0.3783783783783784	0.6875	0.6206896551724138	1.0	0.5517241379310345	0.7636363636363637	NaN	0.5517241379310345	0.0	0.6206896551724138	0.0	0.4482758620689655	0.5517241379310345	0.5517241379310345	0.46551724137931033	0.8620689655172413	0.7586206896551724	0.5517241379310345	0.8867924528301887	0.46551724137931033	0.5172413793103449	0.46551724137931033	0.6206896551724138	0.7758620689655172	0.75	0.32608695652173914	0.5869565217391305	0	0.4482758620689655	0.5517241379310345	0.7241379310344828	
0.5753424657534246	NaN	0.3783783783783784	0.6875	0.3972602739726027	0.94	0.2602739726027397	0.36363636363636365	NaN	0.5205479452054794	0.0	0.5753424657534246	0.0	0.0	0.6438356164383562	0.5205479452054794	0.273972602739726	0.589041095890411	0.684931506849315	0.5205479452054794	0.7169811320754716	0.273972602739726	0.3150684931506849	0.273972602739726	0.3561643835616438	0.684931506849315	0.5454545454545454	0.13043478260869565	0.782608695652174	0.4482758620689655	0	0.3698630136986301	0.746031746031746	
0.684931506849315	NaN	0.43243243243243246	0.84375	0.5068493150684932	0.94	0.3698630136986301	0.5818181818181818	NaN	0.684931506849315	0.0	0.684931506849315	0.0	0.3698630136986301	0.7123287671232876	0.684931506849315	0.4383561643835616	0.6756756756756757	0.8493150684931506	0.684931506849315	0.9433962264150944	0.4383561643835616	0.4383561643835616	0.4383561643835616	0.4657534246575342	0.7945205479452054	0.5227272727272727	0.391304347826087	0.8043478260869565	0.5517241379310345	0.3698630136986301	0	0.8253968253968254	
0.8095238095238095	NaN	0.6486486486486487	0.84375	0.8095238095238095	1.0	0.8253968253968254	0.8363636363636363	NaN	0.7301587301587301	0.5384615384615384	0.6190476190476191	0.0	0.746031746031746	0.31746031746031744	0.7301587301587301	0.746031746031746	0.9206349206349206	0.8253968253968254	0.4603174603174603	0.8679245283018868	0.7301587301587301	0.7936507936507936	0.746031746031746	0.8095238095238095	0.9047619047619048	0.8863636363636364	0.6521739130434783	0.782608695652174	0.7241379310344828	0.746031746031746	0.8253968253968254	0	
