0	0.45528455284552843	0.4765625	0.34375	0.34375	0.7734375	0.34375	0.375	0.47619047619047616	0.4666666666666667	0.5	0.8260869565217391	0.34375	0.9318181818181818	0.34375	0.38596491228070173	0.3464566929133858	0.58	0.7559055118110236	0.6626506024096386	0.3577981651376147	0.53125	0.38596491228070173	0.34375	0.34375	0.34375	0.5128205128205128	0.34375	0.5645161290322581	0.41818181818181815	0.36134453781512604	0.6141732283464567	0.34375	0.34375	0.34375	0.3671875	0.38596491228070173	
0.45528455284552843	0	0.13821138211382114	0.0975609756097561	0.0975609756097561	0.8048780487804879	0.0975609756097561	0.13008130081300814	0.047619047619047616	0.5166666666666667	0.3333333333333333	0.8260869565217391	0.0975609756097561	0.4772727272727273	0.0975609756097561	0.02631578947368421	0.3902439024390244	0.46	0.6829268292682927	0.46987951807228917	0.13761467889908258	0.42276422764227645	0.09649122807017543	0.0975609756097561	0.0975609756097561	0.0975609756097561	0.23076923076923078	0.0975609756097561	0.016129032258064516	0.03636363636363636	0.10084033613445378	0.2764227642276423	0.0975609756097561	0.0975609756097561	0.0975609756097561	0.21951219512195122	0.02631578947368421	
0.4765625	0.13821138211382114	0	0.13076923076923078	0.13076923076923078	0.8153846153846154	0.13076923076923078	0.11538461538461539	0.011904761904761904	0.48333333333333334	0.33076923076923076	0.8260869565217391	0.13076923076923078	0.4772727272727273	0.13076923076923078	0.043859649122807015	0.41732283464566927	0.49	0.6692913385826772	0.5180722891566265	0.1559633027522936	0.4453125	0.12280701754385964	0.13076923076923078	0.13076923076923078	0.13076923076923078	0.19658119658119658	0.13076923076923078	0.0	0.12727272727272726	0.13445378151260504	0.2755905511811024	0.13076923076923078	0.13076923076923078	0.13076923076923078	0.23846153846153847	0.043859649122807015	
0.34375	0.0975609756097561	0.13076923076923078	0	0.0	0.7461538461538462	0.0	0.03076923076923077	0.0	0.4166666666666667	0.2230769230769231	0.8260869565217391	0.0	0.4772727272727273	0.0	0.0	0.28346456692913385	0.37	0.6377952755905512	0.4457831325301205	0.0	0.3125	0.0	0.0	0.0	0.0	0.1794871794871795	0.0	0.0	0.0	0.0	0.2677165354330709	0.0	0.0	0.0	0.11538461538461539	0.0	
0.34375	0.0975609756097561	0.13076923076923078	0.0	0	0.7461538461538462	0.0	0.03076923076923077	0.0	0.4166666666666667	0.2230769230769231	0.8260869565217391	0.0	0.4772727272727273	0.0	0.0	0.28346456692913385	0.37	0.6377952755905512	0.4457831325301205	0.0	0.3125	0.0	0.0	0.0	0.0	0.1794871794871795	0.0	0.0	0.0	0.0	0.2677165354330709	0.0	0.0	0.0	0.11538461538461539	0.0	
0.7734375	0.8048780487804879	0.8153846153846154	0.7461538461538462	0.7461538461538462	0	0.7461538461538462	0.7769230769230769	0.7619047619047619	0.9083333333333333	0.8153846153846154	1.0	0.7461538461538462	0.8863636363636364	0.7461538461538462	0.7631578947368421	0.7795275590551181	0.82	0.9448818897637795	0.8072289156626506	0.7431192660550459	0.75	0.7719298245614035	0.7461538461538462	0.7461538461538462	0.7461538461538462	0.8205128205128205	0.7461538461538462	0.9032258064516129	0.7454545454545455	0.7815126050420168	0.889763779527559	0.7461538461538462	0.7461538461538462	0.7461538461538462	0.7923076923076923	0.7631578947368421	
0.34375	0.0975609756097561	0.13076923076923078	0.0	0.0	0.7461538461538462	0	0.03076923076923077	0.0	0.4166666666666667	0.2230769230769231	0.8260869565217391	0.0	0.4772727272727273	0.0	0.0	0.28346456692913385	0.37	0.6377952755905512	0.4457831325301205	0.0	0.3125	0.0	0.0	0.0	0.0	0.1794871794871795	0.0	0.0	0.0	0.0	0.2677165354330709	0.0	0.0	0.0	0.11538461538461539	0.0	
0.375	0.13008130081300814	0.11538461538461539	0.03076923076923077	0.03076923076923077	0.7769230769230769	0.03076923076923077	0	0.011904761904761904	0.39166666666666666	0.23076923076923078	0.8260869565217391	0.03076923076923077	0.4772727272727273	0.03076923076923077	0.03508771929824561	0.31496062992125984	0.4	0.6377952755905512	0.4819277108433735	0.03669724770642202	0.34375	0.03508771929824561	0.03076923076923077	0.03076923076923077	0.03076923076923077	0.18803418803418803	0.03076923076923077	0.0	0.07272727272727272	0.03361344537815126	0.2755905511811024	0.03076923076923077	0.03076923076923077	0.03076923076923077	0.13846153846153847	0.03508771929824561	
0.47619047619047616	0.047619047619047616	0.011904761904761904	0.0	0.0	0.7619047619047619	0.0	0.011904761904761904	0	0.5833333333333334	0.16666666666666666	0.8260869565217391	0.0	0.4772727272727273	0.0	0.03571428571428571	0.4166666666666667	0.5476190476190477	0.6666666666666666	0.5421686746987951	0.25	0.35714285714285715	0.03571428571428571	0.0	0.0	0.0	0.07142857142857142	0.0	0.0	0.16363636363636364	0.09523809523809523	0.2619047619047619	0.0	0.0	0.0	0.16666666666666666	0.03571428571428571	
0.4666666666666667	0.5166666666666667	0.48333333333333334	0.4166666666666667	0.4166666666666667	0.9083333333333333	0.4166666666666667	0.39166666666666666	0.5833333333333334	0	0.575	0.8260869565217391	0.4166666666666667	0.9090909090909091	0.4166666666666667	0.47368421052631576	0.275	0.67	0.7833333333333333	0.7831325301204819	0.43119266055045874	0.65	0.5	0.4166666666666667	0.4166666666666667	0.4166666666666667	0.5982905982905983	0.4166666666666667	0.5806451612903226	0.509090909090909	0.4369747899159664	0.6083333333333333	0.4166666666666667	0.4166666666666667	0.4166666666666667	0.4166666666666667	0.47368421052631576	
0.5	0.3333333333333333	0.33076923076923076	0.2230769230769231	0.2230769230769231	0.8153846153846154	0.2230769230769231	0.23076923076923078	0.16666666666666666	0.575	0	0.8260869565217391	0.2230769230769231	0.5227272727272727	0.2230769230769231	0.2543859649122807	0.4566929133858268	0.6	0.6377952755905512	0.6506024096385542	0.26605504587155965	0.3828125	0.23684210526315788	0.2230769230769231	0.2230769230769231	0.2230769230769231	0.24786324786324787	0.2230769230769231	0.016129032258064516	0.3090909090909091	0.24369747899159663	0.3937007874015748	0.2230769230769231	0.2230769230769231	0.2230769230769231	0.3384615384615385	0.2543859649122807	
0.8260869565217391	0.8260869565217391	0.8260869565217391	0.8260869565217391	0.8260869565217391	1.0	0.8260869565217391	0.8260869565217391	0.8260869565217391	0.8260869565217391	0.8260869565217391	0	0.8260869565217391	1.0	0.8260869565217391	0.8260869565217391	0.8260869565217391	0.8260869565217391	0.8260869565217391	0.8260869565217391	1.0	0.8260869565217391	0.8260869565217391	0.8260869565217391	0.8260869565217391	0.8260869565217391	0.8260869565217391	0.8260869565217391	0.8260869565217391	1.0	0.8260869565217391	0.8260869565217391	0.8260869565217391	0.8260869565217391	0.8260869565217391	0.8260869565217391	0.8260869565217391	
0.34375	0.0975609756097561	0.13076923076923078	0.0	0.0	0.7461538461538462	0.0	0.03076923076923077	0.0	0.4166666666666667	0.2230769230769231	0.8260869565217391	0	0.4772727272727273	0.0	0.0	0.28346456692913385	0.37	0.6377952755905512	0.4457831325301205	0.0	0.3125	0.0	0.0	0.0	0.0	0.1794871794871795	0.0	0.0	0.0	0.0	0.2677165354330709	0.0	0.0	0.0	0.11538461538461539	0.0	
0.9318181818181818	0.4772727272727273	0.4772727272727273	0.4772727272727273	0.4772727272727273	0.8863636363636364	0.4772727272727273	0.4772727272727273	0.4772727272727273	0.9090909090909091	0.5227272727272727	1.0	0.4772727272727273	0	0.4772727272727273	0.4772727272727273	0.8409090909090909	0.6363636363636364	0.8863636363636364	0.6363636363636364	0.4772727272727273	0.0	0.4772727272727273	0.4772727272727273	0.4772727272727273	0.4772727272727273	0.5	0.4772727272727273	0.5454545454545454	0.5681818181818182	0.4772727272727273	0.5227272727272727	0.4772727272727273	0.4772727272727273	0.4772727272727273	0.75	0.4772727272727273	
0.34375	0.0975609756097561	0.13076923076923078	0.0	0.0	0.7461538461538462	0.0	0.03076923076923077	0.0	0.4166666666666667	0.2230769230769231	0.8260869565217391	0.0	0.4772727272727273	0	0.0	0.28346456692913385	0.37	0.6377952755905512	0.4457831325301205	0.0	0.3125	0.0	0.0	0.0	0.0	0.1794871794871795	0.0	0.0	0.0	0.0	0.2677165354330709	0.0	0.0	0.0	0.11538461538461539	0.0	
0.38596491228070173	0.02631578947368421	0.043859649122807015	0.0	0.0	0.7631578947368421	0.0	0.03508771929824561	0.03571428571428571	0.47368421052631576	0.2543859649122807	0.8260869565217391	0.0	0.4772727272727273	0.0	0	0.3157894736842105	0.46	0.631578947368421	0.46987951807228917	0.11926605504587157	0.3508771929824561	0.08771929824561403	0.0	0.0	0.0	0.18421052631578946	0.0	0.0	0.03636363636363636	0.06140350877192982	0.19298245614035087	0.0	0.0	0.0	0.13157894736842105	0.0	
0.3464566929133858	0.3902439024390244	0.41732283464566927	0.28346456692913385	0.28346456692913385	0.7795275590551181	0.28346456692913385	0.31496062992125984	0.4166666666666667	0.275	0.4566929133858268	0.8260869565217391	0.28346456692913385	0.8409090909090909	0.28346456692913385	0.3157894736842105	0	0.56	0.7559055118110236	0.6626506024096386	0.28440366972477066	0.5039370078740157	0.3157894736842105	0.28346456692913385	0.28346456692913385	0.28346456692913385	0.4700854700854701	0.28346456692913385	0.46774193548387094	0.3090909090909091	0.29411764705882354	0.5511811023622047	0.28346456692913385	0.28346456692913385	0.28346456692913385	0.30708661417322836	0.3157894736842105	
0.58	0.46	0.49	0.37	0.37	0.82	0.37	0.4	0.5476190476190477	0.67	0.6	0.8260869565217391	0.37	0.6363636363636364	0.37	0.46	0.56	0	0.85	0.0	0.45	0.52	0.37	0.37	0.37	0.37	0.63	0.37	0.6290322580645161	0.4	0.37	0.63	0.37	0.37	0.37	0.47	0.46	
0.7559055118110236	0.6829268292682927	0.6692913385826772	0.6377952755905512	0.6377952755905512	0.9448818897637795	0.6377952755905512	0.6377952755905512	0.6666666666666666	0.7833333333333333	0.6377952755905512	0.8260869565217391	0.6377952755905512	0.8863636363636364	0.6377952755905512	0.631578947368421	0.7559055118110236	0.85	0	0.8433734939759037	0.7431192660550459	0.6614173228346457	0.6929824561403509	0.6377952755905512	0.6377952755905512	0.6377952755905512	0.6410256410256411	0.6377952755905512	0.5483870967741935	0.9090909090909091	0.680672268907563	0.6692913385826772	0.6377952755905512	0.6377952755905512	0.6377952755905512	0.6614173228346457	0.631578947368421	
0.6626506024096386	0.46987951807228917	0.5180722891566265	0.4457831325301205	0.4457831325301205	0.8072289156626506	0.4457831325301205	0.4819277108433735	0.5421686746987951	0.7831325301204819	0.6506024096385542	0.8260869565217391	0.4457831325301205	0.6363636363636364	0.4457831325301205	0.46987951807228917	0.6626506024096386	0.0	0.8433734939759037	0	0.5421686746987951	0.5542168674698795	0.4457831325301205	0.4457831325301205	0.4457831325301205	0.4457831325301205	0.6024096385542169	0.4457831325301205	0.6290322580645161	0.4	0.4457831325301205	0.6867469879518072	0.4457831325301205	0.4457831325301205	0.4457831325301205	0.5662650602409639	0.46987951807228917	
0.3577981651376147	0.13761467889908258	0.1559633027522936	0.0	0.0	0.7431192660550459	0.0	0.03669724770642202	0.25	0.43119266055045874	0.26605504587155965	1.0	0.0	0.4772727272727273	0.0	0.11926605504587157	0.28440366972477066	0.45	0.7431192660550459	0.5421686746987951	0	0.3669724770642202	0.11926605504587157	0.0	0.0	0.0	0.3119266055045872	0.0	0.2903225806451613	0.0	0.027522935779816515	0.3119266055045872	0.0	0.0	0.0	0.13761467889908258	0.11926605504587157	
0.53125	0.42276422764227645	0.4453125	0.3125	0.3125	0.75	0.3125	0.34375	0.35714285714285715	0.65	0.3828125	0.8260869565217391	0.3125	0.0	0.3125	0.3508771929824561	0.5039370078740157	0.52	0.6614173228346457	0.5542168674698795	0.3669724770642202	0	0.34210526315789475	0.3125	0.3125	0.3125	0.42735042735042733	0.3125	0.3387096774193548	0.43636363636363634	0.33613445378151263	0.5118110236220472	0.3125	0.3125	0.3125	0.4296875	0.3508771929824561	
0.38596491228070173	0.09649122807017543	0.12280701754385964	0.0	0.0	0.7719298245614035	0.0	0.03508771929824561	0.03571428571428571	0.5	0.23684210526315788	0.8260869565217391	0.0	0.4772727272727273	0.0	0.08771929824561403	0.3157894736842105	0.37	0.6929824561403509	0.4457831325301205	0.11926605504587157	0.34210526315789475	0	0.0	0.0	0.0	0.2543859649122807	0.0	0.0	0.0	0.043859649122807015	0.2719298245614035	0.0	0.0	0.0	0.13157894736842105	0.08771929824561403	
0.34375	0.0975609756097561	0.13076923076923078	0.0	0.0	0.7461538461538462	0.0	0.03076923076923077	0.0	0.4166666666666667	0.2230769230769231	0.8260869565217391	0.0	0.4772727272727273	0.0	0.0	0.28346456692913385	0.37	0.6377952755905512	0.4457831325301205	0.0	0.3125	0.0	0	0.0	0.0	0.1794871794871795	0.0	0.0	0.0	0.0	0.2677165354330709	0.0	0.0	0.0	0.11538461538461539	0.0	
0.34375	0.0975609756097561	0.13076923076923078	0.0	0.0	0.7461538461538462	0.0	0.03076923076923077	0.0	0.4166666666666667	0.2230769230769231	0.8260869565217391	0.0	0.4772727272727273	0.0	0.0	0.28346456692913385	0.37	0.6377952755905512	0.4457831325301205	0.0	0.3125	0.0	0.0	0	0.0	0.1794871794871795	0.0	0.0	0.0	0.0	0.2677165354330709	0.0	0.0	0.0	0.11538461538461539	0.0	
0.34375	0.0975609756097561	0.13076923076923078	0.0	0.0	0.7461538461538462	0.0	0.03076923076923077	0.0	0.4166666666666667	0.2230769230769231	0.8260869565217391	0.0	0.4772727272727273	0.0	0.0	0.28346456692913385	0.37	0.6377952755905512	0.4457831325301205	0.0	0.3125	0.0	0.0	0.0	0	0.1794871794871795	0.0	0.0	0.0	0.0	0.2677165354330709	0.0	0.0	0.0	0.11538461538461539	0.0	
0.5128205128205128	0.23076923076923078	0.19658119658119658	0.1794871794871795	0.1794871794871795	0.8205128205128205	0.1794871794871795	0.18803418803418803	0.07142857142857142	0.5982905982905983	0.24786324786324787	0.8260869565217391	0.1794871794871795	0.5	0.1794871794871795	0.18421052631578946	0.4700854700854701	0.63	0.6410256410256411	0.6024096385542169	0.3119266055045872	0.42735042735042733	0.2543859649122807	0.1794871794871795	0.1794871794871795	0.1794871794871795	0	0.1794871794871795	0.0	0.23636363636363636	0.26495726495726496	0.3333333333333333	0.1794871794871795	0.1794871794871795	0.1794871794871795	0.3076923076923077	0.18421052631578946	
0.34375	0.0975609756097561	0.13076923076923078	0.0	0.0	0.7461538461538462	0.0	0.03076923076923077	0.0	0.4166666666666667	0.2230769230769231	0.8260869565217391	0.0	0.4772727272727273	0.0	0.0	0.28346456692913385	0.37	0.6377952755905512	0.4457831325301205	0.0	0.3125	0.0	0.0	0.0	0.0	0.1794871794871795	0	0.0	0.0	0.0	0.2677165354330709	0.0	0.0	0.0	0.11538461538461539	0.0	
0.5645161290322581	0.016129032258064516	0.0	0.0	0.0	0.9032258064516129	0.0	0.0	0.0	0.5806451612903226	0.016129032258064516	0.8260869565217391	0.0	0.5454545454545454	0.0	0.0	0.46774193548387094	0.6290322580645161	0.5483870967741935	0.6290322580645161	0.2903225806451613	0.3387096774193548	0.0	0.0	0.0	0.0	0.0	0.0	0	0.4	0.08064516129032258	0.08064516129032258	0.0	0.0	0.0	0.1935483870967742	0.0	
0.41818181818181815	0.03636363636363636	0.12727272727272726	0.0	0.0	0.7454545454545455	0.0	0.07272727272727272	0.16363636363636364	0.509090909090909	0.3090909090909091	1.0	0.0	0.5681818181818182	0.0	0.03636363636363636	0.3090909090909091	0.4	0.9090909090909091	0.4	0.0	0.43636363636363634	0.0	0.0	0.0	0.0	0.23636363636363636	0.0	0.4	0	0.0	0.38181818181818183	0.0	0.0	0.0	0.18181818181818182	0.03636363636363636	
0.36134453781512604	0.10084033613445378	0.13445378151260504	0.0	0.0	0.7815126050420168	0.0	0.03361344537815126	0.09523809523809523	0.4369747899159664	0.24369747899159663	0.8260869565217391	0.0	0.4772727272727273	0.0	0.06140350877192982	0.29411764705882354	0.37	0.680672268907563	0.4457831325301205	0.027522935779816515	0.33613445378151263	0.043859649122807015	0.0	0.0	0.0	0.26495726495726496	0.0	0.08064516129032258	0.0	0	0.2773109243697479	0.0	0.0	0.0	0.12605042016806722	0.06140350877192982	
0.6141732283464567	0.2764227642276423	0.2755905511811024	0.2677165354330709	0.2677165354330709	0.889763779527559	0.2677165354330709	0.2755905511811024	0.2619047619047619	0.6083333333333333	0.3937007874015748	0.8260869565217391	0.2677165354330709	0.5227272727272727	0.2677165354330709	0.19298245614035087	0.5511811023622047	0.63	0.6692913385826772	0.6867469879518072	0.3119266055045872	0.5118110236220472	0.2719298245614035	0.2677165354330709	0.2677165354330709	0.2677165354330709	0.3333333333333333	0.2677165354330709	0.08064516129032258	0.38181818181818183	0.2773109243697479	0	0.2677165354330709	0.2677165354330709	0.2677165354330709	0.3858267716535433	0.19298245614035087	
0.34375	0.0975609756097561	0.13076923076923078	0.0	0.0	0.7461538461538462	0.0	0.03076923076923077	0.0	0.4166666666666667	0.2230769230769231	0.8260869565217391	0.0	0.4772727272727273	0.0	0.0	0.28346456692913385	0.37	0.6377952755905512	0.4457831325301205	0.0	0.3125	0.0	0.0	0.0	0.0	0.1794871794871795	0.0	0.0	0.0	0.0	0.2677165354330709	0	0.0	0.0	0.11538461538461539	0.0	
0.34375	0.0975609756097561	0.13076923076923078	0.0	0.0	0.7461538461538462	0.0	0.03076923076923077	0.0	0.4166666666666667	0.2230769230769231	0.8260869565217391	0.0	0.4772727272727273	0.0	0.0	0.28346456692913385	0.37	0.6377952755905512	0.4457831325301205	0.0	0.3125	0.0	0.0	0.0	0.0	0.1794871794871795	0.0	0.0	0.0	0.0	0.2677165354330709	0.0	0	0.0	0.11538461538461539	0.0	
0.34375	0.0975609756097561	0.13076923076923078	0.0	0.0	0.7461538461538462	0.0	0.03076923076923077	0.0	0.4166666666666667	0.2230769230769231	0.8260869565217391	0.0	0.4772727272727273	0.0	0.0	0.28346456692913385	0.37	0.6377952755905512	0.4457831325301205	0.0	0.3125	0.0	0.0	0.0	0.0	0.1794871794871795	0.0	0.0	0.0	0.0	0.2677165354330709	0.0	0.0	0	0.11538461538461539	0.0	
0.3671875	0.21951219512195122	0.23846153846153847	0.11538461538461539	0.11538461538461539	0.7923076923076923	0.11538461538461539	0.13846153846153847	0.16666666666666666	0.4166666666666667	0.3384615384615385	0.8260869565217391	0.11538461538461539	0.75	0.11538461538461539	0.13157894736842105	0.30708661417322836	0.47	0.6614173228346457	0.5662650602409639	0.13761467889908258	0.4296875	0.13157894736842105	0.11538461538461539	0.11538461538461539	0.11538461538461539	0.3076923076923077	0.11538461538461539	0.1935483870967742	0.18181818181818182	0.12605042016806722	0.3858267716535433	0.11538461538461539	0.11538461538461539	0.11538461538461539	0	0.13157894736842105	
0.38596491228070173	0.02631578947368421	0.043859649122807015	0.0	0.0	0.7631578947368421	0.0	0.03508771929824561	0.03571428571428571	0.47368421052631576	0.2543859649122807	0.8260869565217391	0.0	0.4772727272727273	0.0	0.0	0.3157894736842105	0.46	0.631578947368421	0.46987951807228917	0.11926605504587157	0.3508771929824561	0.08771929824561403	0.0	0.0	0.0	0.18421052631578946	0.0	0.0	0.03636363636363636	0.06140350877192982	0.19298245614035087	0.0	0.0	0.0	0.13157894736842105	0	
