0	0.9753086419753086	0.9901960784313726	0.9629629629629629	0.9895833333333334	0.9502762430939227	0.9467455621301775	0.9533678756476683	0.9558823529411765	1.0	0.8108108108108109	0.9704142011834319	NaN	0.9411764705882353	1.0	0.9467455621301775	0.9745762711864406	0.9533333333333334	0.9467455621301775	1.0	1.0	0.9467455621301775	NaN	0.9606299212598425	0.9433962264150944	0.9617486338797814	0.9433962264150944	NaN	0.8214285714285714	0.9881656804733728	0.9502762430939227	NaN	0.9482758620689655	0.9901960784313726	1.0	0.989247311827957	0.9482758620689655	0.9881656804733728	0.9573170731707317	0.9594594594594594	0.991869918699187	0.9754901960784313	0.9813664596273292	0.0	0.9479768786127167	0.9881656804733728	0.988950276243094	0.9873417721518988	
0.9753086419753086	0	0.345679012345679	0.0	0.14814814814814814	0.3950617283950617	0.6049382716049383	0.0	0.0	0.32786885245901637	1.0	0.25925925925925924	NaN	0.8518518518518519	0.2857142857142857	0.25925925925925924	0.5925925925925926	0.4444444444444444	0.25925925925925924	0.4594594594594595	0.0	0.25925925925925924	NaN	0.7654320987654321	0.25925925925925924	0.32098765432098764	0.25925925925925924	NaN	1.0	0.25925925925925924	0.5555555555555556	NaN	0.14814814814814814	0.49382716049382713	0.0	0.9382716049382716	0.0	0.14814814814814814	0.12345679012345678	0.7297297297297297	0.8518518518518519	0.0	0.2962962962962963	1.0	0.691358024691358	0.14814814814814814	0.7283950617283951	0.25925925925925924	
0.9901960784313726	0.345679012345679	0	0.41798941798941797	0.5677083333333334	0.7513812154696132	0.46745562130177515	0.39896373056994816	0.375609756097561	0.32786885245901637	0.5675675675675675	0.35502958579881655	NaN	0.6302521008403361	0.2857142857142857	0.4437869822485207	0.8305084745762712	0.6	0.3727810650887574	0.5405405405405406	0.0	0.35502958579881655	NaN	0.5669291338582677	0.37735849056603776	0.5355191256830601	0.37735849056603776	NaN	0.42857142857142855	0.3727810650887574	0.4585635359116022	NaN	0.40229885057471265	0.3619047619047619	0.0	0.9408602150537635	0.3333333333333333	0.4556213017751479	0.36585365853658536	0.6621621621621622	0.6585365853658537	0.375609756097561	0.5590062111801242	1.0	0.5144508670520231	0.4556213017751479	0.6132596685082873	0.3987341772151899	
0.9629629629629629	0.0	0.41798941798941797	0	0.3915343915343915	0.5414364640883977	0.46745562130177515	0.1693121693121693	0.10582010582010581	0.0	0.32432432432432434	0.3727810650887574	NaN	0.5966386554621849	0.2857142857142857	0.40828402366863903	0.6101694915254238	0.42	0.2603550295857988	0.02702702702702703	0.0	0.24260355029585798	NaN	0.48031496062992124	0.2578616352201258	0.41530054644808745	0.2578616352201258	NaN	0.21428571428571427	0.40828402366863903	0.47513812154696133	NaN	0.1839080459770115	0.5925925925925926	0.0	0.9301075268817204	0.11494252873563218	0.3727810650887574	0.15853658536585366	0.527027027027027	0.6504065040650406	0.2222222222222222	0.391304347826087	0.6666666666666666	0.5202312138728323	0.3727810650887574	0.6298342541436464	0.310126582278481	
0.9895833333333334	0.14814814814814814	0.5677083333333334	0.3915343915343915	0	0.5911602209944752	0.5562130177514792	0.3020833333333333	0.3020833333333333	0.08196721311475409	0.5675675675675675	0.33727810650887574	NaN	0.7563025210084033	0.2857142857142857	0.23076923076923078	0.6949152542372882	0.5	0.3431952662721893	0.10810810810810811	0.631578947368421	0.3254437869822485	NaN	0.7007874015748031	0.34591194968553457	0.4426229508196721	0.34591194968553457	NaN	0.5	0.3609467455621302	0.5580110497237569	NaN	0.26436781609195403	0.5104166666666666	0.0	0.9301075268817204	0.3333333333333333	0.3136094674556213	0.3902439024390244	0.581081081081081	0.7804878048780488	0.3125	0.4658385093167702	1.0	0.6647398843930635	0.3136094674556213	0.7071823204419889	0.34810126582278483	
0.9502762430939227	0.3950617283950617	0.7513812154696132	0.5414364640883977	0.5911602209944752	0	0.6982248520710059	0.5303867403314917	0.5303867403314917	0.32786885245901637	0.4594594594594595	0.591715976331361	NaN	0.8151260504201681	0.2857142857142857	0.5562130177514792	0.7033898305084746	0.7066666666666667	0.5680473372781065	0.2702702702702703	0.6842105263157895	0.5502958579881657	NaN	0.6929133858267716	0.5849056603773585	0.6408839779005525	0.5849056603773585	NaN	0.21428571428571427	0.6331360946745562	0.7458563535911602	NaN	0.5114942528735632	0.7071823204419889	0.14285714285714285	0.9613259668508287	0.5114942528735632	0.5857988165680473	0.5609756097560976	0.5945945945945946	0.8455284552845529	0.569060773480663	0.6708074534161491	0.0	0.7052023121387283	0.5857988165680473	0.8674033149171271	0.6518987341772152	
0.9467455621301775	0.6049382716049383	0.46745562130177515	0.46745562130177515	0.5562130177514792	0.6982248520710059	0	0.34911242603550297	0.34911242603550297	0.4918032786885246	0.2972972972972973	0.378698224852071	NaN	0.5630252100840336	0.2857142857142857	0.4260355029585799	0.7457627118644068	0.49333333333333335	0.25443786982248523	0.7837837837837838	0.631578947368421	0.23668639053254437	NaN	0.48031496062992124	0.25157232704402516	0.4911242603550296	0.25157232704402516	NaN	0.21428571428571427	0.41420118343195267	0.3668639053254438	NaN	0.28994082840236685	0.48520710059171596	0.0	0.9349112426035503	0.34911242603550297	0.4911242603550296	0.38414634146341464	0.6351351351351351	0.7235772357723578	0.4911242603550296	0.4161490683229814	0.0	0.47928994082840237	0.4911242603550296	0.7633136094674556	0.31645569620253167	
0.9533678756476683	0.0	0.39896373056994816	0.1693121693121693	0.3020833333333333	0.5303867403314917	0.34911242603550297	0	0.0	0.0	0.2702702702702703	0.26627218934911245	NaN	0.4789915966386555	0.2857142857142857	0.31952662721893493	0.5932203389830508	0.3	0.14201183431952663	0.0	0.0	0.1242603550295858	NaN	0.48031496062992124	0.1320754716981132	0.3770491803278688	0.1320754716981132	NaN	0.21428571428571427	0.30177514792899407	0.430939226519337	NaN	0.06896551724137931	0.5077720207253886	0.0	0.9301075268817204	0.0	0.27218934911242604	0.036585365853658534	0.35135135135135137	0.7235772357723578	0.12435233160621761	0.37267080745341613	0.0	0.4046242774566474	0.27218934911242604	0.6961325966850829	0.1962025316455696	
0.9558823529411765	0.0	0.375609756097561	0.10582010582010581	0.3020833333333333	0.5303867403314917	0.34911242603550297	0.0	0	0.0	0.2702702702702703	0.26627218934911245	NaN	0.4789915966386555	0.2857142857142857	0.31952662721893493	0.5932203389830508	0.3	0.14201183431952663	0.0	0.0	0.1242603550295858	NaN	0.48031496062992124	0.1320754716981132	0.3114754098360656	0.1320754716981132	NaN	0.21428571428571427	0.30177514792899407	0.36464088397790057	NaN	0.06896551724137931	0.5365853658536586	0.0	0.9301075268817204	0.0	0.27218934911242604	0.036585365853658534	0.35135135135135137	0.6260162601626016	0.11707317073170732	0.37267080745341613	0.0	0.4046242774566474	0.27218934911242604	0.6298342541436464	0.1962025316455696	
1.0	0.32786885245901637	0.32786885245901637	0.0	0.08196721311475409	0.32786885245901637	0.4918032786885246	0.0	0.0	0	1.0	0.01639344262295082	NaN	0.5245901639344263	0.2857142857142857	0.08196721311475409	0.47540983606557374	0.18032786885245902	0.01639344262295082	0.02702702702702703	0.5789473684210527	0.01639344262295082	NaN	0.6065573770491803	0.01639344262295082	0.36065573770491804	0.01639344262295082	NaN	1.0	0.01639344262295082	0.6065573770491803	NaN	0.01639344262295082	0.4098360655737705	0.0	1.0	0.0	0.01639344262295082	0.0	0.5245901639344263	0.7540983606557377	0.0	0.3114754098360656	1.0	0.7377049180327869	0.01639344262295082	0.6885245901639344	0.01639344262295082	
0.8108108108108109	1.0	0.5675675675675675	0.32432432432432434	0.5675675675675675	0.4594594594594595	0.2972972972972973	0.2702702702702703	0.2702702702702703	1.0	0	0.4864864864864865	NaN	0.7297297297297297	1.0	0.4864864864864865	0.918918918918919	0.7297297297297297	0.2972972972972973	1.0	1.0	0.2972972972972973	NaN	0.5135135135135135	0.3783783783783784	0.43243243243243246	0.3783783783783784	NaN	0.4642857142857143	0.5945945945945946	0.2972972972972973	NaN	0.2702702702702703	0.6216216216216216	1.0	0.7837837837837838	0.2702702702702703	0.7837837837837838	0.2702702702702703	0.8378378378378378	0.5675675675675675	0.4594594594594595	0.5135135135135135	0.0	0.2702702702702703	0.7837837837837838	0.6216216216216216	0.6756756756756757	
0.9704142011834319	0.25925925925925924	0.35502958579881655	0.3727810650887574	0.33727810650887574	0.591715976331361	0.378698224852071	0.26627218934911245	0.26627218934911245	0.01639344262295082	0.4864864864864865	0	NaN	0.6050420168067226	0.2857142857142857	0.23076923076923078	0.6864406779661016	0.36666666666666664	0.15976331360946747	0.0	0.631578947368421	0.14201183431952663	NaN	0.6535433070866141	0.1509433962264151	0.40828402366863903	0.1509433962264151	NaN	0.2857142857142857	0.1834319526627219	0.3668639053254438	NaN	0.1952662721893491	0.42011834319526625	0.0	0.9349112426035503	0.26627218934911245	0.26627218934911245	0.3170731707317073	0.35135135135135137	0.7398373983739838	0.1242603550295858	0.36645962732919257	1.0	0.6153846153846154	0.26627218934911245	0.6627218934911243	0.189873417721519	
NaN	NaN	NaN	NaN	NaN	NaN	NaN	NaN	NaN	NaN	NaN	NaN	0	NaN	NaN	NaN	NaN	NaN	NaN	NaN	NaN	NaN	NaN	NaN	NaN	NaN	NaN	NaN	NaN	NaN	NaN	NaN	NaN	NaN	NaN	NaN	NaN	NaN	NaN	NaN	NaN	NaN	NaN	NaN	NaN	NaN	NaN	NaN	
0.9411764705882353	0.8518518518518519	0.6302521008403361	0.5966386554621849	0.7563025210084033	0.8151260504201681	0.5630252100840336	0.4789915966386555	0.4789915966386555	0.5245901639344263	0.7297297297297297	0.6050420168067226	NaN	0	0.0	0.6050420168067226	0.8559322033898306	0.3949579831932773	0.4789915966386555	0.5405405405405406	0.7368421052631579	0.4789915966386555	NaN	0.7226890756302521	0.4789915966386555	0.680672268907563	0.4789915966386555	NaN	0.7142857142857143	0.6218487394957983	0.6470588235294118	NaN	0.4789915966386555	0.680672268907563	0.2857142857142857	1.0	0.4789915966386555	0.6386554621848739	0.4789915966386555	0.6486486486486487	0.9159663865546218	0.6050420168067226	0.7563025210084033	0.0	0.6554621848739496	0.6386554621848739	0.8319327731092437	0.5630252100840336	
1.0	0.2857142857142857	0.2857142857142857	0.2857142857142857	0.2857142857142857	0.2857142857142857	0.2857142857142857	0.2857142857142857	0.2857142857142857	0.2857142857142857	1.0	0.2857142857142857	NaN	0.0	0	0.2857142857142857	1.0	0.0	0.2857142857142857	1.0	0.2857142857142857	0.2857142857142857	NaN	0.2857142857142857	0.2857142857142857	0.2857142857142857	0.2857142857142857	NaN	1.0	0.2857142857142857	0.2857142857142857	NaN	0.2857142857142857	0.2857142857142857	0.2857142857142857	1.0	0.2857142857142857	0.2857142857142857	0.2857142857142857	1.0	0.8571428571428571	0.2857142857142857	0.2857142857142857	1.0	1.0	0.2857142857142857	1.0	0.2857142857142857	
0.9467455621301775	0.25925925925925924	0.4437869822485207	0.40828402366863903	0.23076923076923078	0.5562130177514792	0.4260355029585799	0.31952662721893493	0.31952662721893493	0.08196721311475409	0.4864864864864865	0.23076923076923078	NaN	0.6050420168067226	0.2857142857142857	0	0.6779661016949152	0.38666666666666666	0.21301775147928995	0.10810810810810811	0.631578947368421	0.1952662721893491	NaN	0.5905511811023622	0.20754716981132076	0.378698224852071	0.20754716981132076	NaN	0.0	0.27218934911242604	0.39644970414201186	NaN	0.2485207100591716	0.47337278106508873	0.0	0.9704142011834319	0.31952662721893493	0.33136094674556216	0.3719512195121951	0.3783783783783784	0.7967479674796748	0.35502958579881655	0.422360248447205	0.0	0.6568047337278107	0.33136094674556216	0.6982248520710059	0.2721518987341772	
0.9745762711864406	0.5925925925925926	0.8305084745762712	0.6101694915254238	0.6949152542372882	0.7033898305084746	0.7457627118644068	0.5932203389830508	0.5932203389830508	0.47540983606557374	0.918918918918919	0.6864406779661016	NaN	0.8559322033898306	1.0	0.6779661016949152	0	0.711864406779661	0.6016949152542372	0.43243243243243246	1.0	0.6016949152542372	NaN	0.8135593220338984	0.6016949152542372	0.7203389830508474	0.6016949152542372	NaN	0.9642857142857143	0.6779661016949152	0.9067796610169492	NaN	0.5932203389830508	0.8389830508474576	1.0	1.0	0.5932203389830508	0.6610169491525424	0.5932203389830508	0.7027027027027027	0.7372881355932204	0.6779661016949152	0.4152542372881356	0.0	0.7627118644067796	0.6610169491525424	0.9745762711864406	0.6271186440677966	
0.9533333333333334	0.4444444444444444	0.6	0.42	0.5	0.7066666666666667	0.49333333333333335	0.3	0.3	0.18032786885245902	0.7297297297297297	0.36666666666666664	NaN	0.3949579831932773	0.0	0.38666666666666666	0.711864406779661	0	0.23333333333333334	0.0	0.7368421052631579	0.23333333333333334	NaN	0.7007874015748031	0.23333333333333334	0.4666666666666667	0.23333333333333334	NaN	0.7142857142857143	0.38	0.4666666666666667	NaN	0.22	0.6133333333333333	0.2857142857142857	0.9866666666666667	0.3	0.38	0.32666666666666666	0.36486486486486486	0.9105691056910569	0.43333333333333335	0.49333333333333335	0.0	0.6533333333333333	0.38	0.7866666666666666	0.3	
0.9467455621301775	0.25925925925925924	0.3727810650887574	0.2603550295857988	0.3431952662721893	0.5680473372781065	0.25443786982248523	0.14201183431952663	0.14201183431952663	0.01639344262295082	0.2972972972972973	0.15976331360946747	NaN	0.4789915966386555	0.2857142857142857	0.21301775147928995	0.6016949152542372	0.23333333333333334	0	0.0	0.631578947368421	0.01775147928994083	NaN	0.5039370078740157	0.0	0.3668639053254438	0.0	NaN	0.32142857142857145	0.15976331360946747	0.28402366863905326	NaN	0.07100591715976332	0.44970414201183434	0.0	0.9349112426035503	0.14201183431952663	0.27218934911242604	0.17073170731707318	0.35135135135135137	0.7235772357723578	0.28402366863905326	0.2484472049689441	0.0	0.4556213017751479	0.27218934911242604	0.6804733727810651	0.06329113924050633	
1.0	0.4594594594594595	0.5405405405405406	0.02702702702702703	0.10810810810810811	0.2702702702702703	0.7837837837837838	0.0	0.0	0.02702702702702703	1.0	0.0	NaN	0.5405405405405406	1.0	0.10810810810810811	0.43243243243243246	0.0	0.0	0	1.0	0.0	NaN	0.918918918918919	0.0	0.4864864864864865	0.0	NaN	1.0	0.0	0.7567567567567568	NaN	0.0	0.6486486486486487	1.0	1.0	0.0	0.0	0.0	0.24324324324324326	0.972972972972973	0.0	0.43243243243243246	1.0	0.8108108108108109	0.0	0.7297297297297297	0.0	
1.0	0.0	0.0	0.0	0.631578947368421	0.6842105263157895	0.631578947368421	0.0	0.0	0.5789473684210527	1.0	0.631578947368421	NaN	0.7368421052631579	0.2857142857142857	0.631578947368421	1.0	0.7368421052631579	0.631578947368421	1.0	0	0.631578947368421	NaN	0.631578947368421	0.631578947368421	0.631578947368421	0.631578947368421	NaN	1.0	0.631578947368421	0.631578947368421	NaN	0.631578947368421	0.631578947368421	0.0	1.0	0.0	0.631578947368421	0.0	1.0	0.8421052631578947	0.0	0.631578947368421	1.0	0.9473684210526315	0.631578947368421	1.0	0.631578947368421	
0.9467455621301775	0.25925925925925924	0.35502958579881655	0.24260355029585798	0.3254437869822485	0.5502958579881657	0.23668639053254437	0.1242603550295858	0.1242603550295858	0.01639344262295082	0.2972972972972973	0.14201183431952663	NaN	0.4789915966386555	0.2857142857142857	0.1952662721893491	0.6016949152542372	0.23333333333333334	0.01775147928994083	0.0	0.631578947368421	0	NaN	0.48031496062992124	0.0	0.34911242603550297	0.0	NaN	0.21428571428571427	0.17751479289940827	0.26627218934911245	NaN	0.05325443786982249	0.4319526627218935	0.0	0.9349112426035503	0.1242603550295858	0.25443786982248523	0.17073170731707318	0.35135135135135137	0.7235772357723578	0.26627218934911245	0.2422360248447205	0.0	0.47337278106508873	0.25443786982248523	0.6627218934911243	0.06329113924050633	
NaN	NaN	NaN	NaN	NaN	NaN	NaN	NaN	NaN	NaN	NaN	NaN	NaN	NaN	NaN	NaN	NaN	NaN	NaN	NaN	NaN	NaN	0	NaN	NaN	NaN	NaN	NaN	NaN	NaN	NaN	NaN	NaN	NaN	NaN	NaN	NaN	NaN	NaN	NaN	NaN	NaN	NaN	NaN	NaN	NaN	NaN	NaN	
0.9606299212598425	0.7654320987654321	0.5669291338582677	0.48031496062992124	0.7007874015748031	0.6929133858267716	0.48031496062992124	0.48031496062992124	0.48031496062992124	0.6065573770491803	0.5135135135135135	0.6535433070866141	NaN	0.7226890756302521	0.2857142857142857	0.5905511811023622	0.8135593220338984	0.7007874015748031	0.5039370078740157	0.918918918918919	0.631578947368421	0.48031496062992124	NaN	0	0.5590551181102362	0.6377952755905512	0.5590551181102362	NaN	0.0	0.7007874015748031	0.6220472440944882	NaN	0.48031496062992124	0.5905511811023622	0.0	0.984251968503937	0.48031496062992124	0.7007874015748031	0.5275590551181102	0.8648648648648649	0.7967479674796748	0.6535433070866141	0.5826771653543307	0.6666666666666666	0.5039370078740157	0.7007874015748031	0.8346456692913385	0.6299212598425197	
0.9433962264150944	0.25925925925925924	0.37735849056603776	0.2578616352201258	0.34591194968553457	0.5849056603773585	0.25157232704402516	0.1320754716981132	0.1320754716981132	0.01639344262295082	0.3783783783783784	0.1509433962264151	NaN	0.4789915966386555	0.2857142857142857	0.20754716981132076	0.6016949152542372	0.23333333333333334	0.0	0.0	0.631578947368421	0.0	NaN	0.5590551181102362	0	0.3710691823899371	0.0	NaN	0.5714285714285714	0.16981132075471697	0.2830188679245283	NaN	0.05660377358490566	0.4591194968553459	0.0	0.9308176100628931	0.1320754716981132	0.27044025157232704	0.16981132075471697	0.35135135135135137	0.7235772357723578	0.2830188679245283	0.24528301886792453	0.0	0.48427672955974843	0.27044025157232704	0.7044025157232704	0.06329113924050633	
0.9617486338797814	0.32098765432098764	0.5355191256830601	0.41530054644808745	0.4426229508196721	0.6408839779005525	0.4911242603550296	0.3770491803278688	0.3114754098360656	0.36065573770491804	0.43243243243243246	0.40828402366863903	NaN	0.680672268907563	0.2857142857142857	0.378698224852071	0.7203389830508474	0.4666666666666667	0.3668639053254438	0.4864864864864865	0.631578947368421	0.34911242603550297	NaN	0.6377952755905512	0.3710691823899371	0	0.3710691823899371	NaN	0.21428571428571427	0.44970414201183434	0.4530386740331492	NaN	0.3103448275862069	0.5846994535519126	0.0	0.9890710382513661	0.3793103448275862	0.4260355029585799	0.38414634146341464	0.4864864864864865	0.7317073170731707	0.366120218579235	0.5217391304347826	0.0	0.6242774566473989	0.4260355029585799	0.7348066298342542	0.43670886075949367	
0.9433962264150944	0.25925925925925924	0.37735849056603776	0.2578616352201258	0.34591194968553457	0.5849056603773585	0.25157232704402516	0.1320754716981132	0.1320754716981132	0.01639344262295082	0.3783783783783784	0.1509433962264151	NaN	0.4789915966386555	0.2857142857142857	0.20754716981132076	0.6016949152542372	0.23333333333333334	0.0	0.0	0.631578947368421	0.0	NaN	0.5590551181102362	0.0	0.3710691823899371	0	NaN	0.5714285714285714	0.16981132075471697	0.2830188679245283	NaN	0.05660377358490566	0.4591194968553459	0.0	0.9308176100628931	0.1320754716981132	0.27044025157232704	0.16981132075471697	0.35135135135135137	0.7235772357723578	0.2830188679245283	0.24528301886792453	0.0	0.48427672955974843	0.27044025157232704	0.7044025157232704	0.06329113924050633	
NaN	NaN	NaN	NaN	NaN	NaN	NaN	NaN	NaN	NaN	NaN	NaN	NaN	NaN	NaN	NaN	NaN	NaN	NaN	NaN	NaN	NaN	NaN	NaN	NaN	NaN	NaN	0	NaN	NaN	NaN	NaN	NaN	NaN	NaN	NaN	NaN	NaN	NaN	NaN	NaN	NaN	NaN	NaN	NaN	NaN	NaN	NaN	
0.8214285714285714	1.0	0.42857142857142855	0.21428571428571427	0.5	0.21428571428571427	0.21428571428571427	0.21428571428571427	0.21428571428571427	1.0	0.4642857142857143	0.2857142857142857	NaN	0.7142857142857143	1.0	0.0	0.9642857142857143	0.7142857142857143	0.32142857142857145	1.0	1.0	0.21428571428571427	NaN	0.0	0.5714285714285714	0.21428571428571427	0.5714285714285714	NaN	0	0.5357142857142857	0.21428571428571427	NaN	0.21428571428571427	0.4642857142857143	1.0	0.9285714285714286	0.21428571428571427	0.5714285714285714	0.42857142857142855	0.7857142857142857	0.7142857142857143	0.2857142857142857	0.6428571428571429	0.6666666666666666	0.32142857142857145	0.5714285714285714	0.4642857142857143	0.8928571428571429	
0.9881656804733728	0.25925925925925924	0.3727810650887574	0.40828402366863903	0.3609467455621302	0.6331360946745562	0.41420118343195267	0.30177514792899407	0.30177514792899407	0.01639344262295082	0.5945945945945946	0.1834319526627219	NaN	0.6218487394957983	0.2857142857142857	0.27218934911242604	0.6779661016949152	0.38	0.15976331360946747	0.0	0.631578947368421	0.17751479289940827	NaN	0.7007874015748031	0.16981132075471697	0.44970414201183434	0.16981132075471697	NaN	0.5357142857142857	0	0.40828402366863903	NaN	0.23076923076923078	0.4556213017751479	0.0	0.9349112426035503	0.30177514792899407	0.2781065088757396	0.3353658536585366	0.3918918918918919	0.7560975609756098	0.3076923076923077	0.37888198757763975	1.0	0.6153846153846154	0.2781065088757396	0.6804733727810651	0.189873417721519	
0.9502762430939227	0.5555555555555556	0.4585635359116022	0.47513812154696133	0.5580110497237569	0.7458563535911602	0.3668639053254438	0.430939226519337	0.36464088397790057	0.6065573770491803	0.2972972972972973	0.3668639053254438	NaN	0.6470588235294118	0.2857142857142857	0.39644970414201186	0.9067796610169492	0.4666666666666667	0.28402366863905326	0.7567567567567568	0.631578947368421	0.26627218934911245	NaN	0.6220472440944882	0.2830188679245283	0.4530386740331492	0.2830188679245283	NaN	0.21428571428571427	0.40828402366863903	0	NaN	0.3390804597701149	0.574585635359116	0.0	0.9392265193370166	0.40804597701149425	0.4911242603550296	0.4451219512195122	0.5	0.6910569105691057	0.4585635359116022	0.4658385093167702	0.0	0.6069364161849711	0.4911242603550296	0.6574585635359116	0.34810126582278483	
NaN	NaN	NaN	NaN	NaN	NaN	NaN	NaN	NaN	NaN	NaN	NaN	NaN	NaN	NaN	NaN	NaN	NaN	NaN	NaN	NaN	NaN	NaN	NaN	NaN	NaN	NaN	NaN	NaN	NaN	NaN	0	NaN	NaN	NaN	NaN	NaN	NaN	NaN	NaN	NaN	NaN	NaN	NaN	NaN	NaN	NaN	NaN	
0.9482758620689655	0.14814814814814814	0.40229885057471265	0.1839080459770115	0.26436781609195403	0.5114942528735632	0.28994082840236685	0.06896551724137931	0.06896551724137931	0.01639344262295082	0.2702702702702703	0.1952662721893491	NaN	0.4789915966386555	0.2857142857142857	0.2485207100591716	0.5932203389830508	0.22	0.07100591715976332	0.0	0.631578947368421	0.05325443786982249	NaN	0.48031496062992124	0.05660377358490566	0.3103448275862069	0.05660377358490566	NaN	0.21428571428571427	0.23076923076923078	0.3390804597701149	NaN	0	0.39655172413793105	0.0	0.9252873563218391	0.06896551724137931	0.20118343195266272	0.10975609756097561	0.35135135135135137	0.7235772357723578	0.20689655172413793	0.2981366459627329	0.0	0.41040462427745666	0.20118343195266272	0.6839080459770115	0.12025316455696203	
0.9901960784313726	0.49382716049382713	0.3619047619047619	0.5925925925925926	0.5104166666666666	0.7071823204419889	0.48520710059171596	0.5077720207253886	0.5365853658536586	0.4098360655737705	0.6216216216216216	0.42011834319526625	NaN	0.680672268907563	0.2857142857142857	0.47337278106508873	0.8389830508474576	0.6133333333333333	0.44970414201183434	0.6486486486486487	0.631578947368421	0.4319526627218935	NaN	0.5905511811023622	0.4591194968553459	0.5846994535519126	0.4591194968553459	NaN	0.4642857142857143	0.4556213017751479	0.574585635359116	NaN	0.39655172413793105	0	0.0	0.9301075268817204	0.4540229885057471	0.42011834319526625	0.5	0.7162162162162162	0.7642276422764228	0.526829268292683	0.6273291925465838	1.0	0.5086705202312138	0.42011834319526625	0.7513812154696132	0.46835443037974683	
1.0	0.0	0.0	0.0	0.0	0.14285714285714285	0.0	0.0	0.0	0.0	1.0	0.0	NaN	0.2857142857142857	0.2857142857142857	0.0	1.0	0.2857142857142857	0.0	1.0	0.0	0.0	NaN	0.0	0.0	0.0	0.0	NaN	1.0	0.0	0.0	NaN	0.0	0.0	0	1.0	0.0	0.0	0.0	1.0	0.5714285714285714	0.0	0.0	1.0	1.0	0.0	1.0	0.0	
0.989247311827957	0.9382716049382716	0.9408602150537635	0.9301075268817204	0.9301075268817204	0.9613259668508287	0.9349112426035503	0.9301075268817204	0.9301075268817204	1.0	0.7837837837837838	0.9349112426035503	NaN	1.0	1.0	0.9704142011834319	1.0	0.9866666666666667	0.9349112426035503	1.0	1.0	0.9349112426035503	NaN	0.984251968503937	0.9308176100628931	0.9890710382513661	0.9308176100628931	NaN	0.9285714285714286	0.9349112426035503	0.9392265193370166	NaN	0.9252873563218391	0.9301075268817204	1.0	0	0.9252873563218391	0.9349112426035503	0.9512195121951219	1.0	0.9349593495934959	0.9301075268817204	0.9316770186335404	1.0	0.9248554913294798	0.9349112426035503	0.9392265193370166	0.9367088607594937	
0.9482758620689655	0.0	0.3333333333333333	0.11494252873563218	0.3333333333333333	0.5114942528735632	0.34911242603550297	0.0	0.0	0.0	0.2702702702702703	0.26627218934911245	NaN	0.4789915966386555	0.2857142857142857	0.31952662721893493	0.5932203389830508	0.3	0.14201183431952663	0.0	0.0	0.1242603550295858	NaN	0.48031496062992124	0.1320754716981132	0.3793103448275862	0.1320754716981132	NaN	0.21428571428571427	0.30177514792899407	0.40804597701149425	NaN	0.06896551724137931	0.4540229885057471	0.0	0.9252873563218391	0	0.27218934911242604	0.036585365853658534	0.35135135135135137	0.7235772357723578	0.13793103448275862	0.37267080745341613	0.0	0.4046242774566474	0.27218934911242604	0.6839080459770115	0.1962025316455696	
0.9881656804733728	0.14814814814814814	0.4556213017751479	0.3727810650887574	0.3136094674556213	0.5857988165680473	0.4911242603550296	0.27218934911242604	0.27218934911242604	0.01639344262295082	0.7837837837837838	0.26627218934911245	NaN	0.6386554621848739	0.2857142857142857	0.33136094674556216	0.6610169491525424	0.38	0.27218934911242604	0.0	0.631578947368421	0.25443786982248523	NaN	0.7007874015748031	0.27044025157232704	0.4260355029585799	0.27044025157232704	NaN	0.5714285714285714	0.2781065088757396	0.4911242603550296	NaN	0.20118343195266272	0.42011834319526625	0.0	0.9349112426035503	0.27218934911242604	0	0.3475609756097561	0.43243243243243246	0.8211382113821138	0.28402366863905326	0.4720496894409938	1.0	0.621301775147929	0.0	0.7100591715976331	0.2721518987341772	
0.9573170731707317	0.12345679012345678	0.36585365853658536	0.15853658536585366	0.3902439024390244	0.5609756097560976	0.38414634146341464	0.036585365853658534	0.036585365853658534	0.0	0.2702702702702703	0.3170731707317073	NaN	0.4789915966386555	0.2857142857142857	0.3719512195121951	0.5932203389830508	0.32666666666666666	0.17073170731707318	0.0	0.0	0.17073170731707318	NaN	0.5275590551181102	0.16981132075471697	0.38414634146341464	0.16981132075471697	NaN	0.42857142857142855	0.3353658536585366	0.4451219512195122	NaN	0.10975609756097561	0.5	0.0	0.9512195121951219	0.036585365853658534	0.3475609756097561	0	0.35135135135135137	0.7235772357723578	0.18292682926829268	0.4161490683229814	0.0	0.4329268292682927	0.3475609756097561	0.7378048780487805	0.23417721518987342	
0.9594594594594594	0.7297297297297297	0.6621621621621622	0.527027027027027	0.581081081081081	0.5945945945945946	0.6351351351351351	0.35135135135135137	0.35135135135135137	0.5245901639344263	0.8378378378378378	0.35135135135135137	NaN	0.6486486486486487	1.0	0.3783783783783784	0.7027027027027027	0.36486486486486486	0.35135135135135137	0.24324324324324326	1.0	0.35135135135135137	NaN	0.8648648648648649	0.35135135135135137	0.4864864864864865	0.35135135135135137	NaN	0.7857142857142857	0.3918918918918919	0.5	NaN	0.35135135135135137	0.7162162162162162	1.0	1.0	0.35135135135135137	0.43243243243243246	0.35135135135135137	0	0.918918918918919	0.35135135135135137	0.6486486486486487	1.0	0.6351351351351351	0.43243243243243246	0.918918918918919	0.43243243243243246	
0.991869918699187	0.8518518518518519	0.6585365853658537	0.6504065040650406	0.7804878048780488	0.8455284552845529	0.7235772357723578	0.7235772357723578	0.6260162601626016	0.7540983606557377	0.5675675675675675	0.7398373983739838	NaN	0.9159663865546218	0.8571428571428571	0.7967479674796748	0.7372881355932204	0.9105691056910569	0.7235772357723578	0.972972972972973	0.8421052631578947	0.7235772357723578	NaN	0.7967479674796748	0.7235772357723578	0.7317073170731707	0.7235772357723578	NaN	0.7142857142857143	0.7560975609756098	0.6910569105691057	NaN	0.7235772357723578	0.7642276422764228	0.5714285714285714	0.9349593495934959	0.7235772357723578	0.8211382113821138	0.7235772357723578	0.918918918918919	0	0.6422764227642277	0.44715447154471544	1.0	0.7804878048780488	0.8211382113821138	0.7804878048780488	0.7642276422764228	
0.9754901960784313	0.0	0.375609756097561	0.2222222222222222	0.3125	0.569060773480663	0.4911242603550296	0.12435233160621761	0.11707317073170732	0.0	0.4594594594594595	0.1242603550295858	NaN	0.6050420168067226	0.2857142857142857	0.35502958579881655	0.6779661016949152	0.43333333333333335	0.28402366863905326	0.0	0.0	0.26627218934911245	NaN	0.6535433070866141	0.2830188679245283	0.366120218579235	0.2830188679245283	NaN	0.2857142857142857	0.3076923076923077	0.4585635359116022	NaN	0.20689655172413793	0.526829268292683	0.0	0.9301075268817204	0.13793103448275862	0.28402366863905326	0.18292682926829268	0.35135135135135137	0.6422764227642277	0	0.4968944099378882	1.0	0.5433526011560693	0.28402366863905326	0.6298342541436464	0.3227848101265823	
0.9813664596273292	0.2962962962962963	0.5590062111801242	0.391304347826087	0.4658385093167702	0.6708074534161491	0.4161490683229814	0.37267080745341613	0.37267080745341613	0.3114754098360656	0.5135135135135135	0.36645962732919257	NaN	0.7563025210084033	0.2857142857142857	0.422360248447205	0.4152542372881356	0.49333333333333335	0.2484472049689441	0.43243243243243246	0.631578947368421	0.2422360248447205	NaN	0.5826771653543307	0.24528301886792453	0.5217391304347826	0.24528301886792453	NaN	0.6428571428571429	0.37888198757763975	0.4658385093167702	NaN	0.2981366459627329	0.6273291925465838	0.0	0.9316770186335404	0.37267080745341613	0.4720496894409938	0.4161490683229814	0.6486486486486487	0.44715447154471544	0.4968944099378882	0	1.0	0.639751552795031	0.4720496894409938	0.7763975155279503	0.2721518987341772	
0.0	1.0	1.0	0.6666666666666666	1.0	0.0	0.0	0.0	0.0	1.0	0.0	1.0	NaN	0.0	1.0	0.0	0.0	0.0	0.0	1.0	1.0	0.0	NaN	0.6666666666666666	0.0	0.0	0.0	NaN	0.6666666666666666	1.0	0.0	NaN	0.0	1.0	1.0	1.0	0.0	1.0	0.0	1.0	1.0	1.0	1.0	0	0.0	1.0	1.0	1.0	
0.9479768786127167	0.691358024691358	0.5144508670520231	0.5202312138728323	0.6647398843930635	0.7052023121387283	0.47928994082840237	0.4046242774566474	0.4046242774566474	0.7377049180327869	0.2702702702702703	0.6153846153846154	NaN	0.6554621848739496	1.0	0.6568047337278107	0.7627118644067796	0.6533333333333333	0.4556213017751479	0.8108108108108109	0.9473684210526315	0.47337278106508873	NaN	0.5039370078740157	0.48427672955974843	0.6242774566473989	0.48427672955974843	NaN	0.32142857142857145	0.6153846153846154	0.6069364161849711	NaN	0.41040462427745666	0.5086705202312138	1.0	0.9248554913294798	0.4046242774566474	0.621301775147929	0.4329268292682927	0.6351351351351351	0.7804878048780488	0.5433526011560693	0.639751552795031	0.0	0	0.621301775147929	0.8554913294797688	0.5506329113924051	
0.9881656804733728	0.14814814814814814	0.4556213017751479	0.3727810650887574	0.3136094674556213	0.5857988165680473	0.4911242603550296	0.27218934911242604	0.27218934911242604	0.01639344262295082	0.7837837837837838	0.26627218934911245	NaN	0.6386554621848739	0.2857142857142857	0.33136094674556216	0.6610169491525424	0.38	0.27218934911242604	0.0	0.631578947368421	0.25443786982248523	NaN	0.7007874015748031	0.27044025157232704	0.4260355029585799	0.27044025157232704	NaN	0.5714285714285714	0.2781065088757396	0.4911242603550296	NaN	0.20118343195266272	0.42011834319526625	0.0	0.9349112426035503	0.27218934911242604	0.0	0.3475609756097561	0.43243243243243246	0.8211382113821138	0.28402366863905326	0.4720496894409938	1.0	0.621301775147929	0	0.7100591715976331	0.2721518987341772	
0.988950276243094	0.7283950617283951	0.6132596685082873	0.6298342541436464	0.7071823204419889	0.8674033149171271	0.7633136094674556	0.6961325966850829	0.6298342541436464	0.6885245901639344	0.6216216216216216	0.6627218934911243	NaN	0.8319327731092437	1.0	0.6982248520710059	0.9745762711864406	0.7866666666666666	0.6804733727810651	0.7297297297297297	1.0	0.6627218934911243	NaN	0.8346456692913385	0.7044025157232704	0.7348066298342542	0.7044025157232704	NaN	0.4642857142857143	0.6804733727810651	0.6574585635359116	NaN	0.6839080459770115	0.7513812154696132	1.0	0.9392265193370166	0.6839080459770115	0.7100591715976331	0.7378048780487805	0.918918918918919	0.7804878048780488	0.6298342541436464	0.7763975155279503	1.0	0.8554913294797688	0.7100591715976331	0	0.7215189873417721	
0.9873417721518988	0.25925925925925924	0.3987341772151899	0.310126582278481	0.34810126582278483	0.6518987341772152	0.31645569620253167	0.1962025316455696	0.1962025316455696	0.01639344262295082	0.6756756756756757	0.189873417721519	NaN	0.5630252100840336	0.2857142857142857	0.2721518987341772	0.6271186440677966	0.3	0.06329113924050633	0.0	0.631578947368421	0.06329113924050633	NaN	0.6299212598425197	0.06329113924050633	0.43670886075949367	0.06329113924050633	NaN	0.8928571428571429	0.189873417721519	0.34810126582278483	NaN	0.12025316455696203	0.46835443037974683	0.0	0.9367088607594937	0.1962025316455696	0.2721518987341772	0.23417721518987342	0.43243243243243246	0.7642276422764228	0.3227848101265823	0.2721518987341772	1.0	0.5506329113924051	0.2721518987341772	0.7215189873417721	0	
