0	0.9230769230769231	1.0	0.8926174496644296	0.9731543624161074	0.7181208053691275	1.0	0.6040268456375839	0.6440677966101694	0.125	NaN	0.4864864864864865	0.6111111111111112	0.8870967741935484	1.0	0.6845637583892618	0.7315436241610739	0.375	0.7718120805369127	1.0	1.0	0.8993288590604027	0.6174496644295302	0.6711409395973155	NaN	0.7482993197278912	0.785234899328859	0.4393939393939394	1.0	0.5570469798657718	1.0	0.6845637583892618	0.6040268456375839	0.6040268456375839	0.87248322147651	1.0	0.7730496453900709	1.0	0.8389261744966443	1.0	1.0	0.8657718120805369	0.7142857142857143	1.0	1.0	0.7046979865771812	1.0	0.5573770491803278	
0.9230769230769231	0	1.0	1.0	1.0	0.7692307692307693	1.0	0.9230769230769231	0.6923076923076923	0.9230769230769231	NaN	0.6923076923076923	1.0	1.0	1.0	0.9230769230769231	0.9230769230769231	0.9230769230769231	0.9230769230769231	1.0	1.0	1.0	0.9230769230769231	0.9230769230769231	NaN	0.9230769230769231	1.0	0.9230769230769231	0.9230769230769231	0.9230769230769231	1.0	0.9230769230769231	0.9230769230769231	0.9230769230769231	0.07692307692307693	1.0	0.6923076923076923	1.0	0.9230769230769231	1.0	1.0	0.8461538461538461	0.9230769230769231	1.0	1.0	0.9230769230769231	1.0	0.9230769230769231	
1.0	1.0	0	1.0	1.0	1.0	1.0	1.0	1.0	1.0	NaN	1.0	1.0	1.0	1.0	0.0	1.0	1.0	1.0	1.0	1.0	1.0	0.0	1.0	NaN	0.3333333333333333	1.0	1.0	1.0	1.0	1.0	1.0	0.0	1.0	1.0	1.0	1.0	1.0	1.0	1.0	1.0	1.0	0.0	1.0	1.0	0.3333333333333333	1.0	1.0	
0.8926174496644296	1.0	1.0	0	0.8986784140969163	0.9237668161434978	0.9829545454545454	0.8933333333333333	0.8305084745762712	0.9583333333333334	NaN	0.918918918918919	0.3888888888888889	0.8064516129032258	1.0	0.8916256157635468	0.877906976744186	0.6875	0.9432989690721649	0.3333333333333333	1.0	0.9409090909090909	0.8916256157635468	0.9254658385093167	NaN	0.9047619047619048	0.8791208791208791	0.8636363636363636	1.0	0.8133333333333334	1.0	0.948936170212766	0.9444444444444444	0.9137931034482759	0.7647058823529411	0.8	0.851063829787234	1.0	0.8831168831168831	1.0	0.7352941176470589	0.8831168831168831	0.8503401360544217	0.8620689655172413	1.0	0.9545454545454546	0.96	0.860655737704918	
0.9731543624161074	1.0	1.0	0.8986784140969163	0	0.8475336322869955	0.9659090909090909	0.78	0.9322033898305084	1.0	NaN	1.0	0.5555555555555556	0.8387096774193549	1.0	0.9458128078817734	0.9883720930232558	1.0	0.9587628865979382	0.5	1.0	0.85	0.916256157635468	0.84472049689441	NaN	0.9659863945578231	1.0	0.9696969696969697	0.9770642201834863	0.7933333333333333	1.0	0.9911894273127754	0.8986784140969163	0.8105726872246696	0.933920704845815	0.85	0.8865248226950354	1.0	0.9025974025974026	0.9722222222222222	0.9117647058823529	0.9155844155844156	0.9523809523809523	0.896551724137931	1.0	0.9545454545454546	0.76	0.9836065573770492	
0.7181208053691275	0.7692307692307693	1.0	0.9237668161434978	0.8475336322869955	0	0.9772727272727273	0.36	0.2288135593220339	0.20833333333333334	NaN	0.10810810810810811	0.6666666666666666	0.41935483870967744	1.0	0.8029556650246306	0.6511627906976745	0.3125	0.8505154639175257	1.0	1.0	0.7636363636363637	0.7389162561576355	0.5652173913043478	NaN	0.7891156462585034	0.8406593406593407	0.5303030303030303	0.9678899082568807	0.3466666666666667	1.0	0.7174887892376681	0.6278026905829597	0.5022421524663677	0.7443946188340808	1.0	0.3333333333333333	1.0	0.8506493506493507	0.9166666666666666	1.0	0.8636363636363636	0.7142857142857143	1.0	1.0	0.7443181818181818	0.48	0.6557377049180327	
1.0	1.0	1.0	0.9829545454545454	0.9659090909090909	0.9772727272727273	0	0.96	1.0	1.0	NaN	1.0	0.8888888888888888	1.0	1.0	0.9659090909090909	1.0	1.0	0.9659090909090909	1.0	1.0	0.9772727272727273	0.9659090909090909	0.9875776397515528	NaN	0.9863945578231292	1.0	0.9696969696969697	0.9204545454545454	0.9466666666666667	0.9512195121951219	0.9772727272727273	0.9545454545454546	0.9659090909090909	0.9886363636363636	1.0	0.9858156028368794	1.0	1.0	0.9166666666666666	1.0	0.987012987012987	0.9863945578231292	1.0	1.0	0.9772727272727273	0.84	0.9672131147540983	
0.6040268456375839	0.9230769230769231	1.0	0.8933333333333333	0.78	0.36	0.96	0	0.4406779661016949	0.25	NaN	0.4864864864864865	0.5555555555555556	0.45161290322580644	1.0	0.5733333333333334	0.5466666666666666	0.0	0.7066666666666667	1.0	1.0	0.54	0.4866666666666667	0.42	NaN	0.6326530612244898	0.6733333333333333	0.18181818181818182	0.9266666666666666	0.13333333333333333	0.9512195121951219	0.5466666666666666	0.32	0.07333333333333333	0.7533333333333333	1.0	0.5602836879432624	1.0	0.8266666666666667	0.9722222222222222	1.0	0.8533333333333334	0.5986394557823129	1.0	1.0	0.56	0.76	0.5245901639344263	
0.6440677966101694	0.6923076923076923	1.0	0.8305084745762712	0.9322033898305084	0.2288135593220339	1.0	0.4406779661016949	0	0.20833333333333334	NaN	0.0	1.0	0.4838709677419355	1.0	0.7372881355932204	0.5932203389830508	0.3125	0.8220338983050848	1.0	1.0	0.7711864406779662	0.635593220338983	0.6101694915254238	NaN	0.7542372881355932	0.7542372881355932	0.5606060606060606	0.9661016949152542	0.4406779661016949	1.0	0.7033898305084746	0.5169491525423728	0.4406779661016949	0.6440677966101694	1.0	0.2711864406779661	1.0	0.8135593220338984	1.0	1.0	0.8220338983050848	0.6864406779661016	1.0	1.0	0.6779661016949152	0.92	0.6694915254237288	
0.125	0.9230769230769231	1.0	0.9583333333333334	1.0	0.20833333333333334	1.0	0.25	0.20833333333333334	0	NaN	0.20833333333333334	1.0	1.0	1.0	0.25	0.25	0.9375	0.25	1.0	1.0	1.0	0.25	0.25	NaN	0.25	0.9166666666666666	0.25	1.0	0.25	1.0	0.25	0.25	0.25	0.9166666666666666	1.0	0.20833333333333334	1.0	0.25	1.0	1.0	0.25	0.5833333333333334	1.0	1.0	0.25	1.0	0.25	
NaN	NaN	NaN	NaN	NaN	NaN	NaN	NaN	NaN	NaN	0	NaN	NaN	NaN	NaN	NaN	NaN	NaN	NaN	NaN	NaN	NaN	NaN	NaN	NaN	NaN	NaN	NaN	NaN	NaN	NaN	NaN	NaN	NaN	NaN	NaN	NaN	NaN	NaN	NaN	NaN	NaN	NaN	NaN	NaN	NaN	NaN	NaN	
0.4864864864864865	0.6923076923076923	1.0	0.918918918918919	1.0	0.10810810810810811	1.0	0.4864864864864865	0.0	0.20833333333333334	NaN	0	1.0	1.0	1.0	0.4864864864864865	0.4864864864864865	0.9375	0.5135135135135135	1.0	1.0	1.0	0.4864864864864865	0.4864864864864865	NaN	0.4864864864864865	0.918918918918919	0.4864864864864865	0.9459459459459459	0.4864864864864865	1.0	0.4864864864864865	0.4864864864864865	0.4864864864864865	0.8108108108108109	1.0	0.0	1.0	0.5135135135135135	1.0	1.0	0.4864864864864865	0.6486486486486487	1.0	1.0	0.4864864864864865	0.92	0.4864864864864865	
0.6111111111111112	1.0	1.0	0.3888888888888889	0.5555555555555556	0.6666666666666666	0.8888888888888888	0.5555555555555556	1.0	1.0	NaN	1.0	0	1.0	1.0	0.0	1.0	1.0	0.0	1.0	1.0	0.5555555555555556	0.0	1.0	NaN	0.8888888888888888	0.4444444444444444	0.8888888888888888	0.7222222222222222	0.1111111111111111	1.0	1.0	0.6666666666666666	0.5555555555555556	0.0	1.0	0.5555555555555556	1.0	0.9444444444444444	0.9444444444444444	1.0	1.0	0.1111111111111111	1.0	1.0	0.6666666666666666	0.6666666666666666	0.4444444444444444	
0.8870967741935484	1.0	1.0	0.8064516129032258	0.8387096774193549	0.41935483870967744	1.0	0.45161290322580644	0.4838709677419355	1.0	NaN	1.0	1.0	0	1.0	0.967741935483871	0.1935483870967742	0.375	0.967741935483871	1.0	1.0	0.7258064516129032	0.8870967741935484	0.7741935483870968	NaN	0.8870967741935484	0.6774193548387096	0.8870967741935484	0.967741935483871	0.45161290322580644	1.0	0.7741935483870968	0.5806451612903226	0.45161290322580644	0.5483870967741935	1.0	0.5	1.0	0.9193548387096774	1.0	1.0	0.967741935483871	0.7096774193548387	1.0	1.0	0.7903225806451613	1.0	0.9354838709677419	
1.0	1.0	1.0	1.0	1.0	1.0	1.0	1.0	1.0	1.0	NaN	1.0	1.0	1.0	0	1.0	1.0	1.0	1.0	1.0	1.0	1.0	1.0	1.0	NaN	1.0	1.0	1.0	1.0	1.0	1.0	1.0	1.0	1.0	1.0	1.0	1.0	1.0	1.0	1.0	1.0	1.0	1.0	1.0	1.0	1.0	1.0	1.0	
0.6845637583892618	0.9230769230769231	0.0	0.8916256157635468	0.9458128078817734	0.8029556650246306	0.9659090909090909	0.5733333333333334	0.7372881355932204	0.25	NaN	0.4864864864864865	0.0	0.967741935483871	1.0	0	0.8081395348837209	0.625	0.6907216494845361	0.0	1.0	0.896551724137931	0.1921182266009852	0.4720496894409938	NaN	0.6870748299319728	0.8461538461538461	0.5	0.9458128078817734	0.5333333333333333	0.9512195121951219	0.8029556650246306	0.729064039408867	0.6748768472906403	0.8325123152709359	0.7	0.75177304964539	1.0	0.8571428571428571	0.9722222222222222	0.8235294117647058	0.8701298701298701	0.673469387755102	0.7931034482758621	1.0	0.7102272727272727	0.76	0.1885245901639344	
0.7315436241610739	0.9230769230769231	1.0	0.877906976744186	0.9883720930232558	0.6511627906976745	1.0	0.5466666666666666	0.5932203389830508	0.25	NaN	0.4864864864864865	1.0	0.1935483870967742	1.0	0.8081395348837209	0	0.0	0.813953488372093	1.0	0.0	0.8953488372093024	0.8081395348837209	0.782608695652174	NaN	0.7346938775510204	0.75	0.4090909090909091	0.9593023255813954	0.5466666666666666	1.0	0.686046511627907	0.6918604651162791	0.5930232558139535	0.7790697674418605	1.0	0.6595744680851063	1.0	0.8441558441558441	1.0	1.0	0.8701298701298701	0.6938775510204082	1.0	1.0	0.7151162790697675	1.0	0.7295081967213115	
0.375	0.9230769230769231	1.0	0.6875	1.0	0.3125	1.0	0.0	0.3125	0.9375	NaN	0.9375	1.0	0.375	1.0	0.625	0.0	0	0.625	1.0	1.0	0.75	0.625	0.625	NaN	0.1875	0.375	0.1875	1.0	0.0	1.0	0.0	0.0	0.0	0.3125	1.0	0.3125	1.0	0.6875	1.0	1.0	0.8125	0.0	1.0	1.0	0.375	1.0	0.625	
0.7718120805369127	0.9230769230769231	1.0	0.9432989690721649	0.9587628865979382	0.8505154639175257	0.9659090909090909	0.7066666666666667	0.8220338983050848	0.25	NaN	0.5135135135135135	0.0	0.967741935483871	1.0	0.6907216494845361	0.813953488372093	0.625	0	1.0	0.8157894736842105	0.8917525773195877	0.6907216494845361	0.7577639751552795	NaN	0.8163265306122449	0.9010989010989011	0.5909090909090909	0.7938144329896907	0.6533333333333333	0.9512195121951219	0.8402061855670103	0.8092783505154639	0.7525773195876289	0.8917525773195877	1.0	0.8014184397163121	1.0	0.8571428571428571	0.9722222222222222	1.0	0.8701298701298701	0.7482993197278912	1.0	1.0	0.7954545454545454	0.76	0.5819672131147541	
1.0	1.0	1.0	0.3333333333333333	0.5	1.0	1.0	1.0	1.0	1.0	NaN	1.0	1.0	1.0	1.0	0.0	1.0	1.0	1.0	0	1.0	0.0	0.0	1.0	NaN	0.0	1.0	1.0	1.0	1.0	1.0	1.0	0.6666666666666666	0.0	0.0	0.0	1.0	1.0	1.0	1.0	0.0	1.0	1.0	0.0	1.0	0.6666666666666666	1.0	1.0	
1.0	1.0	1.0	1.0	1.0	1.0	1.0	1.0	1.0	1.0	NaN	1.0	1.0	1.0	1.0	1.0	0.0	1.0	0.8157894736842105	1.0	0	0.8947368421052632	1.0	1.0	NaN	1.0	1.0	1.0	0.868421052631579	1.0	1.0	0.7894736842105263	1.0	0.9736842105263158	1.0	1.0	1.0	1.0	1.0	1.0	1.0	1.0	1.0	1.0	1.0	1.0	1.0	1.0	
0.8993288590604027	1.0	1.0	0.9409090909090909	0.85	0.7636363636363637	0.9772727272727273	0.54	0.7711864406779662	1.0	NaN	1.0	0.5555555555555556	0.7258064516129032	1.0	0.896551724137931	0.8953488372093024	0.75	0.8917525773195877	0.0	0.8947368421052632	0	0.8374384236453202	0.782608695652174	NaN	0.8503401360544217	0.945054945054945	0.7575757575757576	0.9587155963302753	0.6333333333333333	0.9512195121951219	0.9136363636363637	0.7636363636363637	0.5727272727272728	0.9	0.7	0.8297872340425532	1.0	0.974025974025974	0.9722222222222222	0.8235294117647058	0.9935064935064936	0.9183673469387755	0.7931034482758621	1.0	0.9375	0.76	0.8852459016393442	
0.6174496644295302	0.9230769230769231	0.0	0.8916256157635468	0.916256157635468	0.7389162561576355	0.9659090909090909	0.4866666666666667	0.635593220338983	0.25	NaN	0.4864864864864865	0.0	0.8870967741935484	1.0	0.1921182266009852	0.8081395348837209	0.625	0.6907216494845361	0.0	1.0	0.8374384236453202	0	0.391304347826087	NaN	0.7006802721088435	0.8461538461538461	0.5	0.9458128078817734	0.44666666666666666	0.9512195121951219	0.8029556650246306	0.6699507389162561	0.6108374384236454	0.8325123152709359	0.7	0.723404255319149	1.0	0.8571428571428571	0.9722222222222222	0.8235294117647058	0.8701298701298701	0.673469387755102	0.7931034482758621	1.0	0.7045454545454546	0.76	0.0	
0.6711409395973155	0.9230769230769231	1.0	0.9254658385093167	0.84472049689441	0.5652173913043478	0.9875776397515528	0.42	0.6101694915254238	0.25	NaN	0.4864864864864865	1.0	0.7741935483870968	1.0	0.4720496894409938	0.782608695652174	0.625	0.7577639751552795	1.0	1.0	0.782608695652174	0.391304347826087	0	NaN	0.7891156462585034	0.8944099378881988	0.5303030303030303	0.9813664596273292	0.4066666666666667	1.0	0.7515527950310559	0.6024844720496895	0.4720496894409938	0.9316770186335404	1.0	0.7588652482269503	1.0	0.8571428571428571	1.0	1.0	0.8701298701298701	0.8095238095238095	1.0	1.0	0.7391304347826086	1.0	0.28688524590163933	
NaN	NaN	NaN	NaN	NaN	NaN	NaN	NaN	NaN	NaN	NaN	NaN	NaN	NaN	NaN	NaN	NaN	NaN	NaN	NaN	NaN	NaN	NaN	NaN	0	NaN	NaN	NaN	NaN	NaN	NaN	NaN	NaN	NaN	NaN	NaN	NaN	NaN	NaN	NaN	NaN	NaN	NaN	NaN	NaN	NaN	NaN	NaN	
0.7482993197278912	0.9230769230769231	0.3333333333333333	0.9047619047619048	0.9659863945578231	0.7891156462585034	0.9863945578231292	0.6326530612244898	0.7542372881355932	0.25	NaN	0.4864864864864865	0.8888888888888888	0.8870967741935484	1.0	0.6870748299319728	0.7346938775510204	0.1875	0.8163265306122449	0.0	1.0	0.8503401360544217	0.7006802721088435	0.7891156462585034	NaN	0	0.8503401360544217	0.0	0.9931972789115646	0.7006802721088435	1.0	0.6530612244897959	0.6122448979591837	0.5986394557823129	0.8367346938775511	0.7	0.7801418439716312	1.0	0.8503401360544217	1.0	0.8235294117647058	0.8503401360544217	0.782312925170068	0.7931034482758621	1.0	0.7074829931972789	0.92	0.7459016393442623	
0.785234899328859	1.0	1.0	0.8791208791208791	1.0	0.8406593406593407	1.0	0.6733333333333333	0.7542372881355932	0.9166666666666666	NaN	0.918918918918919	0.4444444444444444	0.6774193548387096	1.0	0.8461538461538461	0.75	0.375	0.9010989010989011	1.0	1.0	0.945054945054945	0.8461538461538461	0.8944099378881988	NaN	0.8503401360544217	0	0.7121212121212122	0.989010989010989	0.6066666666666667	1.0	0.7967032967032966	0.8021978021978022	0.7307692307692307	0.7967032967032966	1.0	0.7943262411347518	1.0	0.948051948051948	1.0	1.0	0.961038961038961	0.6802721088435374	1.0	1.0	0.8068181818181818	1.0	0.7704918032786885	
0.4393939393939394	0.9230769230769231	1.0	0.8636363636363636	0.9696969696969697	0.5303030303030303	0.9696969696969697	0.18181818181818182	0.5606060606060606	0.25	NaN	0.4864864864864865	0.8888888888888888	0.8870967741935484	1.0	0.5	0.4090909090909091	0.1875	0.5909090909090909	1.0	1.0	0.7575757575757576	0.5	0.5303030303030303	NaN	0.0	0.7121212121212122	0	0.9848484848484849	0.3333333333333333	1.0	0.22727272727272727	0.19696969696969696	0.19696969696969696	0.7878787878787878	1.0	0.5303030303030303	1.0	0.6666666666666666	1.0	1.0	0.6666666666666666	0.5454545454545454	1.0	1.0	0.42424242424242425	0.92	0.5303030303030303	
1.0	0.9230769230769231	1.0	1.0	0.9770642201834863	0.9678899082568807	0.9204545454545454	0.9266666666666666	0.9661016949152542	1.0	NaN	0.9459459459459459	0.7222222222222222	0.967741935483871	1.0	0.9458128078817734	0.9593023255813954	1.0	0.7938144329896907	1.0	0.868421052631579	0.9587155963302753	0.9458128078817734	0.9813664596273292	NaN	0.9931972789115646	0.989010989010989	0.9848484848484849	0	0.9466666666666667	0.34146341463414637	0.9862385321100917	0.9724770642201835	0.9541284403669725	0.963302752293578	1.0	0.9361702127659575	1.0	1.0	0.9722222222222222	1.0	0.987012987012987	0.9659863945578231	1.0	1.0	0.9715909090909091	0.88	0.9590163934426229	
0.5570469798657718	0.9230769230769231	1.0	0.8133333333333334	0.7933333333333333	0.3466666666666667	0.9466666666666667	0.13333333333333333	0.4406779661016949	0.25	NaN	0.4864864864864865	0.1111111111111111	0.45161290322580644	1.0	0.5333333333333333	0.5466666666666666	0.0	0.6533333333333333	1.0	1.0	0.6333333333333333	0.44666666666666666	0.4066666666666667	NaN	0.7006802721088435	0.6066666666666667	0.3333333333333333	0.9466666666666667	0	0.9512195121951219	0.6066666666666667	0.36666666666666664	0.14666666666666667	0.7	1.0	0.574468085106383	1.0	0.82	0.9166666666666666	1.0	0.8533333333333334	0.5306122448979592	1.0	1.0	0.56	0.68	0.4426229508196721	
1.0	1.0	1.0	1.0	1.0	1.0	0.9512195121951219	0.9512195121951219	1.0	1.0	NaN	1.0	1.0	1.0	1.0	0.9512195121951219	1.0	1.0	0.9512195121951219	1.0	1.0	0.9512195121951219	0.9512195121951219	1.0	NaN	1.0	1.0	1.0	0.34146341463414637	0.9512195121951219	0	0.9512195121951219	0.9512195121951219	0.9512195121951219	1.0	1.0	1.0	1.0	1.0	1.0	1.0	1.0	1.0	1.0	1.0	1.0	1.0	0.9512195121951219	
0.6845637583892618	0.9230769230769231	1.0	0.948936170212766	0.9911894273127754	0.7174887892376681	0.9772727272727273	0.5466666666666666	0.7033898305084746	0.25	NaN	0.4864864864864865	1.0	0.7741935483870968	1.0	0.8029556650246306	0.686046511627907	0.0	0.8402061855670103	1.0	0.7894736842105263	0.9136363636363637	0.8029556650246306	0.7515527950310559	NaN	0.6530612244897959	0.7967032967032966	0.22727272727272727	0.9862385321100917	0.6066666666666667	0.9512195121951219	0	0.6170212765957447	0.646551724137931	0.9234042553191489	1.0	0.75177304964539	1.0	0.8441558441558441	1.0	1.0	0.8506493506493507	0.6530612244897959	1.0	1.0	0.7215909090909091	1.0	0.6721311475409836	
0.6040268456375839	0.9230769230769231	0.0	0.9444444444444444	0.8986784140969163	0.6278026905829597	0.9545454545454546	0.32	0.5169491525423728	0.25	NaN	0.4864864864864865	0.6666666666666666	0.5806451612903226	1.0	0.729064039408867	0.6918604651162791	0.0	0.8092783505154639	0.6666666666666666	1.0	0.7636363636363637	0.6699507389162561	0.6024844720496895	NaN	0.6122448979591837	0.8021978021978022	0.19696969696969696	0.9724770642201835	0.36666666666666664	0.9512195121951219	0.6170212765957447	0	0.4827586206896552	0.8784313725490196	0.6	0.6312056737588653	1.0	0.8311688311688312	0.9166666666666666	0.9411764705882353	0.8506493506493507	0.54421768707483	0.7241379310344828	1.0	0.5625	0.68	0.5737704918032787	
0.6040268456375839	0.9230769230769231	1.0	0.9137931034482759	0.8105726872246696	0.5022421524663677	0.9659090909090909	0.07333333333333333	0.4406779661016949	0.25	NaN	0.4864864864864865	0.5555555555555556	0.45161290322580644	1.0	0.6748768472906403	0.5930232558139535	0.0	0.7525773195876289	0.0	0.9736842105263158	0.5727272727272728	0.6108374384236454	0.4720496894409938	NaN	0.5986394557823129	0.7307692307692307	0.19696969696969696	0.9541284403669725	0.14666666666666667	0.9512195121951219	0.646551724137931	0.4827586206896552	0	0.7974137931034483	0.4	0.5531914893617021	1.0	0.8311688311688312	0.9722222222222222	0.8235294117647058	0.8506493506493507	0.5850340136054422	0.5862068965517241	1.0	0.6136363636363636	0.76	0.5245901639344263	
0.87248322147651	0.07692307692307693	1.0	0.7647058823529411	0.933920704845815	0.7443946188340808	0.9886363636363636	0.7533333333333333	0.6440677966101694	0.9166666666666666	NaN	0.8108108108108109	0.0	0.5483870967741935	1.0	0.8325123152709359	0.7790697674418605	0.3125	0.8917525773195877	0.0	1.0	0.9	0.8325123152709359	0.9316770186335404	NaN	0.8367346938775511	0.7967032967032966	0.7878787878787878	0.963302752293578	0.7	1.0	0.9234042553191489	0.8784313725490196	0.7974137931034483	0	0.7	0.6382978723404256	1.0	0.961038961038961	0.9722222222222222	0.5882352941176471	0.974025974025974	0.7006802721088435	0.7931034482758621	1.0	0.8465909090909091	0.64	0.8360655737704918	
1.0	1.0	1.0	0.8	0.85	1.0	1.0	1.0	1.0	1.0	NaN	1.0	1.0	1.0	1.0	0.7	1.0	1.0	1.0	0.0	1.0	0.7	0.7	1.0	NaN	0.7	1.0	1.0	1.0	1.0	1.0	1.0	0.6	0.4	0.7	0	1.0	1.0	1.0	1.0	0.7	1.0	1.0	0.0	1.0	0.9	1.0	1.0	
0.7730496453900709	0.6923076923076923	1.0	0.851063829787234	0.8865248226950354	0.3333333333333333	0.9858156028368794	0.5602836879432624	0.2711864406779661	0.20833333333333334	NaN	0.0	0.5555555555555556	0.5	1.0	0.75177304964539	0.6595744680851063	0.3125	0.8014184397163121	1.0	1.0	0.8297872340425532	0.723404255319149	0.7588652482269503	NaN	0.7801418439716312	0.7943262411347518	0.5303030303030303	0.9361702127659575	0.574468085106383	1.0	0.75177304964539	0.6312056737588653	0.5531914893617021	0.6382978723404256	1.0	0	1.0	0.8439716312056738	0.9722222222222222	1.0	0.851063829787234	0.7092198581560284	1.0	1.0	0.7021276595744681	0.56	0.7622950819672131	
1.0	1.0	1.0	1.0	1.0	1.0	1.0	1.0	1.0	1.0	NaN	1.0	1.0	1.0	1.0	1.0	1.0	1.0	1.0	1.0	1.0	1.0	1.0	1.0	NaN	1.0	1.0	1.0	1.0	1.0	1.0	1.0	1.0	1.0	1.0	1.0	1.0	0	0.9726027397260274	1.0	1.0	1.0	1.0	1.0	0.0	1.0	1.0	1.0	
0.8389261744966443	0.9230769230769231	1.0	0.8831168831168831	0.9025974025974026	0.8506493506493507	1.0	0.8266666666666667	0.8135593220338984	0.25	NaN	0.5135135135135135	0.9444444444444444	0.9193548387096774	1.0	0.8571428571428571	0.8441558441558441	0.6875	0.8571428571428571	1.0	1.0	0.974025974025974	0.8571428571428571	0.8571428571428571	NaN	0.8503401360544217	0.948051948051948	0.6666666666666666	1.0	0.82	1.0	0.8441558441558441	0.8311688311688312	0.8311688311688312	0.961038961038961	1.0	0.8439716312056738	0.9726027397260274	0	1.0	1.0	0.7857142857142857	0.891156462585034	1.0	0.9726027397260274	0.8636363636363636	1.0	0.819672131147541	
1.0	1.0	1.0	1.0	0.9722222222222222	0.9166666666666666	0.9166666666666666	0.9722222222222222	1.0	1.0	NaN	1.0	0.9444444444444444	1.0	1.0	0.9722222222222222	1.0	1.0	0.9722222222222222	1.0	1.0	0.9722222222222222	0.9722222222222222	1.0	NaN	1.0	1.0	1.0	0.9722222222222222	0.9166666666666666	1.0	1.0	0.9166666666666666	0.9722222222222222	0.9722222222222222	1.0	0.9722222222222222	1.0	1.0	0	1.0	1.0	0.9722222222222222	1.0	1.0	0.9722222222222222	0.88	1.0	
1.0	1.0	1.0	0.7352941176470589	0.9117647058823529	1.0	1.0	1.0	1.0	1.0	NaN	1.0	1.0	1.0	1.0	0.8235294117647058	1.0	1.0	1.0	0.0	1.0	0.8235294117647058	0.8235294117647058	1.0	NaN	0.8235294117647058	1.0	1.0	1.0	1.0	1.0	1.0	0.9411764705882353	0.8235294117647058	0.5882352941176471	0.7	1.0	1.0	1.0	1.0	0	1.0	1.0	0.7931034482758621	1.0	0.9411764705882353	1.0	1.0	
0.8657718120805369	0.8461538461538461	1.0	0.8831168831168831	0.9155844155844156	0.8636363636363636	0.987012987012987	0.8533333333333334	0.8220338983050848	0.25	NaN	0.4864864864864865	1.0	0.967741935483871	1.0	0.8701298701298701	0.8701298701298701	0.8125	0.8701298701298701	1.0	1.0	0.9935064935064936	0.8701298701298701	0.8701298701298701	NaN	0.8503401360544217	0.961038961038961	0.6666666666666666	0.987012987012987	0.8533333333333334	1.0	0.8506493506493507	0.8506493506493507	0.8506493506493507	0.974025974025974	1.0	0.851063829787234	1.0	0.7857142857142857	1.0	1.0	0	0.9251700680272109	1.0	1.0	0.8701298701298701	1.0	0.8360655737704918	
0.7142857142857143	0.9230769230769231	0.0	0.8503401360544217	0.9523809523809523	0.7142857142857143	0.9863945578231292	0.5986394557823129	0.6864406779661016	0.5833333333333334	NaN	0.6486486486486487	0.1111111111111111	0.7096774193548387	1.0	0.673469387755102	0.6938775510204082	0.0	0.7482993197278912	1.0	1.0	0.9183673469387755	0.673469387755102	0.8095238095238095	NaN	0.782312925170068	0.6802721088435374	0.5454545454545454	0.9659863945578231	0.5306122448979592	1.0	0.6530612244897959	0.54421768707483	0.5850340136054422	0.7006802721088435	1.0	0.7092198581560284	1.0	0.891156462585034	0.9722222222222222	1.0	0.9251700680272109	0	1.0	1.0	0.6326530612244898	0.68	0.680327868852459	
1.0	1.0	1.0	0.8620689655172413	0.896551724137931	1.0	1.0	1.0	1.0	1.0	NaN	1.0	1.0	1.0	1.0	0.7931034482758621	1.0	1.0	1.0	0.0	1.0	0.7931034482758621	0.7931034482758621	1.0	NaN	0.7931034482758621	1.0	1.0	1.0	1.0	1.0	1.0	0.7241379310344828	0.5862068965517241	0.7931034482758621	0.0	1.0	1.0	1.0	1.0	0.7931034482758621	1.0	1.0	0	1.0	0.9310344827586207	1.0	1.0	
1.0	1.0	1.0	1.0	1.0	1.0	1.0	1.0	1.0	1.0	NaN	1.0	1.0	1.0	1.0	1.0	1.0	1.0	1.0	1.0	1.0	1.0	1.0	1.0	NaN	1.0	1.0	1.0	1.0	1.0	1.0	1.0	1.0	1.0	1.0	1.0	1.0	0.0	0.9726027397260274	1.0	1.0	1.0	1.0	1.0	0	1.0	1.0	1.0	
0.7046979865771812	0.9230769230769231	0.3333333333333333	0.9545454545454546	0.9545454545454546	0.7443181818181818	0.9772727272727273	0.56	0.6779661016949152	0.25	NaN	0.4864864864864865	0.6666666666666666	0.7903225806451613	1.0	0.7102272727272727	0.7151162790697675	0.375	0.7954545454545454	0.6666666666666666	1.0	0.9375	0.7045454545454546	0.7391304347826086	NaN	0.7074829931972789	0.8068181818181818	0.42424242424242425	0.9715909090909091	0.56	1.0	0.7215909090909091	0.5625	0.6136363636363636	0.8465909090909091	0.9	0.7021276595744681	1.0	0.8636363636363636	0.9722222222222222	0.9411764705882353	0.8701298701298701	0.6326530612244898	0.9310344827586207	1.0	0	0.76	0.6639344262295082	
1.0	1.0	1.0	0.96	0.76	0.48	0.84	0.76	0.92	1.0	NaN	0.92	0.6666666666666666	1.0	1.0	0.76	1.0	1.0	0.76	1.0	1.0	0.76	0.76	1.0	NaN	0.92	1.0	0.92	0.88	0.68	1.0	1.0	0.68	0.76	0.64	1.0	0.56	1.0	1.0	0.88	1.0	1.0	0.68	1.0	1.0	0.76	0	1.0	
0.5573770491803278	0.9230769230769231	1.0	0.860655737704918	0.9836065573770492	0.6557377049180327	0.9672131147540983	0.5245901639344263	0.6694915254237288	0.25	NaN	0.4864864864864865	0.4444444444444444	0.9354838709677419	1.0	0.1885245901639344	0.7295081967213115	0.625	0.5819672131147541	1.0	1.0	0.8852459016393442	0.0	0.28688524590163933	NaN	0.7459016393442623	0.7704918032786885	0.5303030303030303	0.9590163934426229	0.4426229508196721	0.9512195121951219	0.6721311475409836	0.5737704918032787	0.5245901639344263	0.8360655737704918	1.0	0.7622950819672131	1.0	0.819672131147541	1.0	1.0	0.8360655737704918	0.680327868852459	1.0	1.0	0.6639344262295082	1.0	0	
