0	NaN	0.0	0.3157894736842105	NaN	0.868421052631579	0.0	0.0	0.868421052631579	0.6578947368421053	0.868421052631579	0.6052631578947368	0.0	1.0	0.0	0.8484848484848485	NaN	1.0	0.868421052631579	NaN	NaN	NaN	0.868421052631579	0.10526315789473684	1.0	0.6666666666666666	0.9473684210526315	NaN	0.8484848484848485	
NaN	0	NaN	NaN	NaN	NaN	NaN	NaN	NaN	NaN	NaN	NaN	NaN	NaN	NaN	NaN	NaN	NaN	NaN	NaN	NaN	NaN	NaN	NaN	NaN	NaN	NaN	NaN	NaN	
0.0	NaN	0	0.3157894736842105	NaN	0.8717948717948718	0.0	0.0	0.8717948717948718	0.6666666666666666	0.8717948717948718	0.6153846153846154	0.0	1.0	0.0	0.8484848484848485	NaN	1.0	0.8717948717948718	NaN	NaN	NaN	0.8717948717948718	0.1282051282051282	1.0	0.6666666666666666	0.9487179487179487	NaN	0.8484848484848485	
0.3157894736842105	NaN	0.3157894736842105	0	NaN	1.0	0.30303030303030304	0.0	1.0	0.8421052631578947	1.0	0.8421052631578947	0.3157894736842105	1.0	1.0	1.0	NaN	1.0	1.0	NaN	NaN	NaN	1.0	0.3157894736842105	1.0	0.8484848484848485	1.0	NaN	1.0	
NaN	NaN	NaN	NaN	0	NaN	NaN	NaN	NaN	NaN	NaN	NaN	NaN	NaN	NaN	NaN	NaN	NaN	NaN	NaN	NaN	NaN	NaN	NaN	NaN	NaN	NaN	NaN	NaN	
0.868421052631579	NaN	0.8717948717948718	1.0	NaN	0	0.8484848484848485	1.0	0.05128205128205128	0.8717948717948718	0.05128205128205128	0.8717948717948718	0.8717948717948718	0.6666666666666666	0.0	0.5757575757575758	NaN	0.9615384615384616	0.05128205128205128	NaN	NaN	NaN	0.0	0.8974358974358975	1.0	0.8484848484848485	1.0	NaN	0.0	
0.0	NaN	0.0	0.30303030303030304	NaN	0.8484848484848485	0	0.5	0.8484848484848485	0.696969696969697	0.8484848484848485	0.6666666666666666	0.0	1.0	0.0	0.8484848484848485	NaN	1.0	0.8484848484848485	NaN	NaN	NaN	0.8484848484848485	0.09090909090909091	1.0	0.7575757575757576	0.9696969696969697	NaN	0.8484848484848485	
0.0	NaN	0.0	0.0	NaN	1.0	0.5	0	1.0	0.16666666666666666	1.0	0.16666666666666666	0.0	1.0	1.0	1.0	NaN	1.0	1.0	NaN	NaN	NaN	1.0	0.0	1.0	0.16666666666666666	1.0	NaN	1.0	
0.868421052631579	NaN	0.8717948717948718	1.0	NaN	0.05128205128205128	0.8484848484848485	1.0	0	0.8717948717948718	0.0	0.8717948717948718	0.8717948717948718	0.6666666666666666	0.0	0.5757575757575758	NaN	0.9615384615384616	0.05128205128205128	NaN	NaN	NaN	0.05128205128205128	0.8974358974358975	1.0	0.8484848484848485	1.0	NaN	0.0	
0.6578947368421053	NaN	0.6666666666666666	0.8421052631578947	NaN	0.8717948717948718	0.696969696969697	0.16666666666666666	0.8717948717948718	0	0.8717948717948718	0.04878048780487805	0.6829268292682927	1.0	0.0	0.8484848484848485	NaN	1.0	0.8717948717948718	NaN	NaN	NaN	0.8717948717948718	0.6923076923076923	1.0	0.6060606060606061	1.0	NaN	0.8484848484848485	
0.868421052631579	NaN	0.8717948717948718	1.0	NaN	0.05128205128205128	0.8484848484848485	1.0	0.0	0.8717948717948718	0	0.8717948717948718	0.8717948717948718	0.6666666666666666	0.0	0.5757575757575758	NaN	0.9615384615384616	0.05128205128205128	NaN	NaN	NaN	0.05128205128205128	0.8974358974358975	1.0	0.8484848484848485	1.0	NaN	0.0	
0.6052631578947368	NaN	0.6153846153846154	0.8421052631578947	NaN	0.8717948717948718	0.6666666666666666	0.16666666666666666	0.8717948717948718	0.04878048780487805	0.8717948717948718	0	0.6341463414634146	1.0	0.0	0.8484848484848485	NaN	1.0	0.8717948717948718	NaN	NaN	NaN	0.8717948717948718	0.6410256410256411	1.0	0.6060606060606061	0.9487179487179487	NaN	0.8484848484848485	
0.0	NaN	0.0	0.3157894736842105	NaN	0.8717948717948718	0.0	0.0	0.8717948717948718	0.6829268292682927	0.8717948717948718	0.6341463414634146	0	1.0	0.0	0.8484848484848485	NaN	1.0	0.8717948717948718	NaN	NaN	NaN	0.8717948717948718	0.1282051282051282	1.0	0.6666666666666666	0.9487179487179487	NaN	0.8484848484848485	
1.0	NaN	1.0	1.0	NaN	0.6666666666666666	1.0	1.0	0.6666666666666666	1.0	0.6666666666666666	1.0	1.0	0	1.0	1.0	NaN	1.0	0.6666666666666666	NaN	NaN	NaN	0.6666666666666666	1.0	1.0	1.0	1.0	NaN	0.6060606060606061	
0.0	NaN	0.0	1.0	NaN	0.0	0.0	1.0	0.0	0.0	0.0	0.0	0.0	1.0	0	0.0	NaN	1.0	0.0	NaN	NaN	NaN	0.0	0.2	1.0	0.0	1.0	NaN	0.0	
0.8484848484848485	NaN	0.8484848484848485	1.0	NaN	0.5757575757575758	0.8484848484848485	1.0	0.5757575757575758	0.8484848484848485	0.5757575757575758	0.8484848484848485	0.8484848484848485	1.0	0.0	0	NaN	0.9615384615384616	0.5757575757575758	NaN	NaN	NaN	0.5757575757575758	0.8787878787878788	1.0	0.8484848484848485	1.0	NaN	0.5757575757575758	
NaN	NaN	NaN	NaN	NaN	NaN	NaN	NaN	NaN	NaN	NaN	NaN	NaN	NaN	NaN	NaN	0	NaN	NaN	NaN	NaN	NaN	NaN	NaN	NaN	NaN	NaN	NaN	NaN	
1.0	NaN	1.0	1.0	NaN	0.9615384615384616	1.0	1.0	0.9615384615384616	1.0	0.9615384615384616	1.0	1.0	1.0	1.0	0.9615384615384616	NaN	0	0.9615384615384616	NaN	NaN	NaN	0.9615384615384616	1.0	1.0	1.0	1.0	NaN	0.9615384615384616	
0.868421052631579	NaN	0.8717948717948718	1.0	NaN	0.05128205128205128	0.8484848484848485	1.0	0.05128205128205128	0.8717948717948718	0.05128205128205128	0.8717948717948718	0.8717948717948718	0.6666666666666666	0.0	0.5757575757575758	NaN	0.9615384615384616	0	NaN	NaN	NaN	0.05128205128205128	0.8974358974358975	1.0	0.8484848484848485	1.0	NaN	0.0	
NaN	NaN	NaN	NaN	NaN	NaN	NaN	NaN	NaN	NaN	NaN	NaN	NaN	NaN	NaN	NaN	NaN	NaN	NaN	0	NaN	NaN	NaN	NaN	NaN	NaN	NaN	NaN	NaN	
NaN	NaN	NaN	NaN	NaN	NaN	NaN	NaN	NaN	NaN	NaN	NaN	NaN	NaN	NaN	NaN	NaN	NaN	NaN	NaN	0	NaN	NaN	NaN	NaN	NaN	NaN	NaN	NaN	
NaN	NaN	NaN	NaN	NaN	NaN	NaN	NaN	NaN	NaN	NaN	NaN	NaN	NaN	NaN	NaN	NaN	NaN	NaN	NaN	NaN	0	NaN	NaN	NaN	NaN	NaN	NaN	NaN	
0.868421052631579	NaN	0.8717948717948718	1.0	NaN	0.0	0.8484848484848485	1.0	0.05128205128205128	0.8717948717948718	0.05128205128205128	0.8717948717948718	0.8717948717948718	0.6666666666666666	0.0	0.5757575757575758	NaN	0.9615384615384616	0.05128205128205128	NaN	NaN	NaN	0	0.8974358974358975	1.0	0.8484848484848485	1.0	NaN	0.0	
0.10526315789473684	NaN	0.1282051282051282	0.3157894736842105	NaN	0.8974358974358975	0.09090909090909091	0.0	0.8974358974358975	0.6923076923076923	0.8974358974358975	0.6410256410256411	0.1282051282051282	1.0	0.2	0.8787878787878788	NaN	1.0	0.8974358974358975	NaN	NaN	NaN	0.8974358974358975	0	1.0	0.696969696969697	0.9487179487179487	NaN	0.8787878787878788	
1.0	NaN	1.0	1.0	NaN	1.0	1.0	1.0	1.0	1.0	1.0	1.0	1.0	1.0	1.0	1.0	NaN	1.0	1.0	NaN	NaN	NaN	1.0	1.0	0	1.0	1.0	NaN	1.0	
0.6666666666666666	NaN	0.6666666666666666	0.8484848484848485	NaN	0.8484848484848485	0.7575757575757576	0.16666666666666666	0.8484848484848485	0.6060606060606061	0.8484848484848485	0.6060606060606061	0.6666666666666666	1.0	0.0	0.8484848484848485	NaN	1.0	0.8484848484848485	NaN	NaN	NaN	0.8484848484848485	0.696969696969697	1.0	0	1.0	NaN	0.8484848484848485	
0.9473684210526315	NaN	0.9487179487179487	1.0	NaN	1.0	0.9696969696969697	1.0	1.0	1.0	1.0	0.9487179487179487	0.9487179487179487	1.0	1.0	1.0	NaN	1.0	1.0	NaN	NaN	NaN	1.0	0.9487179487179487	1.0	1.0	0	NaN	1.0	
NaN	NaN	NaN	NaN	NaN	NaN	NaN	NaN	NaN	NaN	NaN	NaN	NaN	NaN	NaN	NaN	NaN	NaN	NaN	NaN	NaN	NaN	NaN	NaN	NaN	NaN	NaN	0	NaN	
0.8484848484848485	NaN	0.8484848484848485	1.0	NaN	0.0	0.8484848484848485	1.0	0.0	0.8484848484848485	0.0	0.8484848484848485	0.8484848484848485	0.6060606060606061	0.0	0.5757575757575758	NaN	0.9615384615384616	0.0	NaN	NaN	NaN	0.0	0.8787878787878788	1.0	0.8484848484848485	1.0	NaN	0	
