0	0.3793103448275862	0.8	1.0	0.5959595959595959	0.42857142857142855	0.5825242718446602	0.7	0.8238095238095238	0.5904761904761905	NaN	0.2913907284768212	0.8285714285714286	0.7	0.8523809523809524	0.8082191780821918	0.8142857142857143	0.8285714285714286	0.8380952380952381	0.8047619047619048	0.8011049723756906	0.8047619047619048	0.8238095238095238	0.8380952380952381	1.0	0.0	0.719047619047619	0.7864077669902912	0.780952380952381	0.3932038834951456	0.7571428571428571	0.0	0.08333333333333333	0.8666666666666667	0.6220095693779905	0.4431818181818182	0.4523809523809524	0.7761904761904762	0.7095238095238096	0.7333333333333333	
0.3793103448275862	0	1.0	1.0	0.8620689655172413	0.6896551724137931	0.0	0.4482758620689655	1.0	0.20689655172413793	NaN	0.0	1.0	0.06896551724137931	0.8620689655172413	1.0	0.8620689655172413	1.0	0.8620689655172413	0.8620689655172413	1.0	0.8620689655172413	0.8620689655172413	1.0	1.0	1.0	0.1724137931034483	1.0	0.8620689655172413	0.0	0.8620689655172413	1.0	1.0	1.0	0.6896551724137931	1.0	0.0	0.8620689655172413	0.4827586206896552	1.0	
0.8	1.0	0	1.0	0.8	0.8	0.8	1.0	1.0	0.8	NaN	1.0	1.0	0.8	1.0	1.0	1.0	1.0	1.0	1.0	1.0	1.0	1.0	1.0	1.0	1.0	1.0	1.0	1.0	0.8	1.0	1.0	1.0	1.0	1.0	1.0	1.0	1.0	1.0	1.0	
1.0	1.0	1.0	0	0.9375	0.625	0.6875	1.0	1.0	1.0	NaN	0.6875	1.0	0.625	1.0	0.75	1.0	1.0	1.0	1.0	1.0	1.0	1.0	1.0	1.0	1.0	1.0	1.0	1.0	0.625	1.0	1.0	0.625	0.875	1.0	1.0	0.8125	1.0	1.0	1.0	
0.5959595959595959	0.8620689655172413	0.8	0.9375	0	0.43434343434343436	0.6262626262626263	0.8333333333333334	0.8434343434343434	0.696969696969697	NaN	0.6026490066225165	0.8232323232323232	0.7070707070707071	0.7929292929292929	0.8767123287671232	0.803030303030303	0.8232323232323232	0.7828282828282829	0.7676767676767676	0.850828729281768	0.7676767676767676	0.803030303030303	0.8484848484848485	0.9830508474576272	0.0	0.8080808080808081	0.7727272727272727	0.7525252525252525	0.5808080808080808	0.7171717171717171	0.0	0.36904761904761907	0.8686868686868687	0.6212121212121212	0.5909090909090909	0.5808080808080808	0.7171717171717171	0.8333333333333334	0.762962962962963	
0.42857142857142855	0.6896551724137931	0.8	0.625	0.43434343434343436	0	0.5194174757281553	0.7685589519650655	0.8478260869565217	0.6359447004608295	NaN	0.3509933774834437	0.8225108225108225	0.6343612334801763	0.7965367965367965	0.7534246575342466	0.8051948051948052	0.8225108225108225	0.7965367965367965	0.7748917748917749	0.7790055248618785	0.7748917748917749	0.8051948051948052	0.8441558441558441	0.9491525423728814	0.0	0.7610619469026548	0.6699029126213593	0.6592920353982301	0.35436893203883496	0.6200873362445415	0.0	0.0	0.8304347826086956	0.42105263157894735	0.4431818181818182	0.45454545454545453	0.6320346320346321	0.7965367965367965	0.7333333333333333	
0.5825242718446602	0.0	0.8	0.6875	0.6262626262626263	0.5194174757281553	0	0.6941747572815534	0.8203883495145631	0.5631067961165048	NaN	0.4768211920529801	0.8203883495145631	0.5339805825242718	0.8203883495145631	0.821917808219178	0.8009708737864077	0.8203883495145631	0.7718446601941747	0.8009708737864077	0.8011049723756906	0.8009708737864077	0.8009708737864077	0.8398058252427184	0.9830508474576272	0.0	0.6504854368932039	0.8203883495145631	0.8009708737864077	0.4854368932038835	0.7524271844660194	0.391304347826087	0.5952380952380952	0.883495145631068	0.7572815533980582	0.6704545454545454	0.5145631067961165	0.7524271844660194	0.7475728155339806	0.7333333333333333	
0.7	0.4482758620689655	1.0	1.0	0.8333333333333334	0.7685589519650655	0.6941747572815534	0	0.6899563318777293	0.7373271889400922	NaN	0.5695364238410596	0.5851528384279476	0.7929515418502202	0.6331877729257642	0.8082191780821918	0.6069868995633187	0.5851528384279476	0.6637554585152838	0.6593886462882096	0.5524861878453039	0.6593886462882096	0.5938864628820961	0.6244541484716157	0.6779661016949152	0.0	0.4557522123893805	0.4854368932038835	0.584070796460177	0.616504854368932	0.5109170305676856	0.34782608695652173	0.4523809523809524	0.8646288209606987	0.7368421052631579	0.48863636363636365	0.6855895196506551	0.519650655021834	0.5065502183406113	0.5407407407407407	
0.8238095238095238	1.0	1.0	1.0	0.8434343434343434	0.8478260869565217	0.8203883495145631	0.6899563318777293	0	0.7880184331797235	NaN	0.7947019867549668	0.4217391304347826	0.8810572687224669	0.43478260869565216	0.8767123287671232	0.3130434782608696	0.4043478260869565	0.5173913043478261	0.3652173913043478	0.712707182320442	0.3652173913043478	0.4956521739130435	0.45217391304347826	0.15254237288135594	0.0	0.6017699115044248	0.5048543689320388	0.6017699115044248	0.7621359223300971	0.5720524017467249	0.3695652173913043	0.6190476190476191	0.8652173913043478	0.7942583732057417	0.6590909090909091	0.8	0.5739130434782609	0.6869565217391305	0.4148148148148148	
0.5904761904761905	0.20689655172413793	0.8	1.0	0.696969696969697	0.6359447004608295	0.5631067961165048	0.7373271889400922	0.7880184331797235	0	NaN	0.48344370860927155	0.7880184331797235	0.6912442396313364	0.783410138248848	0.8767123287671232	0.7695852534562212	0.7880184331797235	0.7741935483870968	0.7695852534562212	0.8176795580110497	0.7695852534562212	0.7695852534562212	0.8018433179723502	0.7627118644067796	0.0	0.631336405529954	0.7766990291262136	0.7695852534562212	0.3155339805825243	0.7695852534562212	0.13043478260869565	0.4880952380952381	0.8064516129032258	0.6746411483253588	0.6136363636363636	0.5207373271889401	0.7695852534562212	0.783410138248848	0.762962962962963	
NaN	NaN	NaN	NaN	NaN	NaN	NaN	NaN	NaN	NaN	0	NaN	NaN	NaN	NaN	NaN	NaN	NaN	NaN	NaN	NaN	NaN	NaN	NaN	NaN	NaN	NaN	NaN	NaN	NaN	NaN	NaN	NaN	NaN	NaN	NaN	NaN	NaN	NaN	NaN	
0.2913907284768212	0.0	1.0	0.6875	0.6026490066225165	0.3509933774834437	0.4768211920529801	0.5695364238410596	0.7947019867549668	0.48344370860927155	NaN	0	0.7682119205298014	0.6225165562913907	0.7682119205298014	0.7534246575342466	0.7417218543046358	0.7682119205298014	0.7748344370860927	0.7417218543046358	0.7615894039735099	0.7417218543046358	0.7417218543046358	0.7947019867549668	1.0	0.0	0.5562913907284768	0.7350993377483444	0.6754966887417219	0.17880794701986755	0.6556291390728477	0.043478260869565216	0.03571428571428571	0.8211920529801324	0.4900662251655629	0.4659090909090909	0.25165562913907286	0.6688741721854304	0.5960264900662252	0.7407407407407407	
0.8285714285714286	1.0	1.0	1.0	0.8232323232323232	0.8225108225108225	0.8203883495145631	0.5851528384279476	0.4217391304347826	0.7880184331797235	NaN	0.7682119205298014	0	0.8810572687224669	0.12048192771084337	0.8493150684931506	0.3178294573643411	0.07364341085271318	0.5038759689922481	0.3466135458167331	0.6022099447513812	0.3466135458167331	0.3023255813953488	0.0642570281124498	0.22033898305084745	0.0	0.5132743362831859	0.4029126213592233	0.504424778761062	0.7378640776699029	0.4497816593886463	0.34782608695652173	0.5714285714285714	0.8478260869565217	0.7655502392344498	0.6136363636363636	0.7835497835497836	0.47717842323651455	0.631578947368421	0.0962962962962963	
0.7	0.06896551724137931	0.8	0.625	0.7070707070707071	0.6343612334801763	0.5339805825242718	0.7929515418502202	0.8810572687224669	0.6912442396313364	NaN	0.6225165562913907	0.8810572687224669	0	0.8722466960352423	0.8356164383561644	0.8722466960352423	0.8810572687224669	0.8722466960352423	0.8722466960352423	0.8397790055248618	0.8722466960352423	0.8722466960352423	0.8810572687224669	0.9661016949152542	0.14814814814814814	0.7522123893805309	0.8689320388349514	0.8716814159292036	0.5776699029126213	0.8414096916299559	0.5	0.6309523809523809	0.8898678414096917	0.7990430622009569	0.7386363636363636	0.6211453744493393	0.8414096916299559	0.8237885462555066	0.8148148148148148	
0.8523809523809524	0.8620689655172413	1.0	1.0	0.7929292929292929	0.7965367965367965	0.8203883495145631	0.6331877729257642	0.43478260869565216	0.783410138248848	NaN	0.7682119205298014	0.12048192771084337	0.8722466960352423	0	0.8493150684931506	0.2891566265060241	0.12048192771084337	0.4578313253012048	0.3172690763052209	0.5966850828729282	0.3172690763052209	0.25301204819277107	0.14859437751004015	0.15254237288135594	0.037037037037037035	0.5530973451327433	0.4029126213592233	0.5132743362831859	0.7475728155339806	0.43231441048034935	0.43478260869565216	0.6309523809523809	0.8652173913043478	0.7368421052631579	0.6704545454545454	0.7878787878787878	0.4605809128630705	0.680161943319838	0.16296296296296298	
0.8082191780821918	1.0	1.0	0.75	0.8767123287671232	0.7534246575342466	0.821917808219178	0.8082191780821918	0.8767123287671232	0.8767123287671232	NaN	0.7534246575342466	0.8493150684931506	0.8356164383561644	0.8493150684931506	0	0.8493150684931506	0.8493150684931506	0.8767123287671232	0.8493150684931506	0.8082191780821918	0.8493150684931506	0.8493150684931506	0.8493150684931506	1.0	0.6666666666666666	0.821917808219178	0.8082191780821918	0.8082191780821918	0.7534246575342466	0.8082191780821918	0.8043478260869565	0.7534246575342466	0.821917808219178	0.8082191780821918	0.8082191780821918	0.7671232876712328	0.8082191780821918	0.8082191780821918	0.8493150684931506	
0.8142857142857143	0.8620689655172413	1.0	1.0	0.803030303030303	0.8051948051948052	0.8009708737864077	0.6069868995633187	0.3130434782608696	0.7695852534562212	NaN	0.7417218543046358	0.3178294573643411	0.8722466960352423	0.2891566265060241	0.8493150684931506	0	0.3178294573643411	0.562015503875969	0.23904382470119523	0.6298342541436464	0.23904382470119523	0.3643410852713178	0.30120481927710846	0.2711864406779661	0.0	0.4823008849557522	0.4029126213592233	0.504424778761062	0.7233009708737864	0.47161572052401746	0.34782608695652173	0.5714285714285714	0.8478260869565217	0.7464114832535885	0.6136363636363636	0.7662337662337663	0.4979253112033195	0.6234817813765182	0.15555555555555556	
0.8285714285714286	1.0	1.0	1.0	0.8232323232323232	0.8225108225108225	0.8203883495145631	0.5851528384279476	0.4043478260869565	0.7880184331797235	NaN	0.7682119205298014	0.07364341085271318	0.8810572687224669	0.12048192771084337	0.8493150684931506	0.3178294573643411	0	0.5038759689922481	0.3466135458167331	0.6022099447513812	0.3466135458167331	0.3023255813953488	0.13253012048192772	0.22033898305084745	0.0	0.5132743362831859	0.4029126213592233	0.504424778761062	0.7378640776699029	0.4497816593886463	0.34782608695652173	0.5714285714285714	0.8478260869565217	0.7655502392344498	0.6136363636363636	0.7835497835497836	0.47717842323651455	0.631578947368421	0.0962962962962963	
0.8380952380952381	0.8620689655172413	1.0	1.0	0.7828282828282829	0.7965367965367965	0.7718446601941747	0.6637554585152838	0.5173913043478261	0.7741935483870968	NaN	0.7748344370860927	0.5038759689922481	0.8722466960352423	0.4578313253012048	0.8767123287671232	0.562015503875969	0.5038759689922481	0	0.5856573705179283	0.6906077348066298	0.5856573705179283	0.4573643410852713	0.5100401606425703	0.22033898305084745	0.0	0.584070796460177	0.3932038834951456	0.5442477876106194	0.7427184466019418	0.462882096069869	0.391304347826087	0.6309523809523809	0.8695652173913043	0.7368421052631579	0.6704545454545454	0.7878787878787878	0.4896265560165975	0.7125506072874493	0.6148148148148148	
0.8047619047619048	0.8620689655172413	1.0	1.0	0.7676767676767676	0.7748917748917749	0.8009708737864077	0.6593886462882096	0.3652173913043478	0.7695852534562212	NaN	0.7417218543046358	0.3466135458167331	0.8722466960352423	0.3172690763052209	0.8493150684931506	0.23904382470119523	0.3466135458167331	0.5856573705179283	0	0.6574585635359116	0.0	0.44621513944223107	0.3493975903614458	0.3559322033898305	0.0	0.5353982300884956	0.44660194174757284	0.49557522123893805	0.7233009708737864	0.5021834061135371	0.34782608695652173	0.5714285714285714	0.8478260869565217	0.7129186602870813	0.6136363636363636	0.7662337662337663	0.5269709543568465	0.6639676113360324	0.16296296296296298	
0.8011049723756906	1.0	1.0	1.0	0.850828729281768	0.7790055248618785	0.8011049723756906	0.5524861878453039	0.712707182320442	0.8176795580110497	NaN	0.7615894039735099	0.6022099447513812	0.8397790055248618	0.5966850828729282	0.8082191780821918	0.6298342541436464	0.6022099447513812	0.6906077348066298	0.6574585635359116	0	0.6574585635359116	0.5966850828729282	0.6022099447513812	0.9322033898305084	0.037037037037037035	0.5303867403314917	0.5580110497237569	0.5524861878453039	0.7734806629834254	0.49171270718232046	0.43478260869565216	0.5714285714285714	0.861878453038674	0.7955801104972375	0.6363636363636364	0.7790055248618785	0.49171270718232046	0.5524861878453039	0.5703703703703704	
0.8047619047619048	0.8620689655172413	1.0	1.0	0.7676767676767676	0.7748917748917749	0.8009708737864077	0.6593886462882096	0.3652173913043478	0.7695852534562212	NaN	0.7417218543046358	0.3466135458167331	0.8722466960352423	0.3172690763052209	0.8493150684931506	0.23904382470119523	0.3466135458167331	0.5856573705179283	0.0	0.6574585635359116	0	0.44621513944223107	0.3493975903614458	0.3559322033898305	0.0	0.5353982300884956	0.44660194174757284	0.49557522123893805	0.7233009708737864	0.5021834061135371	0.34782608695652173	0.5714285714285714	0.8478260869565217	0.7129186602870813	0.6136363636363636	0.7662337662337663	0.5269709543568465	0.6639676113360324	0.16296296296296298	
0.8238095238095238	0.8620689655172413	1.0	1.0	0.803030303030303	0.8051948051948052	0.8009708737864077	0.5938864628820961	0.4956521739130435	0.7695852534562212	NaN	0.7417218543046358	0.3023255813953488	0.8722466960352423	0.25301204819277107	0.8493150684931506	0.3643410852713178	0.3023255813953488	0.4573643410852713	0.44621513944223107	0.5966850828729282	0.44621513944223107	0	0.3413654618473896	0.0	0.0	0.5132743362831859	0.39805825242718446	0.5088495575221239	0.7233009708737864	0.4279475982532751	0.34782608695652173	0.5714285714285714	0.8478260869565217	0.7464114832535885	0.6136363636363636	0.7619047619047619	0.45643153526970953	0.6396761133603239	0.2962962962962963	
0.8380952380952381	1.0	1.0	1.0	0.8484848484848485	0.8441558441558441	0.8398058252427184	0.6244541484716157	0.45217391304347826	0.8018433179723502	NaN	0.7947019867549668	0.0642570281124498	0.8810572687224669	0.14859437751004015	0.8493150684931506	0.30120481927710846	0.13253012048192772	0.5100401606425703	0.3493975903614458	0.6022099447513812	0.3493975903614458	0.3413654618473896	0	0.3389830508474576	0.037037037037037035	0.5530973451327433	0.41262135922330095	0.5442477876106194	0.7621359223300971	0.4890829694323144	0.43478260869565216	0.6309523809523809	0.8652173913043478	0.7894736842105263	0.6704545454545454	0.8051948051948052	0.5145228215767634	0.6680161943319838	0.16296296296296298	
1.0	1.0	1.0	1.0	0.9830508474576272	0.9491525423728814	0.9830508474576272	0.6779661016949152	0.15254237288135594	0.7627118644067796	NaN	1.0	0.22033898305084745	0.9661016949152542	0.15254237288135594	1.0	0.2711864406779661	0.22033898305084745	0.22033898305084745	0.3559322033898305	0.9322033898305084	0.3559322033898305	0.0	0.3389830508474576	0	1.0	0.3898305084745763	0.3389830508474576	0.3898305084745763	0.711864406779661	0.3389830508474576	1.0	1.0	0.7796610169491526	0.7796610169491526	1.0	0.7627118644067796	0.3389830508474576	0.6949152542372882	1.0	
0.0	1.0	1.0	1.0	0.0	0.0	0.0	0.0	0.0	0.0	NaN	0.0	0.0	0.14814814814814814	0.037037037037037035	0.6666666666666666	0.0	0.0	0.0	0.0	0.037037037037037035	0.0	0.0	0.037037037037037035	1.0	0	0.0	0.0	0.0	0.0	0.0	0.0	0.0	0.5185185185185185	0.0	0.0	0.0	0.0	0.0	0.0	
0.719047619047619	0.1724137931034483	1.0	1.0	0.8080808080808081	0.7610619469026548	0.6504854368932039	0.4557522123893805	0.6017699115044248	0.631336405529954	NaN	0.5562913907284768	0.5132743362831859	0.7522123893805309	0.5530973451327433	0.821917808219178	0.4823008849557522	0.5132743362831859	0.584070796460177	0.5353982300884956	0.5303867403314917	0.5353982300884956	0.5132743362831859	0.5530973451327433	0.3898305084745763	0.0	0	0.4174757281553398	0.35398230088495575	0.5388349514563107	0.336283185840708	0.34782608695652173	0.5238095238095238	0.7964601769911505	0.7033492822966507	0.5909090909090909	0.6106194690265486	0.35398230088495575	0.34513274336283184	0.5037037037037037	
0.7864077669902912	1.0	1.0	1.0	0.7727272727272727	0.6699029126213593	0.8203883495145631	0.4854368932038835	0.5048543689320388	0.7766990291262136	NaN	0.7350993377483444	0.4029126213592233	0.8689320388349514	0.4029126213592233	0.8082191780821918	0.4029126213592233	0.4029126213592233	0.3932038834951456	0.44660194174757284	0.5580110497237569	0.44660194174757284	0.39805825242718446	0.41262135922330095	0.3389830508474576	0.0	0.4174757281553398	0	0.2766990291262136	0.7135922330097088	0.1796116504854369	0.34782608695652173	0.5119047619047619	0.8203883495145631	0.6407766990291263	0.5795454545454546	0.7330097087378641	0.1796116504854369	0.5048543689320388	0.5259259259259259	
0.780952380952381	0.8620689655172413	1.0	1.0	0.7525252525252525	0.6592920353982301	0.8009708737864077	0.584070796460177	0.6017699115044248	0.7695852534562212	NaN	0.6754966887417219	0.504424778761062	0.8716814159292036	0.5132743362831859	0.8082191780821918	0.504424778761062	0.504424778761062	0.5442477876106194	0.49557522123893805	0.5524861878453039	0.49557522123893805	0.5088495575221239	0.5442477876106194	0.3898305084745763	0.0	0.35398230088495575	0.2766990291262136	0	0.6699029126213593	0.19911504424778761	0.34782608695652173	0.4523809523809524	0.8362831858407079	0.569377990430622	0.5227272727272727	0.7168141592920354	0.19911504424778761	0.34513274336283184	0.5037037037037037	
0.3932038834951456	0.0	0.8	0.625	0.5808080808080808	0.35436893203883496	0.4854368932038835	0.616504854368932	0.7621359223300971	0.3155339805825243	NaN	0.17880794701986755	0.7378640776699029	0.5776699029126213	0.7475728155339806	0.7534246575342466	0.7233009708737864	0.7378640776699029	0.7427184466019418	0.7233009708737864	0.7734806629834254	0.7233009708737864	0.7233009708737864	0.7621359223300971	0.711864406779661	0.0	0.5388349514563107	0.7135922330097088	0.6699029126213593	0	0.6213592233009708	0.0	0.0	0.7524271844660194	0.49029126213592233	0.4431818181818182	0.28640776699029125	0.6310679611650486	0.6796116504854369	0.7333333333333333	
0.7571428571428571	0.8620689655172413	1.0	1.0	0.7171717171717171	0.6200873362445415	0.7524271844660194	0.5109170305676856	0.5720524017467249	0.7695852534562212	NaN	0.6556291390728477	0.4497816593886463	0.8414096916299559	0.43231441048034935	0.8082191780821918	0.47161572052401746	0.4497816593886463	0.462882096069869	0.5021834061135371	0.49171270718232046	0.5021834061135371	0.4279475982532751	0.4890829694323144	0.3389830508474576	0.0	0.336283185840708	0.1796116504854369	0.19911504424778761	0.6213592233009708	0	0.34782608695652173	0.4166666666666667	0.8384279475982532	0.5885167464114832	0.48863636363636365	0.6637554585152838	0.034934497816593885	0.43231441048034935	0.5037037037037037	
0.0	1.0	1.0	1.0	0.0	0.0	0.391304347826087	0.34782608695652173	0.3695652173913043	0.13043478260869565	NaN	0.043478260869565216	0.34782608695652173	0.5	0.43478260869565216	0.8043478260869565	0.34782608695652173	0.34782608695652173	0.391304347826087	0.34782608695652173	0.43478260869565216	0.34782608695652173	0.34782608695652173	0.43478260869565216	1.0	0.0	0.34782608695652173	0.34782608695652173	0.34782608695652173	0.0	0.34782608695652173	0	0.0	0.5869565217391305	0.0	0.2608695652173913	0.0	0.34782608695652173	0.34782608695652173	0.34782608695652173	
0.08333333333333333	1.0	1.0	0.625	0.36904761904761907	0.0	0.5952380952380952	0.4523809523809524	0.6190476190476191	0.4880952380952381	NaN	0.03571428571428571	0.5714285714285714	0.6309523809523809	0.6309523809523809	0.7534246575342466	0.5714285714285714	0.5714285714285714	0.6309523809523809	0.5714285714285714	0.5714285714285714	0.5714285714285714	0.5714285714285714	0.6309523809523809	1.0	0.0	0.5238095238095238	0.5119047619047619	0.4523809523809524	0.0	0.4166666666666667	0.0	0	0.6547619047619048	0.16666666666666666	0.4166666666666667	0.03571428571428571	0.44047619047619047	0.4523809523809524	0.5714285714285714	
0.8666666666666667	1.0	1.0	0.875	0.8686868686868687	0.8304347826086956	0.883495145631068	0.8646288209606987	0.8652173913043478	0.8064516129032258	NaN	0.8211920529801324	0.8478260869565217	0.8898678414096917	0.8652173913043478	0.821917808219178	0.8478260869565217	0.8478260869565217	0.8695652173913043	0.8478260869565217	0.861878453038674	0.8478260869565217	0.8478260869565217	0.8652173913043478	0.7796610169491526	0.5185185185185185	0.7964601769911505	0.8203883495145631	0.8362831858407079	0.7524271844660194	0.8384279475982532	0.5869565217391305	0.6547619047619048	0	0.7894736842105263	0.5681818181818182	0.7956521739130434	0.8391304347826087	0.8956521739130435	0.837037037037037	
0.6220095693779905	0.6896551724137931	1.0	1.0	0.6212121212121212	0.42105263157894735	0.7572815533980582	0.7368421052631579	0.7942583732057417	0.6746411483253588	NaN	0.4900662251655629	0.7655502392344498	0.7990430622009569	0.7368421052631579	0.8082191780821918	0.7464114832535885	0.7655502392344498	0.7368421052631579	0.7129186602870813	0.7955801104972375	0.7129186602870813	0.7464114832535885	0.7894736842105263	0.7796610169491526	0.0	0.7033492822966507	0.6407766990291263	0.569377990430622	0.49029126213592233	0.5885167464114832	0.0	0.16666666666666666	0.7894736842105263	0	0.4431818181818182	0.5263157894736842	0.5980861244019139	0.7894736842105263	0.7481481481481481	
0.4431818181818182	1.0	1.0	1.0	0.5909090909090909	0.4431818181818182	0.6704545454545454	0.48863636363636365	0.6590909090909091	0.6136363636363636	NaN	0.4659090909090909	0.6136363636363636	0.7386363636363636	0.6704545454545454	0.8082191780821918	0.6136363636363636	0.6136363636363636	0.6704545454545454	0.6136363636363636	0.6363636363636364	0.6136363636363636	0.6136363636363636	0.6704545454545454	1.0	0.0	0.5909090909090909	0.5795454545454546	0.5227272727272727	0.4431818181818182	0.48863636363636365	0.2608695652173913	0.4166666666666667	0.5681818181818182	0.4431818181818182	0	0.4431818181818182	0.5113636363636364	0.5227272727272727	0.6136363636363636	
0.4523809523809524	0.0	1.0	0.8125	0.5808080808080808	0.45454545454545453	0.5145631067961165	0.6855895196506551	0.8	0.5207373271889401	NaN	0.25165562913907286	0.7835497835497836	0.6211453744493393	0.7878787878787878	0.7671232876712328	0.7662337662337663	0.7835497835497836	0.7878787878787878	0.7662337662337663	0.7790055248618785	0.7662337662337663	0.7619047619047619	0.8051948051948052	0.7627118644067796	0.0	0.6106194690265486	0.7330097087378641	0.7168141592920354	0.28640776699029125	0.6637554585152838	0.0	0.03571428571428571	0.7956521739130434	0.5263157894736842	0.4431818181818182	0	0.6753246753246753	0.7316017316017316	0.7333333333333333	
0.7761904761904762	0.8620689655172413	1.0	1.0	0.7171717171717171	0.6320346320346321	0.7524271844660194	0.519650655021834	0.5739130434782609	0.7695852534562212	NaN	0.6688741721854304	0.47717842323651455	0.8414096916299559	0.4605809128630705	0.8082191780821918	0.4979253112033195	0.47717842323651455	0.4896265560165975	0.5269709543568465	0.49171270718232046	0.5269709543568465	0.45643153526970953	0.5145228215767634	0.3389830508474576	0.0	0.35398230088495575	0.1796116504854369	0.19911504424778761	0.6310679611650486	0.034934497816593885	0.34782608695652173	0.44047619047619047	0.8391304347826087	0.5980861244019139	0.5113636363636364	0.6753246753246753	0	0.4605809128630705	0.5037037037037037	
0.7095238095238096	0.4827586206896552	1.0	1.0	0.8333333333333334	0.7965367965367965	0.7475728155339806	0.5065502183406113	0.6869565217391305	0.783410138248848	NaN	0.5960264900662252	0.631578947368421	0.8237885462555066	0.680161943319838	0.8082191780821918	0.6234817813765182	0.631578947368421	0.7125506072874493	0.6639676113360324	0.5524861878453039	0.6639676113360324	0.6396761133603239	0.6680161943319838	0.6949152542372882	0.0	0.34513274336283184	0.5048543689320388	0.34513274336283184	0.6796116504854369	0.43231441048034935	0.34782608695652173	0.4523809523809524	0.8956521739130435	0.7894736842105263	0.5227272727272727	0.7316017316017316	0.4605809128630705	0	0.5037037037037037	
0.7333333333333333	1.0	1.0	1.0	0.762962962962963	0.7333333333333333	0.7333333333333333	0.5407407407407407	0.4148148148148148	0.762962962962963	NaN	0.7407407407407407	0.0962962962962963	0.8148148148148148	0.16296296296296298	0.8493150684931506	0.15555555555555556	0.0962962962962963	0.6148148148148148	0.16296296296296298	0.5703703703703704	0.16296296296296298	0.2962962962962963	0.16296296296296298	1.0	0.0	0.5037037037037037	0.5259259259259259	0.5037037037037037	0.7333333333333333	0.5037037037037037	0.34782608695652173	0.5714285714285714	0.837037037037037	0.7481481481481481	0.6136363636363636	0.7333333333333333	0.5037037037037037	0.5037037037037037	0	
