0	0.21212121212121213	0.47474747474747475	0.0	0.40404040404040403	NaN	0.7681159420289855	0.7763157894736842	0.40404040404040403	0.9054054054054054	0.29411764705882354	1.0	0.40404040404040403	0.6262626262626263	1.0	0.40404040404040403	0.875	0.37037037037037035	0.40404040404040403	0.40404040404040403	0.40404040404040403	0.35353535353535354	0.40404040404040403	0.0	0.35353535353535354	0.3387096774193548	0.35353535353535354	NaN	0.40404040404040403	0.40404040404040403	0.5555555555555556	0.40404040404040403	0.40404040404040403	NaN	0.40404040404040403	0.5466666666666666	0.6133333333333333	0.59375	0.41414141414141414	NaN	0.25	0.2828282828282828	0.3434343434343434	0.0	NaN	0.40404040404040403	0.35353535353535354	0.3582089552238806	
0.21212121212121213	0	0.5229357798165137	0.0	0.19607843137254902	NaN	0.7681159420289855	0.7763157894736842	0.17592592592592593	0.9054054054054054	0.29411764705882354	0.20689655172413793	0.18627450980392157	0.6513761467889908	1.0	0.1743119266055046	1.0	0.35185185185185186	0.17592592592592593	0.18627450980392157	0.17592592592592593	0.37037037037037035	0.30392156862745096	0.0	0.37037037037037035	0.3064516129032258	0.2222222222222222	NaN	0.17592592592592593	0.1743119266055046	0.5412844036697247	0.18627450980392157	0.1743119266055046	NaN	0.1743119266055046	0.5466666666666666	0.5466666666666666	0.375	0.4803921568627451	NaN	0.2391304347826087	0.12745098039215685	0.18627450980392157	0.0	NaN	0.1743119266055046	0.3669724770642202	0.2835820895522388	
0.47474747474747475	0.5229357798165137	0	0.0	0.6764705882352942	NaN	0.8115942028985508	0.8157894736842105	0.6944444444444444	0.9054054054054054	0.6	1.0	0.6764705882352942	0.7787610619469026	1.0	0.7079646017699115	0.5	0.7407407407407407	0.6944444444444444	0.6764705882352942	0.6944444444444444	0.6203703703703703	0.6764705882352942	0.0	0.6203703703703703	0.6612903225806451	0.6944444444444444	NaN	0.6944444444444444	0.7079646017699115	0.6972477064220184	0.6764705882352942	0.7079646017699115	NaN	0.7079646017699115	0.8133333333333334	0.88	0.71875	0.6568627450980392	NaN	0.532608695652174	0.5686274509803921	0.5588235294117647	0.0	NaN	0.7079646017699115	0.6371681415929203	0.6567164179104478	
0.0	0.0	0.0	0	0.0	NaN	1.0	0.0	0.0	0.0	0.0	1.0	0.0	0.0	1.0	0.0	1.0	0.0	0.0	0.0	0.0	0.0	0.0	0.0	0.0	0.0	0.0	NaN	0.0	0.0	0.0	0.0	0.0	NaN	0.0	0.0	1.0	1.0	0.0	NaN	0.0	0.0	0.0	0.0	NaN	0.0	0.0	1.0	
0.40404040404040403	0.19607843137254902	0.6764705882352942	0.0	0	NaN	0.7681159420289855	0.7763157894736842	0.19607843137254902	0.9054054054054054	0.32941176470588235	0.3448275862068966	0.19607843137254902	0.6274509803921569	1.0	0.19607843137254902	1.0	0.35185185185185186	0.19607843137254902	0.19607843137254902	0.19607843137254902	0.38235294117647056	0.3137254901960784	0.0	0.38235294117647056	0.3064516129032258	0.23529411764705882	NaN	0.19607843137254902	0.19607843137254902	0.5098039215686274	0.19607843137254902	0.0196078431372549	NaN	0.19607843137254902	0.30666666666666664	0.6266666666666667	0.375	0.4803921568627451	NaN	0.43478260869565216	0.3137254901960784	0.35294117647058826	0.0	NaN	0.19607843137254902	0.38235294117647056	0.29850746268656714	
NaN	NaN	NaN	NaN	NaN	0	NaN	NaN	NaN	NaN	NaN	NaN	NaN	NaN	NaN	NaN	NaN	NaN	NaN	NaN	NaN	NaN	NaN	NaN	NaN	NaN	NaN	NaN	NaN	NaN	NaN	NaN	NaN	NaN	NaN	NaN	NaN	NaN	NaN	NaN	NaN	NaN	NaN	NaN	NaN	NaN	NaN	NaN	
0.7681159420289855	0.7681159420289855	0.8115942028985508	1.0	0.7681159420289855	NaN	0	0.8405797101449275	0.6956521739130435	0.927536231884058	0.7681159420289855	1.0	0.6956521739130435	0.855072463768116	1.0	0.6956521739130435	1.0	0.7592592592592593	0.6956521739130435	0.6956521739130435	0.6956521739130435	0.6956521739130435	0.6956521739130435	1.0	0.6956521739130435	0.7096774193548387	0.6956521739130435	NaN	0.6956521739130435	0.6956521739130435	0.6956521739130435	0.6956521739130435	0.6956521739130435	NaN	0.6956521739130435	0.8115942028985508	0.9130434782608695	0.71875	0.463768115942029	NaN	0.8840579710144928	0.8840579710144928	0.7681159420289855	1.0	NaN	0.6956521739130435	0.6956521739130435	0.6865671641791045	
0.7763157894736842	0.7763157894736842	0.8157894736842105	0.0	0.7763157894736842	NaN	0.8405797101449275	0	0.7763157894736842	0.9054054054054054	0.7763157894736842	1.0	0.7763157894736842	0.868421052631579	1.0	0.7763157894736842	1.0	0.8148148148148148	0.7763157894736842	0.7763157894736842	0.7763157894736842	0.7763157894736842	0.7763157894736842	0.0	0.7763157894736842	0.7741935483870968	0.7763157894736842	NaN	0.7763157894736842	0.7763157894736842	0.8157894736842105	0.7763157894736842	0.7763157894736842	NaN	0.7763157894736842	0.8666666666666667	0.9466666666666667	0.78125	0.7236842105263158	NaN	0.868421052631579	0.868421052631579	0.7763157894736842	0.0	NaN	0.7763157894736842	0.7763157894736842	0.8507462686567164	
0.40404040404040403	0.17592592592592593	0.6944444444444444	0.0	0.19607843137254902	NaN	0.6956521739130435	0.7763157894736842	0	0.7297297297297297	0.32941176470588235	0.2413793103448276	0.0	0.4722222222222222	1.0	0.0	1.0	0.0	0.0	0.0	0.0	0.19444444444444445	0.11764705882352941	0.0	0.19444444444444445	0.0	0.046296296296296294	NaN	0.0	0.0	0.3611111111111111	0.0	0.0	NaN	0.0	0.29333333333333333	0.6133333333333333	0.375	0.47058823529411764	NaN	0.43478260869565216	0.3137254901960784	0.3431372549019608	0.0	NaN	0.0	0.19444444444444445	0.13432835820895522	
0.9054054054054054	0.9054054054054054	0.9054054054054054	0.0	0.9054054054054054	NaN	0.927536231884058	0.9054054054054054	0.7297297297297297	0	0.9054054054054054	1.0	0.7297297297297297	0.7297297297297297	1.0	0.7297297297297297	1.0	0.6296296296296297	0.7297297297297297	0.7297297297297297	0.7297297297297297	0.7297297297297297	0.7297297297297297	0.0	0.7297297297297297	0.6774193548387096	0.7297297297297297	NaN	0.7297297297297297	0.7297297297297297	0.7297297297297297	0.7297297297297297	0.7297297297297297	NaN	0.7297297297297297	0.7297297297297297	0.9864864864864865	1.0	0.8918918918918919	NaN	0.9054054054054054	0.9054054054054054	0.9054054054054054	0.0	NaN	0.7297297297297297	0.7297297297297297	0.9253731343283582	
0.29411764705882354	0.29411764705882354	0.6	0.0	0.32941176470588235	NaN	0.7681159420289855	0.7763157894736842	0.32941176470588235	0.9054054054054054	0	1.0	0.32941176470588235	0.5882352941176471	1.0	0.32941176470588235	1.0	0.4074074074074074	0.32941176470588235	0.32941176470588235	0.32941176470588235	0.32941176470588235	0.32941176470588235	0.0	0.32941176470588235	0.3709677419354839	0.32941176470588235	NaN	0.32941176470588235	0.32941176470588235	0.5058823529411764	0.32941176470588235	0.32941176470588235	NaN	0.32941176470588235	0.5733333333333334	0.64	0.59375	0.3764705882352941	NaN	0.4	0.38823529411764707	0.4470588235294118	0.0	NaN	0.32941176470588235	0.32941176470588235	0.3880597014925373	
1.0	0.20689655172413793	1.0	1.0	0.3448275862068966	NaN	1.0	1.0	0.2413793103448276	1.0	1.0	0	0.3793103448275862	0.9310344827586207	1.0	0.06896551724137931	1.0	1.0	0.2413793103448276	0.3793103448275862	0.2413793103448276	0.8620689655172413	0.7931034482758621	1.0	0.8620689655172413	1.0	0.2413793103448276	NaN	0.2413793103448276	0.1724137931034483	0.8275862068965517	0.3793103448275862	0.1724137931034483	NaN	0.1724137931034483	1.0	1.0	0.7931034482758621	1.0	NaN	1.0	0.3793103448275862	0.5517241379310345	1.0	NaN	0.1724137931034483	0.7931034482758621	1.0	
0.40404040404040403	0.18627450980392157	0.6764705882352942	0.0	0.19607843137254902	NaN	0.6956521739130435	0.7763157894736842	0.0	0.7297297297297297	0.32941176470588235	0.3793103448275862	0	0.4411764705882353	1.0	0.0	1.0	0.0	0.0	0.0	0.0	0.18627450980392157	0.11764705882352941	0.0	0.18627450980392157	0.0	0.049019607843137254	NaN	0.0	0.0	0.3235294117647059	0.0	0.0	NaN	0.0	0.29333333333333333	0.6133333333333333	0.375	0.47058823529411764	NaN	0.43478260869565216	0.3137254901960784	0.3431372549019608	0.0	NaN	0.0	0.18627450980392157	0.13432835820895522	
0.6262626262626263	0.6513761467889908	0.7787610619469026	0.0	0.6274509803921569	NaN	0.855072463768116	0.868421052631579	0.4722222222222222	0.7297297297297297	0.5882352941176471	0.9310344827586207	0.4411764705882353	0	1.0	0.4782608695652174	0.3125	0.05555555555555555	0.4722222222222222	0.4411764705882353	0.4722222222222222	0.37037037037037035	0.4411764705882353	0.0	0.37037037037037035	0.14516129032258066	0.48148148148148145	NaN	0.4722222222222222	0.5043478260869565	0.6238532110091743	0.4411764705882353	0.5043478260869565	NaN	0.5043478260869565	0.3333333333333333	0.68	1.0	0.5784313725490197	NaN	0.5869565217391305	0.6372549019607843	0.6274509803921569	0.0	NaN	0.5043478260869565	0.40869565217391307	0.3880597014925373	
1.0	1.0	1.0	1.0	1.0	NaN	1.0	1.0	1.0	1.0	1.0	1.0	1.0	1.0	0	1.0	1.0	1.0	1.0	1.0	1.0	1.0	1.0	1.0	1.0	1.0	1.0	NaN	1.0	1.0	1.0	1.0	1.0	NaN	1.0	1.0	1.0	1.0	1.0	NaN	1.0	1.0	1.0	1.0	NaN	1.0	1.0	1.0	
0.40404040404040403	0.1743119266055046	0.7079646017699115	0.0	0.19607843137254902	NaN	0.6956521739130435	0.7763157894736842	0.0	0.7297297297297297	0.32941176470588235	0.06896551724137931	0.0	0.4782608695652174	1.0	0	1.0	0.0	0.0	0.0	0.0	0.19444444444444445	0.11764705882352941	0.0	0.19444444444444445	0.0	0.046296296296296294	NaN	0.0	0.034782608695652174	0.3669724770642202	0.0	0.034782608695652174	NaN	0.034782608695652174	0.29333333333333333	0.6133333333333333	0.375	0.47058823529411764	NaN	0.43478260869565216	0.3137254901960784	0.3431372549019608	0.0	NaN	0.034782608695652174	0.21739130434782608	0.13432835820895522	
0.875	1.0	0.5	1.0	1.0	NaN	1.0	1.0	1.0	1.0	1.0	1.0	1.0	0.3125	1.0	1.0	0	1.0	1.0	1.0	1.0	0.0	1.0	1.0	0.0	1.0	1.0	NaN	1.0	1.0	1.0	1.0	1.0	NaN	1.0	1.0	1.0	1.0	0.0	NaN	1.0	1.0	1.0	1.0	NaN	1.0	0.0	1.0	
0.37037037037037035	0.35185185185185186	0.7407407407407407	0.0	0.35185185185185186	NaN	0.7592592592592593	0.8148148148148148	0.0	0.6296296296296297	0.4074074074074074	1.0	0.0	0.05555555555555555	1.0	0.0	1.0	0	0.0	0.0	0.0	0.0	0.0	0.0	0.0	0.0	0.018518518518518517	NaN	0.0	0.0	0.2962962962962963	0.0	0.0	NaN	0.0	0.018518518518518517	0.5370370370370371	0.96875	0.3888888888888889	NaN	0.35185185185185186	0.37037037037037035	0.35185185185185186	0.0	NaN	0.0	0.0	0.2962962962962963	
0.40404040404040403	0.17592592592592593	0.6944444444444444	0.0	0.19607843137254902	NaN	0.6956521739130435	0.7763157894736842	0.0	0.7297297297297297	0.32941176470588235	0.2413793103448276	0.0	0.4722222222222222	1.0	0.0	1.0	0.0	0	0.0	0.0	0.19444444444444445	0.11764705882352941	0.0	0.19444444444444445	0.0	0.046296296296296294	NaN	0.0	0.0	0.3611111111111111	0.0	0.0	NaN	0.0	0.29333333333333333	0.6133333333333333	0.375	0.47058823529411764	NaN	0.43478260869565216	0.3137254901960784	0.3431372549019608	0.0	NaN	0.0	0.19444444444444445	0.13432835820895522	
0.40404040404040403	0.18627450980392157	0.6764705882352942	0.0	0.19607843137254902	NaN	0.6956521739130435	0.7763157894736842	0.0	0.7297297297297297	0.32941176470588235	0.3793103448275862	0.0	0.4411764705882353	1.0	0.0	1.0	0.0	0.0	0	0.0	0.18627450980392157	0.11764705882352941	0.0	0.18627450980392157	0.0	0.049019607843137254	NaN	0.0	0.0	0.3235294117647059	0.0	0.0	NaN	0.0	0.29333333333333333	0.6133333333333333	0.375	0.47058823529411764	NaN	0.43478260869565216	0.3137254901960784	0.3431372549019608	0.0	NaN	0.0	0.18627450980392157	0.13432835820895522	
0.40404040404040403	0.17592592592592593	0.6944444444444444	0.0	0.19607843137254902	NaN	0.6956521739130435	0.7763157894736842	0.0	0.7297297297297297	0.32941176470588235	0.2413793103448276	0.0	0.4722222222222222	1.0	0.0	1.0	0.0	0.0	0.0	0	0.19444444444444445	0.11764705882352941	0.0	0.19444444444444445	0.0	0.046296296296296294	NaN	0.0	0.0	0.3611111111111111	0.0	0.0	NaN	0.0	0.29333333333333333	0.6133333333333333	0.375	0.47058823529411764	NaN	0.43478260869565216	0.3137254901960784	0.3431372549019608	0.0	NaN	0.0	0.19444444444444445	0.13432835820895522	
0.35353535353535354	0.37037037037037035	0.6203703703703703	0.0	0.38235294117647056	NaN	0.6956521739130435	0.7763157894736842	0.19444444444444445	0.7297297297297297	0.32941176470588235	0.8620689655172413	0.18627450980392157	0.37037037037037035	1.0	0.19444444444444445	0.0	0.0	0.19444444444444445	0.18627450980392157	0.19444444444444445	0	0.18627450980392157	0.0	0.0	0.0	0.24074074074074073	NaN	0.19444444444444445	0.19444444444444445	0.4166666666666667	0.18627450980392157	0.19444444444444445	NaN	0.19444444444444445	0.29333333333333333	0.6133333333333333	0.59375	0.28431372549019607	NaN	0.43478260869565216	0.5	0.47058823529411764	0.0	NaN	0.19444444444444445	0.0	0.13432835820895522	
0.40404040404040403	0.30392156862745096	0.6764705882352942	0.0	0.3137254901960784	NaN	0.6956521739130435	0.7763157894736842	0.11764705882352941	0.7297297297297297	0.32941176470588235	0.7931034482758621	0.11764705882352941	0.4411764705882353	1.0	0.11764705882352941	1.0	0.0	0.11764705882352941	0.11764705882352941	0.11764705882352941	0.18627450980392157	0	0.0	0.18627450980392157	0.0	0.16666666666666666	NaN	0.11764705882352941	0.11764705882352941	0.3235294117647059	0.11764705882352941	0.11764705882352941	NaN	0.11764705882352941	0.29333333333333333	0.6133333333333333	0.375	0.47058823529411764	NaN	0.43478260869565216	0.43137254901960786	0.46078431372549017	0.0	NaN	0.11764705882352941	0.18627450980392157	0.13432835820895522	
0.0	0.0	0.0	0.0	0.0	NaN	1.0	0.0	0.0	0.0	0.0	1.0	0.0	0.0	1.0	0.0	1.0	0.0	0.0	0.0	0.0	0.0	0.0	0	0.0	0.0	0.0	NaN	0.0	0.0	0.0	0.0	0.0	NaN	0.0	0.0	1.0	1.0	0.0	NaN	0.0	0.0	0.0	0.0	NaN	0.0	0.0	1.0	
0.35353535353535354	0.37037037037037035	0.6203703703703703	0.0	0.38235294117647056	NaN	0.6956521739130435	0.7763157894736842	0.19444444444444445	0.7297297297297297	0.32941176470588235	0.8620689655172413	0.18627450980392157	0.37037037037037035	1.0	0.19444444444444445	0.0	0.0	0.19444444444444445	0.18627450980392157	0.19444444444444445	0.0	0.18627450980392157	0.0	0	0.0	0.24074074074074073	NaN	0.19444444444444445	0.19444444444444445	0.4166666666666667	0.18627450980392157	0.19444444444444445	NaN	0.19444444444444445	0.29333333333333333	0.6133333333333333	0.59375	0.28431372549019607	NaN	0.43478260869565216	0.5	0.47058823529411764	0.0	NaN	0.19444444444444445	0.0	0.13432835820895522	
0.3387096774193548	0.3064516129032258	0.6612903225806451	0.0	0.3064516129032258	NaN	0.7096774193548387	0.7741935483870968	0.0	0.6774193548387096	0.3709677419354839	1.0	0.0	0.14516129032258066	1.0	0.0	1.0	0.0	0.0	0.0	0.0	0.0	0.0	0.0	0.0	0	0.03225806451612903	NaN	0.0	0.0	0.27419354838709675	0.0	0.0	NaN	0.0	0.14516129032258066	0.5806451612903226	0.8125	0.3870967741935484	NaN	0.4032258064516129	0.41935483870967744	0.3064516129032258	0.0	NaN	0.0	0.0	0.25806451612903225	
0.35353535353535354	0.2222222222222222	0.6944444444444444	0.0	0.23529411764705882	NaN	0.6956521739130435	0.7763157894736842	0.046296296296296294	0.7297297297297297	0.32941176470588235	0.2413793103448276	0.049019607843137254	0.48148148148148145	1.0	0.046296296296296294	1.0	0.018518518518518517	0.046296296296296294	0.049019607843137254	0.046296296296296294	0.24074074074074073	0.16666666666666666	0.0	0.24074074074074073	0.03225806451612903	0	NaN	0.046296296296296294	0.046296296296296294	0.3611111111111111	0.049019607843137254	0.046296296296296294	NaN	0.046296296296296294	0.29333333333333333	0.68	0.375	0.47058823529411764	NaN	0.44565217391304346	0.30392156862745096	0.39215686274509803	0.0	NaN	0.046296296296296294	0.24074074074074073	0.208955223880597	
NaN	NaN	NaN	NaN	NaN	NaN	NaN	NaN	NaN	NaN	NaN	NaN	NaN	NaN	NaN	NaN	NaN	NaN	NaN	NaN	NaN	NaN	NaN	NaN	NaN	NaN	NaN	0	NaN	NaN	NaN	NaN	NaN	NaN	NaN	NaN	NaN	NaN	NaN	NaN	NaN	NaN	NaN	NaN	NaN	NaN	NaN	NaN	
0.40404040404040403	0.17592592592592593	0.6944444444444444	0.0	0.19607843137254902	NaN	0.6956521739130435	0.7763157894736842	0.0	0.7297297297297297	0.32941176470588235	0.2413793103448276	0.0	0.4722222222222222	1.0	0.0	1.0	0.0	0.0	0.0	0.0	0.19444444444444445	0.11764705882352941	0.0	0.19444444444444445	0.0	0.046296296296296294	NaN	0	0.0	0.3611111111111111	0.0	0.0	NaN	0.0	0.29333333333333333	0.6133333333333333	0.375	0.47058823529411764	NaN	0.43478260869565216	0.3137254901960784	0.3431372549019608	0.0	NaN	0.0	0.19444444444444445	0.13432835820895522	
0.40404040404040403	0.1743119266055046	0.7079646017699115	0.0	0.19607843137254902	NaN	0.6956521739130435	0.7763157894736842	0.0	0.7297297297297297	0.32941176470588235	0.1724137931034483	0.0	0.5043478260869565	1.0	0.034782608695652174	1.0	0.0	0.0	0.0	0.0	0.19444444444444445	0.11764705882352941	0.0	0.19444444444444445	0.0	0.046296296296296294	NaN	0.0	0	0.3669724770642202	0.0	0.0	NaN	0.0	0.29333333333333333	0.6133333333333333	0.375	0.47058823529411764	NaN	0.43478260869565216	0.3137254901960784	0.3431372549019608	0.0	NaN	0.0	0.1826086956521739	0.13432835820895522	
0.5555555555555556	0.5412844036697247	0.6972477064220184	0.0	0.5098039215686274	NaN	0.6956521739130435	0.8157894736842105	0.3611111111111111	0.7297297297297297	0.5058823529411764	0.8275862068965517	0.3235294117647059	0.6238532110091743	1.0	0.3669724770642202	1.0	0.2962962962962963	0.3611111111111111	0.3235294117647059	0.3611111111111111	0.4166666666666667	0.3235294117647059	0.0	0.4166666666666667	0.27419354838709675	0.3611111111111111	NaN	0.3611111111111111	0.3669724770642202	0	0.3235294117647059	0.3669724770642202	NaN	0.3669724770642202	0.49333333333333335	0.88	0.40625	0.6176470588235294	NaN	0.6086956521739131	0.5882352941176471	0.6666666666666666	0.0	NaN	0.3669724770642202	0.42201834862385323	0.43283582089552236	
0.40404040404040403	0.18627450980392157	0.6764705882352942	0.0	0.19607843137254902	NaN	0.6956521739130435	0.7763157894736842	0.0	0.7297297297297297	0.32941176470588235	0.3793103448275862	0.0	0.4411764705882353	1.0	0.0	1.0	0.0	0.0	0.0	0.0	0.18627450980392157	0.11764705882352941	0.0	0.18627450980392157	0.0	0.049019607843137254	NaN	0.0	0.0	0.3235294117647059	0	0.0	NaN	0.0	0.29333333333333333	0.6133333333333333	0.375	0.47058823529411764	NaN	0.43478260869565216	0.3137254901960784	0.3431372549019608	0.0	NaN	0.0	0.18627450980392157	0.13432835820895522	
0.40404040404040403	0.1743119266055046	0.7079646017699115	0.0	0.0196078431372549	NaN	0.6956521739130435	0.7763157894736842	0.0	0.7297297297297297	0.32941176470588235	0.1724137931034483	0.0	0.5043478260869565	1.0	0.034782608695652174	1.0	0.0	0.0	0.0	0.0	0.19444444444444445	0.11764705882352941	0.0	0.19444444444444445	0.0	0.046296296296296294	NaN	0.0	0.0	0.3669724770642202	0.0	0	NaN	0.0	0.013333333333333334	0.6133333333333333	0.375	0.47058823529411764	NaN	0.43478260869565216	0.3137254901960784	0.3431372549019608	0.0	NaN	0.0	0.1826086956521739	0.13432835820895522	
NaN	NaN	NaN	NaN	NaN	NaN	NaN	NaN	NaN	NaN	NaN	NaN	NaN	NaN	NaN	NaN	NaN	NaN	NaN	NaN	NaN	NaN	NaN	NaN	NaN	NaN	NaN	NaN	NaN	NaN	NaN	NaN	NaN	0	NaN	NaN	NaN	NaN	NaN	NaN	NaN	NaN	NaN	NaN	NaN	NaN	NaN	NaN	
0.40404040404040403	0.1743119266055046	0.7079646017699115	0.0	0.19607843137254902	NaN	0.6956521739130435	0.7763157894736842	0.0	0.7297297297297297	0.32941176470588235	0.1724137931034483	0.0	0.5043478260869565	1.0	0.034782608695652174	1.0	0.0	0.0	0.0	0.0	0.19444444444444445	0.11764705882352941	0.0	0.19444444444444445	0.0	0.046296296296296294	NaN	0.0	0.0	0.3669724770642202	0.0	0.0	NaN	0	0.29333333333333333	0.6133333333333333	0.375	0.47058823529411764	NaN	0.43478260869565216	0.3137254901960784	0.3431372549019608	0.0	NaN	0.0	0.1826086956521739	0.13432835820895522	
0.5466666666666666	0.5466666666666666	0.8133333333333334	0.0	0.30666666666666664	NaN	0.8115942028985508	0.8666666666666667	0.29333333333333333	0.7297297297297297	0.5733333333333334	1.0	0.29333333333333333	0.3333333333333333	1.0	0.29333333333333333	1.0	0.018518518518518517	0.29333333333333333	0.29333333333333333	0.29333333333333333	0.29333333333333333	0.29333333333333333	0.0	0.29333333333333333	0.14516129032258066	0.29333333333333333	NaN	0.29333333333333333	0.29333333333333333	0.49333333333333335	0.29333333333333333	0.013333333333333334	NaN	0.29333333333333333	0	0.68	0.96875	0.56	NaN	0.5466666666666666	0.5466666666666666	0.5466666666666666	0.0	NaN	0.29333333333333333	0.29333333333333333	0.44776119402985076	
0.6133333333333333	0.5466666666666666	0.88	1.0	0.6266666666666667	NaN	0.9130434782608695	0.9466666666666667	0.6133333333333333	0.9864864864864865	0.64	1.0	0.6133333333333333	0.68	1.0	0.6133333333333333	1.0	0.5370370370370371	0.6133333333333333	0.6133333333333333	0.6133333333333333	0.6133333333333333	0.6133333333333333	1.0	0.6133333333333333	0.5806451612903226	0.68	NaN	0.6133333333333333	0.6133333333333333	0.88	0.6133333333333333	0.6133333333333333	NaN	0.6133333333333333	0.68	0	1.0	0.68	NaN	0.6133333333333333	0.6133333333333333	0.5866666666666667	1.0	NaN	0.6133333333333333	0.6133333333333333	0.582089552238806	
0.59375	0.375	0.71875	1.0	0.375	NaN	0.71875	0.78125	0.375	1.0	0.59375	0.7931034482758621	0.375	1.0	1.0	0.375	1.0	0.96875	0.375	0.375	0.375	0.59375	0.375	1.0	0.59375	0.8125	0.375	NaN	0.375	0.375	0.40625	0.375	0.375	NaN	0.375	0.96875	1.0	0	0.59375	NaN	0.84375	0.625	0.6875	1.0	NaN	0.375	0.59375	0.71875	
0.41414141414141414	0.4803921568627451	0.6568627450980392	0.0	0.4803921568627451	NaN	0.463768115942029	0.7236842105263158	0.47058823529411764	0.8918918918918919	0.3764705882352941	1.0	0.47058823529411764	0.5784313725490197	1.0	0.47058823529411764	0.0	0.3888888888888889	0.47058823529411764	0.47058823529411764	0.47058823529411764	0.28431372549019607	0.47058823529411764	0.0	0.28431372549019607	0.3870967741935484	0.47058823529411764	NaN	0.47058823529411764	0.47058823529411764	0.6176470588235294	0.47058823529411764	0.47058823529411764	NaN	0.47058823529411764	0.56	0.68	0.59375	0	NaN	0.5108695652173914	0.5588235294117647	0.5784313725490197	0.0	NaN	0.47058823529411764	0.28431372549019607	0.43283582089552236	
NaN	NaN	NaN	NaN	NaN	NaN	NaN	NaN	NaN	NaN	NaN	NaN	NaN	NaN	NaN	NaN	NaN	NaN	NaN	NaN	NaN	NaN	NaN	NaN	NaN	NaN	NaN	NaN	NaN	NaN	NaN	NaN	NaN	NaN	NaN	NaN	NaN	NaN	NaN	0	NaN	NaN	NaN	NaN	NaN	NaN	NaN	NaN	
0.25	0.2391304347826087	0.532608695652174	0.0	0.43478260869565216	NaN	0.8840579710144928	0.868421052631579	0.43478260869565216	0.9054054054054054	0.4	1.0	0.43478260869565216	0.5869565217391305	1.0	0.43478260869565216	1.0	0.35185185185185186	0.43478260869565216	0.43478260869565216	0.43478260869565216	0.43478260869565216	0.43478260869565216	0.0	0.43478260869565216	0.4032258064516129	0.44565217391304346	NaN	0.43478260869565216	0.43478260869565216	0.6086956521739131	0.43478260869565216	0.43478260869565216	NaN	0.43478260869565216	0.5466666666666666	0.6133333333333333	0.84375	0.5108695652173914	NaN	0	0.25	0.3695652173913043	0.0	NaN	0.43478260869565216	0.43478260869565216	0.4626865671641791	
0.2828282828282828	0.12745098039215685	0.5686274509803921	0.0	0.3137254901960784	NaN	0.8840579710144928	0.868421052631579	0.3137254901960784	0.9054054054054054	0.38823529411764707	0.3793103448275862	0.3137254901960784	0.6372549019607843	1.0	0.3137254901960784	1.0	0.37037037037037035	0.3137254901960784	0.3137254901960784	0.3137254901960784	0.5	0.43137254901960786	0.0	0.5	0.41935483870967744	0.30392156862745096	NaN	0.3137254901960784	0.3137254901960784	0.5882352941176471	0.3137254901960784	0.3137254901960784	NaN	0.3137254901960784	0.5466666666666666	0.6133333333333333	0.625	0.5588235294117647	NaN	0.25	0	0.3137254901960784	0.0	NaN	0.3137254901960784	0.5	0.47761194029850745	
0.3434343434343434	0.18627450980392157	0.5588235294117647	0.0	0.35294117647058826	NaN	0.7681159420289855	0.7763157894736842	0.3431372549019608	0.9054054054054054	0.4470588235294118	0.5517241379310345	0.3431372549019608	0.6274509803921569	1.0	0.3431372549019608	1.0	0.35185185185185186	0.3431372549019608	0.3431372549019608	0.3431372549019608	0.47058823529411764	0.46078431372549017	0.0	0.47058823529411764	0.3064516129032258	0.39215686274509803	NaN	0.3431372549019608	0.3431372549019608	0.6666666666666666	0.3431372549019608	0.3431372549019608	NaN	0.3431372549019608	0.5466666666666666	0.5866666666666667	0.6875	0.5784313725490197	NaN	0.3695652173913043	0.3137254901960784	0	0.0	NaN	0.3431372549019608	0.47058823529411764	0.29850746268656714	
0.0	0.0	0.0	0.0	0.0	NaN	1.0	0.0	0.0	0.0	0.0	1.0	0.0	0.0	1.0	0.0	1.0	0.0	0.0	0.0	0.0	0.0	0.0	0.0	0.0	0.0	0.0	NaN	0.0	0.0	0.0	0.0	0.0	NaN	0.0	0.0	1.0	1.0	0.0	NaN	0.0	0.0	0.0	0	NaN	0.0	0.0	1.0	
NaN	NaN	NaN	NaN	NaN	NaN	NaN	NaN	NaN	NaN	NaN	NaN	NaN	NaN	NaN	NaN	NaN	NaN	NaN	NaN	NaN	NaN	NaN	NaN	NaN	NaN	NaN	NaN	NaN	NaN	NaN	NaN	NaN	NaN	NaN	NaN	NaN	NaN	NaN	NaN	NaN	NaN	NaN	NaN	0	NaN	NaN	NaN	
0.40404040404040403	0.1743119266055046	0.7079646017699115	0.0	0.19607843137254902	NaN	0.6956521739130435	0.7763157894736842	0.0	0.7297297297297297	0.32941176470588235	0.1724137931034483	0.0	0.5043478260869565	1.0	0.034782608695652174	1.0	0.0	0.0	0.0	0.0	0.19444444444444445	0.11764705882352941	0.0	0.19444444444444445	0.0	0.046296296296296294	NaN	0.0	0.0	0.3669724770642202	0.0	0.0	NaN	0.0	0.29333333333333333	0.6133333333333333	0.375	0.47058823529411764	NaN	0.43478260869565216	0.3137254901960784	0.3431372549019608	0.0	NaN	0	0.1826086956521739	0.13432835820895522	
0.35353535353535354	0.3669724770642202	0.6371681415929203	0.0	0.38235294117647056	NaN	0.6956521739130435	0.7763157894736842	0.19444444444444445	0.7297297297297297	0.32941176470588235	0.7931034482758621	0.18627450980392157	0.40869565217391307	1.0	0.21739130434782608	0.0	0.0	0.19444444444444445	0.18627450980392157	0.19444444444444445	0.0	0.18627450980392157	0.0	0.0	0.0	0.24074074074074073	NaN	0.19444444444444445	0.1826086956521739	0.42201834862385323	0.18627450980392157	0.1826086956521739	NaN	0.1826086956521739	0.29333333333333333	0.6133333333333333	0.59375	0.28431372549019607	NaN	0.43478260869565216	0.5	0.47058823529411764	0.0	NaN	0.1826086956521739	0	0.13432835820895522	
0.3582089552238806	0.2835820895522388	0.6567164179104478	1.0	0.29850746268656714	NaN	0.6865671641791045	0.8507462686567164	0.13432835820895522	0.9253731343283582	0.3880597014925373	1.0	0.13432835820895522	0.3880597014925373	1.0	0.13432835820895522	1.0	0.2962962962962963	0.13432835820895522	0.13432835820895522	0.13432835820895522	0.13432835820895522	0.13432835820895522	1.0	0.13432835820895522	0.25806451612903225	0.208955223880597	NaN	0.13432835820895522	0.13432835820895522	0.43283582089552236	0.13432835820895522	0.13432835820895522	NaN	0.13432835820895522	0.44776119402985076	0.582089552238806	0.71875	0.43283582089552236	NaN	0.4626865671641791	0.47761194029850745	0.29850746268656714	1.0	NaN	0.13432835820895522	0.13432835820895522	0	
