0	1.0	0.7846153846153846	0.8115942028985508	0.4090909090909091	0.7608695652173914	0.6666666666666666	NaN	0.38095238095238093	0.5	1.0	NaN	0.7391304347826086	0.6956521739130435	1.0	0.8115942028985508	0.8222222222222222	0.5	0.6956521739130435	0.6956521739130435	NaN	0.5	0.8115942028985508	0.5	0.8115942028985508	0.6956521739130435	0.23529411764705882	0.875	0.7971014492753623	0.7681159420289855	0.6956521739130435	0.38095238095238093	1.0	0.9538461538461539	0.9322033898305084	1.0	0.6949152542372882	0.38095238095238093	0.6956521739130435	NaN	
1.0	0	1.0	1.0	1.0	1.0	1.0	NaN	1.0	1.0	1.0	NaN	1.0	1.0	1.0	1.0	1.0	1.0	1.0	1.0	NaN	1.0	1.0	1.0	1.0	1.0	1.0	1.0	1.0	1.0	1.0	1.0	0.0	1.0	1.0	1.0	1.0	1.0	1.0	NaN	
0.7846153846153846	1.0	0	1.0	1.0	0.9347826086956522	0.9538461538461539	NaN	1.0	1.0	1.0	NaN	1.0	0.9538461538461539	1.0	1.0	0.9333333333333333	0.5869565217391305	0.9538461538461539	0.9538461538461539	NaN	0.5869565217391305	1.0	0.5869565217391305	1.0	0.9538461538461539	1.0	0.8153846153846154	0.9538461538461539	0.9538461538461539	0.9538461538461539	1.0	1.0	0.9538461538461539	1.0	1.0	1.0	1.0	0.9538461538461539	NaN	
0.8115942028985508	1.0	1.0	0	0.4090909090909091	1.0	0.8115942028985508	NaN	0.3333333333333333	0.38461538461538464	1.0	NaN	0.8115942028985508	0.8115942028985508	1.0	0.8115942028985508	1.0	0.717391304347826	0.7536231884057971	0.8115942028985508	NaN	0.717391304347826	0.7681159420289855	0.717391304347826	0.8115942028985508	0.7681159420289855	0.23529411764705882	0.9710144927536232	0.8985507246376812	0.8115942028985508	0.8115942028985508	0.38095238095238093	1.0	1.0	0.9152542372881356	1.0	0.7627118644067796	0.38095238095238093	0.7971014492753623	NaN	
0.4090909090909091	1.0	1.0	0.4090909090909091	0	1.0	0.4090909090909091	NaN	0.38095238095238093	0.4090909090909091	1.0	NaN	0.4090909090909091	0.4090909090909091	1.0	0.4090909090909091	1.0	0.4090909090909091	0.4090909090909091	0.4090909090909091	NaN	0.4090909090909091	0.4090909090909091	0.4090909090909091	0.4090909090909091	0.4090909090909091	0.23529411764705882	0.9545454545454546	0.7272727272727273	0.4090909090909091	0.4090909090909091	0.38095238095238093	1.0	1.0	0.8181818181818182	1.0	0.4090909090909091	0.38095238095238093	0.4090909090909091	NaN	
0.7608695652173914	1.0	0.9347826086956522	1.0	1.0	0	0.782608695652174	NaN	1.0	1.0	1.0	NaN	0.8913043478260869	0.8260869565217391	1.0	1.0	0.8222222222222222	0.782608695652174	0.8260869565217391	0.8260869565217391	NaN	0.782608695652174	1.0	0.782608695652174	1.0	0.8260869565217391	1.0	0.782608695652174	0.8260869565217391	0.9347826086956522	0.8260869565217391	1.0	1.0	0.9347826086956522	1.0	1.0	0.8913043478260869	1.0	0.8260869565217391	NaN	
0.6666666666666666	1.0	0.9538461538461539	0.8115942028985508	0.4090909090909091	0.782608695652174	0	NaN	0.38095238095238093	0.5	1.0	NaN	0.6811594202898551	0.6956521739130435	1.0	0.7536231884057971	0.8222222222222222	0.391304347826087	0.6956521739130435	0.6376811594202898	NaN	0.391304347826087	0.782608695652174	0.391304347826087	0.7536231884057971	0.6231884057971014	0.0	0.8260869565217391	0.7971014492753623	0.7101449275362319	0.6811594202898551	0.38095238095238093	0.9	0.9538461538461539	0.9322033898305084	1.0	0.6949152542372882	0.38095238095238093	0.6956521739130435	NaN	
NaN	NaN	NaN	NaN	NaN	NaN	NaN	0	NaN	NaN	NaN	NaN	NaN	NaN	NaN	NaN	NaN	NaN	NaN	NaN	NaN	NaN	NaN	NaN	NaN	NaN	NaN	NaN	NaN	NaN	NaN	NaN	NaN	NaN	NaN	NaN	NaN	NaN	NaN	NaN	
0.38095238095238093	1.0	1.0	0.3333333333333333	0.38095238095238093	1.0	0.38095238095238093	NaN	0	0.38095238095238093	1.0	NaN	0.38095238095238093	0.38095238095238093	1.0	0.38095238095238093	1.0	0.38095238095238093	0.3333333333333333	0.38095238095238093	NaN	0.38095238095238093	0.38095238095238093	0.38095238095238093	0.38095238095238093	0.38095238095238093	0.23529411764705882	0.5714285714285714	0.5238095238095238	0.38095238095238093	0.38095238095238093	0.38095238095238093	1.0	1.0	0.6190476190476191	1.0	0.19047619047619047	0.38095238095238093	0.19047619047619047	NaN	
0.5	1.0	1.0	0.38461538461538464	0.4090909090909091	1.0	0.5	NaN	0.38095238095238093	0	1.0	NaN	0.5	0.11538461538461539	1.0	0.5	1.0	0.5	0.5	0.5	NaN	0.5	0.38461538461538464	0.5	0.5	0.38461538461538464	0.23529411764705882	0.9615384615384616	0.7692307692307693	0.5	0.5	0.38095238095238093	1.0	1.0	0.8461538461538461	1.0	0.5	0.38095238095238093	0.5	NaN	
1.0	1.0	1.0	1.0	1.0	1.0	1.0	NaN	1.0	1.0	0	NaN	1.0	0.8	0.875	1.0	0.8	1.0	1.0	1.0	NaN	1.0	0.56	1.0	1.0	0.56	1.0	1.0	1.0	0.8	0.8	1.0	0.92	1.0	1.0	1.0	1.0	1.0	1.0	NaN	
NaN	NaN	NaN	NaN	NaN	NaN	NaN	NaN	NaN	NaN	NaN	0	NaN	NaN	NaN	NaN	NaN	NaN	NaN	NaN	NaN	NaN	NaN	NaN	NaN	NaN	NaN	NaN	NaN	NaN	NaN	NaN	NaN	NaN	NaN	NaN	NaN	NaN	NaN	NaN	
0.7391304347826086	1.0	1.0	0.8115942028985508	0.4090909090909091	0.8913043478260869	0.6811594202898551	NaN	0.38095238095238093	0.5	1.0	NaN	0	0.6956521739130435	1.0	0.6666666666666666	0.8222222222222222	0.5217391304347826	0.6376811594202898	0.5507246376811594	NaN	0.5217391304347826	0.7971014492753623	0.5217391304347826	0.6521739130434783	0.5507246376811594	0.0	0.9130434782608695	0.8115942028985508	0.6666666666666666	0.6811594202898551	0.38095238095238093	0.75	1.0	0.9322033898305084	1.0	0.6440677966101694	0.38095238095238093	0.6956521739130435	NaN	
0.6956521739130435	1.0	0.9538461538461539	0.8115942028985508	0.4090909090909091	0.8260869565217391	0.6956521739130435	NaN	0.38095238095238093	0.11538461538461539	0.8	NaN	0.6956521739130435	0	0.0	0.8115942028985508	0.0	0.5434782608695652	0.6521739130434783	0.6521739130434783	NaN	0.5434782608695652	0.6811594202898551	0.5434782608695652	0.7971014492753623	0.43478260869565216	0.23529411764705882	0.8260869565217391	0.7101449275362319	0.463768115942029	0.4057971014492754	0.38095238095238093	0.8	0.9538461538461539	0.864406779661017	1.0	0.6440677966101694	0.38095238095238093	0.6521739130434783	NaN	
1.0	1.0	1.0	1.0	1.0	1.0	1.0	NaN	1.0	1.0	0.875	NaN	1.0	0.0	0	1.0	0.0	1.0	1.0	1.0	NaN	1.0	0.875	1.0	1.0	0.875	1.0	0.8125	1.0	0.125	0.5	1.0	0.5	1.0	1.0	1.0	1.0	1.0	1.0	NaN	
0.8115942028985508	1.0	1.0	0.8115942028985508	0.4090909090909091	1.0	0.7536231884057971	NaN	0.38095238095238093	0.5	1.0	NaN	0.6666666666666666	0.8115942028985508	1.0	0	1.0	0.6304347826086957	0.8115942028985508	0.4927536231884058	NaN	0.6304347826086957	0.7971014492753623	0.6304347826086957	0.7246376811594203	0.6666666666666666	0.0	0.9855072463768116	0.9130434782608695	0.6666666666666666	0.7971014492753623	0.38095238095238093	0.75	1.0	0.9322033898305084	1.0	0.7796610169491526	0.38095238095238093	0.8115942028985508	NaN	
0.8222222222222222	1.0	0.9333333333333333	1.0	1.0	0.8222222222222222	0.8222222222222222	NaN	1.0	1.0	0.8	NaN	0.8222222222222222	0.0	0.0	1.0	0	0.8222222222222222	0.7555555555555555	0.7555555555555555	NaN	0.8222222222222222	0.8	0.8222222222222222	0.9777777777777777	0.4222222222222222	1.0	0.7555555555555555	0.6888888888888889	0.4666666666666667	0.37777777777777777	1.0	0.8	0.9333333333333333	0.9111111111111111	1.0	0.8222222222222222	1.0	0.7555555555555555	NaN	
0.5	1.0	0.5869565217391305	0.717391304347826	0.4090909090909091	0.782608695652174	0.391304347826087	NaN	0.38095238095238093	0.5	1.0	NaN	0.5217391304347826	0.5434782608695652	1.0	0.6304347826086957	0.8222222222222222	0	0.5434782608695652	0.45652173913043476	NaN	0.0	0.6956521739130435	0.0	0.6304347826086957	0.45652173913043476	0.0	0.5	0.6956521739130435	0.5652173913043478	0.5217391304347826	0.38095238095238093	0.9	0.9347826086956522	0.9130434782608695	1.0	0.6086956521739131	0.38095238095238093	0.5434782608695652	NaN	
0.6956521739130435	1.0	0.9538461538461539	0.7536231884057971	0.4090909090909091	0.8260869565217391	0.6956521739130435	NaN	0.3333333333333333	0.5	1.0	NaN	0.6376811594202898	0.6521739130434783	1.0	0.8115942028985508	0.7555555555555555	0.5434782608695652	0	0.6521739130434783	NaN	0.5434782608695652	0.8115942028985508	0.5434782608695652	0.7391304347826086	0.6521739130434783	0.23529411764705882	0.855072463768116	0.7536231884057971	0.7681159420289855	0.6086956521739131	0.38095238095238093	1.0	0.9538461538461539	0.9152542372881356	1.0	0.6271186440677966	0.38095238095238093	0.6376811594202898	NaN	
0.6956521739130435	1.0	0.9538461538461539	0.8115942028985508	0.4090909090909091	0.8260869565217391	0.6376811594202898	NaN	0.38095238095238093	0.5	1.0	NaN	0.5507246376811594	0.6521739130434783	1.0	0.4927536231884058	0.7555555555555555	0.45652173913043476	0.6521739130434783	0	NaN	0.45652173913043476	0.7971014492753623	0.45652173913043476	0.7101449275362319	0.5072463768115942	0.0	0.8695652173913043	0.7681159420289855	0.6231884057971014	0.6376811594202898	0.38095238095238093	0.675	0.9538461538461539	0.9322033898305084	1.0	0.6440677966101694	0.38095238095238093	0.6086956521739131	NaN	
NaN	NaN	NaN	NaN	NaN	NaN	NaN	NaN	NaN	NaN	NaN	NaN	NaN	NaN	NaN	NaN	NaN	NaN	NaN	NaN	0	NaN	NaN	NaN	NaN	NaN	NaN	NaN	NaN	NaN	NaN	NaN	NaN	NaN	NaN	NaN	NaN	NaN	NaN	NaN	
0.5	1.0	0.5869565217391305	0.717391304347826	0.4090909090909091	0.782608695652174	0.391304347826087	NaN	0.38095238095238093	0.5	1.0	NaN	0.5217391304347826	0.5434782608695652	1.0	0.6304347826086957	0.8222222222222222	0.0	0.5434782608695652	0.45652173913043476	NaN	0	0.6956521739130435	0.0	0.6304347826086957	0.45652173913043476	0.0	0.5	0.6956521739130435	0.5652173913043478	0.5217391304347826	0.38095238095238093	0.9	0.9347826086956522	0.9130434782608695	1.0	0.6086956521739131	0.38095238095238093	0.5434782608695652	NaN	
0.8115942028985508	1.0	1.0	0.7681159420289855	0.4090909090909091	1.0	0.782608695652174	NaN	0.38095238095238093	0.38461538461538464	0.56	NaN	0.7971014492753623	0.6811594202898551	0.875	0.7971014492753623	0.8	0.6956521739130435	0.8115942028985508	0.7971014492753623	NaN	0.6956521739130435	0	0.6956521739130435	0.7971014492753623	0.4927536231884058	0.17647058823529413	0.9855072463768116	0.8985507246376812	0.6811594202898551	0.6376811594202898	0.38095238095238093	0.925	1.0	0.9152542372881356	0.8405797101449275	0.7796610169491526	0.38095238095238093	0.8115942028985508	NaN	
0.5	1.0	0.5869565217391305	0.717391304347826	0.4090909090909091	0.782608695652174	0.391304347826087	NaN	0.38095238095238093	0.5	1.0	NaN	0.5217391304347826	0.5434782608695652	1.0	0.6304347826086957	0.8222222222222222	0.0	0.5434782608695652	0.45652173913043476	NaN	0.0	0.6956521739130435	0	0.6304347826086957	0.45652173913043476	0.0	0.5	0.6956521739130435	0.5652173913043478	0.5217391304347826	0.38095238095238093	0.9	0.9347826086956522	0.9130434782608695	1.0	0.6086956521739131	0.38095238095238093	0.5434782608695652	NaN	
0.8115942028985508	1.0	1.0	0.8115942028985508	0.4090909090909091	1.0	0.7536231884057971	NaN	0.38095238095238093	0.5	1.0	NaN	0.6521739130434783	0.7971014492753623	1.0	0.7246376811594203	0.9777777777777777	0.6304347826086957	0.7391304347826086	0.7101449275362319	NaN	0.6304347826086957	0.7971014492753623	0.6304347826086957	0	0.7101449275362319	0.0	0.9855072463768116	0.9130434782608695	0.7246376811594203	0.782608695652174	0.38095238095238093	0.85	1.0	0.9322033898305084	1.0	0.7627118644067796	0.38095238095238093	0.7971014492753623	NaN	
0.6956521739130435	1.0	0.9538461538461539	0.7681159420289855	0.4090909090909091	0.8260869565217391	0.6231884057971014	NaN	0.38095238095238093	0.38461538461538464	0.56	NaN	0.5507246376811594	0.43478260869565216	0.875	0.6666666666666666	0.4222222222222222	0.45652173913043476	0.6521739130434783	0.5072463768115942	NaN	0.45652173913043476	0.4927536231884058	0.45652173913043476	0.7101449275362319	0	0.0	0.8695652173913043	0.7101449275362319	0.4057971014492754	0.4782608695652174	0.38095238095238093	0.625	0.9538461538461539	0.864406779661017	1.0	0.6440677966101694	0.38095238095238093	0.6521739130434783	NaN	
0.23529411764705882	1.0	1.0	0.23529411764705882	0.23529411764705882	1.0	0.0	NaN	0.23529411764705882	0.23529411764705882	1.0	NaN	0.0	0.23529411764705882	1.0	0.0	1.0	0.0	0.23529411764705882	0.0	NaN	0.0	0.17647058823529413	0.0	0.0	0.0	0	0.9411764705882353	0.6470588235294118	0.0	0.17647058823529413	0.23529411764705882	0.7647058823529411	1.0	0.7647058823529411	1.0	0.23529411764705882	0.23529411764705882	0.23529411764705882	NaN	
0.875	1.0	0.8153846153846154	0.9710144927536232	0.9545454545454546	0.782608695652174	0.8260869565217391	NaN	0.5714285714285714	0.9615384615384616	1.0	NaN	0.9130434782608695	0.8260869565217391	0.8125	0.9855072463768116	0.7555555555555555	0.5	0.855072463768116	0.8695652173913043	NaN	0.5	0.9855072463768116	0.5	0.9855072463768116	0.8695652173913043	0.9411764705882353	0	0.7391304347826086	0.8985507246376812	0.8695652173913043	0.9523809523809523	1.0	0.9384615384615385	0.8305084745762712	1.0	0.7796610169491526	0.9523809523809523	0.7101449275362319	NaN	
0.7971014492753623	1.0	0.9538461538461539	0.8985507246376812	0.7272727272727273	0.8260869565217391	0.7971014492753623	NaN	0.5238095238095238	0.7692307692307693	1.0	NaN	0.8115942028985508	0.7101449275362319	1.0	0.9130434782608695	0.6888888888888889	0.6956521739130435	0.7536231884057971	0.7681159420289855	NaN	0.6956521739130435	0.8985507246376812	0.6956521739130435	0.9130434782608695	0.7101449275362319	0.6470588235294118	0.7391304347826086	0	0.8695652173913043	0.7681159420289855	0.7142857142857143	1.0	0.9538461538461539	0.559322033898305	1.0	0.6610169491525424	0.7142857142857143	0.6231884057971014	NaN	
0.7681159420289855	1.0	0.9538461538461539	0.8115942028985508	0.4090909090909091	0.9347826086956522	0.7101449275362319	NaN	0.38095238095238093	0.5	0.8	NaN	0.6666666666666666	0.463768115942029	0.125	0.6666666666666666	0.4666666666666667	0.5652173913043478	0.7681159420289855	0.6231884057971014	NaN	0.5652173913043478	0.6811594202898551	0.5652173913043478	0.7246376811594203	0.4057971014492754	0.0	0.8985507246376812	0.8695652173913043	0	0.5362318840579711	0.38095238095238093	0.475	0.9538461538461539	0.9322033898305084	1.0	0.7796610169491526	0.38095238095238093	0.7681159420289855	NaN	
0.6956521739130435	1.0	0.9538461538461539	0.8115942028985508	0.4090909090909091	0.8260869565217391	0.6811594202898551	NaN	0.38095238095238093	0.5	0.8	NaN	0.6811594202898551	0.4057971014492754	0.5	0.7971014492753623	0.37777777777777777	0.5217391304347826	0.6086956521739131	0.6376811594202898	NaN	0.5217391304347826	0.6376811594202898	0.5217391304347826	0.782608695652174	0.4782608695652174	0.17647058823529413	0.8695652173913043	0.7681159420289855	0.5362318840579711	0	0.38095238095238093	0.75	0.9538461538461539	0.9322033898305084	1.0	0.6440677966101694	0.38095238095238093	0.6521739130434783	NaN	
0.38095238095238093	1.0	1.0	0.38095238095238093	0.38095238095238093	1.0	0.38095238095238093	NaN	0.38095238095238093	0.38095238095238093	1.0	NaN	0.38095238095238093	0.38095238095238093	1.0	0.38095238095238093	1.0	0.38095238095238093	0.38095238095238093	0.38095238095238093	NaN	0.38095238095238093	0.38095238095238093	0.38095238095238093	0.38095238095238093	0.38095238095238093	0.23529411764705882	0.9523809523809523	0.7142857142857143	0.38095238095238093	0.38095238095238093	0	1.0	1.0	0.8095238095238095	1.0	0.38095238095238093	0.0	0.38095238095238093	NaN	
1.0	0.0	1.0	1.0	1.0	1.0	0.9	NaN	1.0	1.0	0.92	NaN	0.75	0.8	0.5	0.75	0.8	0.9	1.0	0.675	NaN	0.9	0.925	0.9	0.85	0.625	0.7647058823529411	1.0	1.0	0.475	0.75	1.0	0	1.0	1.0	1.0	1.0	1.0	0.925	NaN	
0.9538461538461539	1.0	0.9538461538461539	1.0	1.0	0.9347826086956522	0.9538461538461539	NaN	1.0	1.0	1.0	NaN	1.0	0.9538461538461539	1.0	1.0	0.9333333333333333	0.9347826086956522	0.9538461538461539	0.9538461538461539	NaN	0.9347826086956522	1.0	0.9347826086956522	1.0	0.9538461538461539	1.0	0.9384615384615385	0.9538461538461539	0.9538461538461539	0.9538461538461539	1.0	1.0	0	1.0	1.0	1.0	1.0	0.9538461538461539	NaN	
0.9322033898305084	1.0	1.0	0.9152542372881356	0.8181818181818182	1.0	0.9322033898305084	NaN	0.6190476190476191	0.8461538461538461	1.0	NaN	0.9322033898305084	0.864406779661017	1.0	0.9322033898305084	0.9111111111111111	0.9130434782608695	0.9152542372881356	0.9322033898305084	NaN	0.9130434782608695	0.9152542372881356	0.9130434782608695	0.9322033898305084	0.864406779661017	0.7647058823529411	0.8305084745762712	0.559322033898305	0.9322033898305084	0.9322033898305084	0.8095238095238095	1.0	1.0	0	1.0	0.8135593220338984	0.8095238095238095	0.7627118644067796	NaN	
1.0	1.0	1.0	1.0	1.0	1.0	1.0	NaN	1.0	1.0	1.0	NaN	1.0	1.0	1.0	1.0	1.0	1.0	1.0	1.0	NaN	1.0	0.8405797101449275	1.0	1.0	1.0	1.0	1.0	1.0	1.0	1.0	1.0	1.0	1.0	1.0	0	1.0	1.0	1.0	NaN	
0.6949152542372882	1.0	1.0	0.7627118644067796	0.4090909090909091	0.8913043478260869	0.6949152542372882	NaN	0.19047619047619047	0.5	1.0	NaN	0.6440677966101694	0.6440677966101694	1.0	0.7796610169491526	0.8222222222222222	0.6086956521739131	0.6271186440677966	0.6440677966101694	NaN	0.6086956521739131	0.7796610169491526	0.6086956521739131	0.7627118644067796	0.6440677966101694	0.23529411764705882	0.7796610169491526	0.6610169491525424	0.7796610169491526	0.6440677966101694	0.38095238095238093	1.0	1.0	0.8135593220338984	1.0	0	0.38095238095238093	0.4576271186440678	NaN	
0.38095238095238093	1.0	1.0	0.38095238095238093	0.38095238095238093	1.0	0.38095238095238093	NaN	0.38095238095238093	0.38095238095238093	1.0	NaN	0.38095238095238093	0.38095238095238093	1.0	0.38095238095238093	1.0	0.38095238095238093	0.38095238095238093	0.38095238095238093	NaN	0.38095238095238093	0.38095238095238093	0.38095238095238093	0.38095238095238093	0.38095238095238093	0.23529411764705882	0.9523809523809523	0.7142857142857143	0.38095238095238093	0.38095238095238093	0.0	1.0	1.0	0.8095238095238095	1.0	0.38095238095238093	0	0.38095238095238093	NaN	
0.6956521739130435	1.0	0.9538461538461539	0.7971014492753623	0.4090909090909091	0.8260869565217391	0.6956521739130435	NaN	0.19047619047619047	0.5	1.0	NaN	0.6956521739130435	0.6521739130434783	1.0	0.8115942028985508	0.7555555555555555	0.5434782608695652	0.6376811594202898	0.6086956521739131	NaN	0.5434782608695652	0.8115942028985508	0.5434782608695652	0.7971014492753623	0.6521739130434783	0.23529411764705882	0.7101449275362319	0.6231884057971014	0.7681159420289855	0.6521739130434783	0.38095238095238093	0.925	0.9538461538461539	0.7627118644067796	1.0	0.4576271186440678	0.38095238095238093	0	NaN	
NaN	NaN	NaN	NaN	NaN	NaN	NaN	NaN	NaN	NaN	NaN	NaN	NaN	NaN	NaN	NaN	NaN	NaN	NaN	NaN	NaN	NaN	NaN	NaN	NaN	NaN	NaN	NaN	NaN	NaN	NaN	NaN	NaN	NaN	NaN	NaN	NaN	NaN	NaN	0	
