0	0.7142857142857143	1.0	1.0	1.0	1.0	1.0	1.0	0.9	1.0	1.0	1.0	1.0	1.0	0.9	1.0	0.9	0.6	1.0	1.0	0.9	1.0	1.0	1.0	0.9	0.9	1.0	1.0	1.0	1.0	1.0	1.0	1.0	1.0	1.0	1.0	
0.7142857142857143	0	1.0	1.0	1.0	1.0	1.0	1.0	1.0	1.0	1.0	1.0	1.0	1.0	1.0	1.0	1.0	0.2857142857142857	1.0	1.0	1.0	1.0	1.0	1.0	1.0	1.0	1.0	1.0	1.0	1.0	1.0	1.0	1.0	1.0	1.0	1.0	
1.0	1.0	0	0.0	1.0	1.0	0.2857142857142857	0.0	0.8372093023255814	1.0	1.0	1.0	1.0	0.8947368421052632	0.8823529411764706	1.0	0.8	0.9534883720930233	1.0	1.0	0.9473684210526315	1.0	0.5333333333333333	1.0	0.9069767441860465	0.8157894736842105	0.4186046511627907	0.2857142857142857	0.6511627906976745	0.78125	0.8148148148148148	1.0	0.9259259259259259	0.7209302325581395	0.6363636363636364	0.9259259259259259	
1.0	1.0	0.0	0	1.0	1.0	0.2857142857142857	0.0	0.0	1.0	1.0	1.0	1.0	0.7142857142857143	0.7142857142857143	1.0	0.2857142857142857	0.7142857142857143	1.0	1.0	0.7142857142857143	1.0	1.0	1.0	0.42857142857142855	0.0	0.0	0.2857142857142857	0.2857142857142857	1.0	0.2857142857142857	1.0	0.7142857142857143	0.2857142857142857	0.2857142857142857	0.7142857142857143	
1.0	1.0	1.0	1.0	0	1.0	1.0	1.0	1.0	1.0	1.0	1.0	1.0	1.0	1.0	1.0	1.0	1.0	1.0	1.0	1.0	1.0	1.0	1.0	1.0	1.0	1.0	1.0	1.0	1.0	1.0	1.0	1.0	1.0	1.0	1.0	
1.0	1.0	1.0	1.0	1.0	0	1.0	1.0	1.0	1.0	1.0	1.0	0.6666666666666666	1.0	1.0	0.8	1.0	1.0	1.0	0.6	1.0	0.9230769230769231	1.0	1.0	1.0	1.0	1.0	1.0	1.0	1.0	1.0	1.0	1.0	1.0	1.0	1.0	
1.0	1.0	0.2857142857142857	0.2857142857142857	1.0	1.0	0	0.3333333333333333	0.2857142857142857	1.0	1.0	1.0	1.0	0.7142857142857143	0.7142857142857143	1.0	0.2857142857142857	1.0	1.0	1.0	0.7142857142857143	1.0	1.0	1.0	0.7142857142857143	0.2857142857142857	0.2857142857142857	0.2857142857142857	0.2857142857142857	1.0	0.2857142857142857	1.0	0.7142857142857143	0.2857142857142857	0.2857142857142857	0.7142857142857143	
1.0	1.0	0.0	0.0	1.0	1.0	0.3333333333333333	0	0.0	1.0	1.0	1.0	1.0	0.8333333333333334	0.8333333333333334	1.0	0.3333333333333333	0.6666666666666666	1.0	1.0	0.8333333333333334	1.0	1.0	1.0	0.5	0.0	0.0	0.3333333333333333	0.3333333333333333	1.0	0.3333333333333333	1.0	0.8333333333333334	0.3333333333333333	0.3333333333333333	0.8333333333333334	
0.9	1.0	0.8372093023255814	0.0	1.0	1.0	0.2857142857142857	0.0	0	0.125	1.0	0.7948717948717948	1.0	0.8947368421052632	0.29411764705882354	1.0	0.68	0.6511627906976745	0.0	1.0	0.6578947368421053	1.0	1.0	0.92	0.4186046511627907	0.3684210526315789	0.8372093023255814	0.2857142857142857	0.8837209302325582	1.0	0.8148148148148148	1.0	0.9259259259259259	0.8837209302325582	0.8837209302325582	0.9259259259259259	
1.0	1.0	1.0	1.0	1.0	1.0	1.0	1.0	0.125	0	1.0	0.125	1.0	1.0	0.125	1.0	1.0	0.5	1.0	1.0	0.125	1.0	1.0	0.875	0.125	0.125	1.0	1.0	1.0	1.0	1.0	1.0	1.0	1.0	1.0	1.0	
1.0	1.0	1.0	1.0	1.0	1.0	1.0	1.0	1.0	1.0	0	1.0	1.0	1.0	1.0	1.0	1.0	1.0	1.0	1.0	1.0	1.0	1.0	1.0	1.0	1.0	1.0	1.0	1.0	1.0	1.0	1.0	1.0	1.0	1.0	1.0	
1.0	1.0	1.0	1.0	1.0	1.0	1.0	1.0	0.7948717948717948	0.125	1.0	0	1.0	1.0	0.5882352941176471	1.0	1.0	0.8974358974358975	0.0	1.0	0.7894736842105263	1.0	1.0	0.92	0.7948717948717948	0.8157894736842105	1.0	1.0	1.0	1.0	1.0	1.0	1.0	1.0	1.0	1.0	
1.0	1.0	1.0	1.0	1.0	0.6666666666666666	1.0	1.0	1.0	1.0	1.0	1.0	0	1.0	1.0	1.0	1.0	1.0	1.0	0.6	1.0	0.6666666666666666	1.0	1.0	1.0	1.0	1.0	1.0	1.0	1.0	1.0	1.0	1.0	1.0	1.0	1.0	
1.0	1.0	0.8947368421052632	0.7142857142857143	1.0	1.0	0.7142857142857143	0.8333333333333334	0.8947368421052632	1.0	1.0	1.0	1.0	0	0.8823529411764706	1.0	0.8947368421052632	1.0	1.0	1.0	0.8947368421052632	1.0	1.0	1.0	0.8947368421052632	0.8947368421052632	0.8947368421052632	0.7142857142857143	0.8947368421052632	1.0	0.8947368421052632	1.0	0.8947368421052632	0.8947368421052632	0.8947368421052632	0.8947368421052632	
0.9	1.0	0.8823529411764706	0.7142857142857143	1.0	1.0	0.7142857142857143	0.8333333333333334	0.29411764705882354	0.125	1.0	0.5882352941176471	1.0	0.8823529411764706	0	1.0	0.7058823529411765	0.6470588235294118	1.0	1.0	0.11764705882352941	1.0	1.0	0.9411764705882353	0.11764705882352941	0.29411764705882354	0.8823529411764706	0.7142857142857143	0.8823529411764706	1.0	0.8823529411764706	1.0	0.7058823529411765	0.8823529411764706	0.8823529411764706	0.7058823529411765	
1.0	1.0	1.0	1.0	1.0	0.8	1.0	1.0	1.0	1.0	1.0	1.0	1.0	1.0	1.0	0	1.0	1.0	1.0	1.0	1.0	0.88	1.0	1.0	1.0	1.0	1.0	1.0	1.0	1.0	1.0	1.0	1.0	1.0	1.0	1.0	
0.9	1.0	0.8	0.2857142857142857	1.0	1.0	0.2857142857142857	0.3333333333333333	0.68	1.0	1.0	1.0	1.0	0.8947368421052632	0.7058823529411765	1.0	0	0.92	1.0	1.0	0.8	1.0	1.0	1.0	0.8	0.68	0.8	0.2857142857142857	0.8	1.0	0.8	1.0	0.92	0.8	0.8	0.92	
0.6	0.2857142857142857	0.9534883720930233	0.7142857142857143	1.0	1.0	1.0	0.6666666666666666	0.6511627906976745	0.5	1.0	0.8974358974358975	1.0	1.0	0.6470588235294118	1.0	0.92	0	1.0	1.0	0.7894736842105263	1.0	1.0	1.0	0.6511627906976745	0.47368421052631576	0.9534883720930233	1.0	1.0	1.0	1.0	1.0	1.0	1.0	1.0	1.0	
1.0	1.0	1.0	1.0	1.0	1.0	1.0	1.0	0.0	1.0	1.0	0.0	1.0	1.0	1.0	1.0	1.0	1.0	0	1.0	0.0	1.0	1.0	0.0	0.0	1.0	1.0	1.0	1.0	1.0	1.0	1.0	1.0	1.0	1.0	1.0	
1.0	1.0	1.0	1.0	1.0	0.6	1.0	1.0	1.0	1.0	1.0	1.0	0.6	1.0	1.0	1.0	1.0	1.0	1.0	0	1.0	0.6	1.0	1.0	1.0	1.0	1.0	1.0	1.0	1.0	1.0	1.0	1.0	1.0	1.0	1.0	
0.9	1.0	0.9473684210526315	0.7142857142857143	1.0	1.0	0.7142857142857143	0.8333333333333334	0.6578947368421053	0.125	1.0	0.7894736842105263	1.0	0.8947368421052632	0.11764705882352941	1.0	0.8	0.7894736842105263	0.0	1.0	0	1.0	1.0	0.92	0.5789473684210527	0.5263157894736842	0.9473684210526315	0.7142857142857143	0.8947368421052632	1.0	0.9259259259259259	1.0	0.8148148148148148	0.9473684210526315	0.9473684210526315	0.8148148148148148	
1.0	1.0	1.0	1.0	1.0	0.9230769230769231	1.0	1.0	1.0	1.0	1.0	1.0	0.6666666666666666	1.0	1.0	0.88	1.0	1.0	1.0	0.6	1.0	0	1.0	1.0	1.0	1.0	1.0	1.0	1.0	1.0	1.0	1.0	1.0	1.0	1.0	1.0	
1.0	1.0	0.5333333333333333	1.0	1.0	1.0	1.0	1.0	1.0	1.0	1.0	1.0	1.0	1.0	1.0	1.0	1.0	1.0	1.0	1.0	1.0	1.0	0	1.0	1.0	1.0	0.5333333333333333	1.0	0.4666666666666667	0.4666666666666667	1.0	1.0	1.0	0.7333333333333333	0.5333333333333333	1.0	
1.0	1.0	1.0	1.0	1.0	1.0	1.0	1.0	0.92	0.875	1.0	0.92	1.0	1.0	0.9411764705882353	1.0	1.0	1.0	0.0	1.0	0.92	1.0	1.0	0	0.92	0.96	1.0	1.0	1.0	1.0	1.0	1.0	1.0	1.0	1.0	1.0	
0.9	1.0	0.9069767441860465	0.42857142857142855	1.0	1.0	0.7142857142857143	0.5	0.4186046511627907	0.125	1.0	0.7948717948717948	1.0	0.8947368421052632	0.11764705882352941	1.0	0.8	0.6511627906976745	0.0	1.0	0.5789473684210527	1.0	1.0	0.92	0	0.4473684210526316	0.9069767441860465	0.7142857142857143	0.9534883720930233	1.0	0.9259259259259259	1.0	0.8148148148148148	0.9534883720930233	0.9534883720930233	0.8148148148148148	
0.9	1.0	0.8157894736842105	0.0	1.0	1.0	0.2857142857142857	0.0	0.3684210526315789	0.125	1.0	0.8157894736842105	1.0	0.8947368421052632	0.29411764705882354	1.0	0.68	0.47368421052631576	1.0	1.0	0.5263157894736842	1.0	1.0	0.96	0.4473684210526316	0	0.8157894736842105	0.2857142857142857	0.8157894736842105	1.0	0.8148148148148148	1.0	0.9259259259259259	0.868421052631579	0.868421052631579	0.9259259259259259	
1.0	1.0	0.4186046511627907	0.0	1.0	1.0	0.2857142857142857	0.0	0.8372093023255814	1.0	1.0	1.0	1.0	0.8947368421052632	0.8823529411764706	1.0	0.8	0.9534883720930233	1.0	1.0	0.9473684210526315	1.0	0.5333333333333333	1.0	0.9069767441860465	0.8157894736842105	0	0.2857142857142857	0.5813953488372093	0.78125	0.8148148148148148	1.0	0.9259259259259259	0.6744186046511628	0.5581395348837209	0.9259259259259259	
1.0	1.0	0.2857142857142857	0.2857142857142857	1.0	1.0	0.2857142857142857	0.3333333333333333	0.2857142857142857	1.0	1.0	1.0	1.0	0.7142857142857143	0.7142857142857143	1.0	0.2857142857142857	1.0	1.0	1.0	0.7142857142857143	1.0	1.0	1.0	0.7142857142857143	0.2857142857142857	0.2857142857142857	0	0.0	1.0	0.2857142857142857	1.0	0.7142857142857143	0.2857142857142857	0.2857142857142857	0.7142857142857143	
1.0	1.0	0.6511627906976745	0.2857142857142857	1.0	1.0	0.2857142857142857	0.3333333333333333	0.8837209302325582	1.0	1.0	1.0	1.0	0.8947368421052632	0.8823529411764706	1.0	0.8	1.0	1.0	1.0	0.8947368421052632	1.0	0.4666666666666667	1.0	0.9534883720930233	0.8157894736842105	0.5813953488372093	0.0	0	0.75	0.8148148148148148	1.0	0.9259259259259259	0.6744186046511628	0.5348837209302325	0.9259259259259259	
1.0	1.0	0.78125	1.0	1.0	1.0	1.0	1.0	1.0	1.0	1.0	1.0	1.0	1.0	1.0	1.0	1.0	1.0	1.0	1.0	1.0	1.0	0.4666666666666667	1.0	1.0	1.0	0.78125	1.0	0.75	0	1.0	1.0	1.0	0.875	0.78125	1.0	
1.0	1.0	0.8148148148148148	0.2857142857142857	1.0	1.0	0.2857142857142857	0.3333333333333333	0.8148148148148148	1.0	1.0	1.0	1.0	0.8947368421052632	0.8823529411764706	1.0	0.8	1.0	1.0	1.0	0.9259259259259259	1.0	1.0	1.0	0.9259259259259259	0.8148148148148148	0.8148148148148148	0.2857142857142857	0.8148148148148148	1.0	0	1.0	0.9259259259259259	0.8148148148148148	0.8148148148148148	0.9259259259259259	
1.0	1.0	1.0	1.0	1.0	1.0	1.0	1.0	1.0	1.0	1.0	1.0	1.0	1.0	1.0	1.0	1.0	1.0	1.0	1.0	1.0	1.0	1.0	1.0	1.0	1.0	1.0	1.0	1.0	1.0	1.0	0	1.0	1.0	1.0	1.0	
1.0	1.0	0.9259259259259259	0.7142857142857143	1.0	1.0	0.7142857142857143	0.8333333333333334	0.9259259259259259	1.0	1.0	1.0	1.0	0.8947368421052632	0.7058823529411765	1.0	0.92	1.0	1.0	1.0	0.8148148148148148	1.0	1.0	1.0	0.8148148148148148	0.9259259259259259	0.9259259259259259	0.7142857142857143	0.9259259259259259	1.0	0.9259259259259259	1.0	0	0.9259259259259259	0.9259259259259259	0.6666666666666666	
1.0	1.0	0.7209302325581395	0.2857142857142857	1.0	1.0	0.2857142857142857	0.3333333333333333	0.8837209302325582	1.0	1.0	1.0	1.0	0.8947368421052632	0.8823529411764706	1.0	0.8	1.0	1.0	1.0	0.9473684210526315	1.0	0.7333333333333333	1.0	0.9534883720930233	0.868421052631579	0.6744186046511628	0.2857142857142857	0.6744186046511628	0.875	0.8148148148148148	1.0	0.9259259259259259	0	0.6744186046511628	0.9259259259259259	
1.0	1.0	0.6363636363636364	0.2857142857142857	1.0	1.0	0.2857142857142857	0.3333333333333333	0.8837209302325582	1.0	1.0	1.0	1.0	0.8947368421052632	0.8823529411764706	1.0	0.8	1.0	1.0	1.0	0.9473684210526315	1.0	0.5333333333333333	1.0	0.9534883720930233	0.868421052631579	0.5581395348837209	0.2857142857142857	0.5348837209302325	0.78125	0.8148148148148148	1.0	0.9259259259259259	0.6744186046511628	0	0.9259259259259259	
1.0	1.0	0.9259259259259259	0.7142857142857143	1.0	1.0	0.7142857142857143	0.8333333333333334	0.9259259259259259	1.0	1.0	1.0	1.0	0.8947368421052632	0.7058823529411765	1.0	0.92	1.0	1.0	1.0	0.8148148148148148	1.0	1.0	1.0	0.8148148148148148	0.9259259259259259	0.9259259259259259	0.7142857142857143	0.9259259259259259	1.0	0.9259259259259259	1.0	0.6666666666666666	0.9259259259259259	0.9259259259259259	0	
