0	0.972027972027972	1.0	0.9084967320261438	0.987012987012987	1.0	0.9555555555555556	NaN	NaN	0.9215686274509803	0.9788732394366197	0.796875	0.9215686274509803	0.8740740740740741	NaN	NaN	0.9375	0.9393939393939394	0.869281045751634	0.9072847682119205	0.954248366013072	1.0	0.9583333333333334	0.8582089552238806	0.8699186991869918	1.0	0.9215686274509803	0.9097744360902256	NaN	1.0	1.0	1.0	1.0	0.9384615384615385	
0.972027972027972	0	0.9594594594594594	0.6433566433566433	0.7922077922077922	0.967479674796748	0.8333333333333334	NaN	NaN	0.8671328671328671	0.9084507042253521	0.609375	0.5314685314685315	0.6888888888888889	NaN	NaN	0.515625	0.803030303030303	0.7832167832167832	0.8601398601398601	0.951048951048951	1.0	0.8531468531468531	0.9552238805970149	0.6097560975609756	0.8369565217391305	0.7202797202797203	0.6616541353383458	NaN	0.953125	1.0	0.9508196721311475	1.0	0.6538461538461539	
1.0	0.9594594594594594	0	0.8378378378378378	1.0	1.0	1.0	NaN	NaN	1.0	1.0	1.0	0.9594594594594594	1.0	NaN	NaN	0.859375	1.0	0.8918918918918919	0.9594594594594594	0.9864864864864865	1.0	0.9594594594594594	1.0	0.9594594594594594	1.0	1.0	0.9459459459459459	NaN	1.0	1.0	1.0	1.0	0.9594594594594594	
0.9084967320261438	0.6433566433566433	0.8378378378378378	0	0.8571428571428571	0.9186991869918699	0.8777777777777778	NaN	NaN	0.8713450292397661	0.8873239436619719	0.59375	0.5153374233128835	0.7407407407407407	NaN	NaN	0.46875	0.9090909090909091	0.6582278481012658	0.7748344370860927	0.9181286549707602	1.0	0.8402777777777778	0.8731343283582089	0.5691056910569106	0.8695652173913043	0.7309941520467836	0.7443609022556391	NaN	0.96875	1.0	0.9508196721311475	1.0	0.5384615384615384	
0.987012987012987	0.7922077922077922	1.0	0.8571428571428571	0	0.948051948051948	0.948051948051948	NaN	NaN	0.8961038961038961	0.7272727272727273	0.796875	0.7792207792207793	0.7012987012987013	NaN	NaN	0.921875	0.9696969696969697	0.935064935064935	1.0	1.0	1.0	0.935064935064935	0.974025974025974	0.7792207792207793	0.7922077922077922	0.6233766233766234	0.8311688311688312	NaN	0.984375	1.0	1.0	1.0	0.7272727272727273	
1.0	0.967479674796748	1.0	0.9186991869918699	0.948051948051948	0	1.0	NaN	NaN	1.0	0.8617886178861789	0.9375	0.9512195121951219	0.9512195121951219	NaN	NaN	1.0	1.0	0.9512195121951219	1.0	0.991869918699187	1.0	0.9512195121951219	1.0	1.0	0.9347826086956522	0.9512195121951219	0.967479674796748	NaN	1.0	1.0	1.0	1.0	0.9512195121951219	
0.9555555555555556	0.8333333333333334	1.0	0.8777777777777778	0.948051948051948	1.0	0	NaN	NaN	0.7666666666666667	1.0	1.0	0.7666666666666667	0.8111111111111111	NaN	NaN	0.8125	0.7878787878787878	0.9	0.8888888888888888	0.8555555555555555	1.0	0.9888888888888889	0.8888888888888888	0.7666666666666667	0.9666666666666667	0.7666666666666667	0.7666666666666667	NaN	1.0	1.0	0.9333333333333333	1.0	0.9111111111111111	
NaN	NaN	NaN	NaN	NaN	NaN	NaN	0	NaN	NaN	NaN	NaN	NaN	NaN	NaN	NaN	NaN	NaN	NaN	NaN	NaN	NaN	NaN	NaN	NaN	NaN	NaN	NaN	NaN	NaN	NaN	NaN	NaN	NaN	
NaN	NaN	NaN	NaN	NaN	NaN	NaN	NaN	0	NaN	NaN	NaN	NaN	NaN	NaN	NaN	NaN	NaN	NaN	NaN	NaN	NaN	NaN	NaN	NaN	NaN	NaN	NaN	NaN	NaN	NaN	NaN	NaN	NaN	
0.9215686274509803	0.8671328671328671	1.0	0.8713450292397661	0.8961038961038961	1.0	0.7666666666666667	NaN	NaN	0	0.9788732394366197	0.84375	0.7730061349693251	0.7777777777777778	NaN	NaN	0.78125	0.7878787878787878	0.8734177215189873	0.9205298013245033	0.9207920792079208	1.0	0.9791666666666666	0.8805970149253731	0.5528455284552846	0.9239130434782609	0.8011695906432749	0.7443609022556391	NaN	1.0	1.0	0.9508196721311475	1.0	0.8538461538461538	
0.9788732394366197	0.9084507042253521	1.0	0.8873239436619719	0.7272727272727273	0.8617886178861789	1.0	NaN	NaN	0.9788732394366197	0	0.78125	0.9084507042253521	0.8074074074074075	NaN	NaN	0.921875	0.8939393939393939	0.9577464788732394	1.0	1.0	1.0	0.9577464788732394	1.0	0.8861788617886179	0.8586956521739131	0.8661971830985915	0.924812030075188	NaN	0.953125	1.0	1.0	1.0	0.9153846153846154	
0.796875	0.609375	1.0	0.59375	0.796875	0.9375	1.0	NaN	NaN	0.84375	0.78125	0	0.578125	0.0	NaN	NaN	0.921875	1.0	0.65625	0.96875	0.953125	1.0	0.90625	1.0	0.765625	0.8125	0.34375	0.28125	NaN	0.96875	1.0	0.90625	1.0	0.578125	
0.9215686274509803	0.5314685314685315	0.9594594594594594	0.5153374233128835	0.7792207792207793	0.9512195121951219	0.7666666666666667	NaN	NaN	0.7730061349693251	0.9084507042253521	0.578125	0	0.6370370370370371	NaN	NaN	0.4375	0.7878787878787878	0.620253164556962	0.7748344370860927	0.901840490797546	1.0	0.8333333333333334	0.8731343283582089	0.5040650406504065	0.6956521739130435	0.6319018404907976	0.5789473684210527	NaN	0.96875	1.0	0.9508196721311475	1.0	0.49230769230769234	
0.8740740740740741	0.6888888888888889	1.0	0.7407407407407407	0.7012987012987013	0.9512195121951219	0.8111111111111111	NaN	NaN	0.7777777777777778	0.8074074074074075	0.0	0.6370370370370371	0	NaN	NaN	0.796875	0.6060606060606061	0.725925925925926	0.9407407407407408	0.9111111111111111	1.0	0.9333333333333333	0.9552238805970149	0.7154471544715447	0.75	0.4	0.5037593984962406	NaN	0.96875	1.0	0.9344262295081968	1.0	0.7153846153846154	
NaN	NaN	NaN	NaN	NaN	NaN	NaN	NaN	NaN	NaN	NaN	NaN	NaN	NaN	0	NaN	NaN	NaN	NaN	NaN	NaN	NaN	NaN	NaN	NaN	NaN	NaN	NaN	NaN	NaN	NaN	NaN	NaN	NaN	
NaN	NaN	NaN	NaN	NaN	NaN	NaN	NaN	NaN	NaN	NaN	NaN	NaN	NaN	NaN	0	NaN	NaN	NaN	NaN	NaN	NaN	NaN	NaN	NaN	NaN	NaN	NaN	NaN	NaN	NaN	NaN	NaN	NaN	
0.9375	0.515625	0.859375	0.46875	0.921875	1.0	0.8125	NaN	NaN	0.78125	0.921875	0.921875	0.4375	0.796875	NaN	NaN	0	0.890625	0.640625	0.71875	0.796875	1.0	0.765625	0.8125	0.46875	0.9375	0.734375	0.75	NaN	1.0	1.0	0.90625	1.0	0.625	
0.9393939393939394	0.803030303030303	1.0	0.9090909090909091	0.9696969696969697	1.0	0.7878787878787878	NaN	NaN	0.7878787878787878	0.8939393939393939	1.0	0.7878787878787878	0.6060606060606061	NaN	NaN	0.890625	0	0.9242424242424242	0.9242424242424242	0.8787878787878788	1.0	0.9848484848484849	0.9242424242424242	0.7878787878787878	0.9848484848484849	0.7727272727272727	0.7878787878787878	NaN	1.0	1.0	0.9848484848484849	1.0	0.9090909090909091	
0.869281045751634	0.7832167832167832	0.8918918918918919	0.6582278481012658	0.935064935064935	0.9512195121951219	0.9	NaN	NaN	0.8734177215189873	0.9577464788732394	0.65625	0.620253164556962	0.725925925925926	NaN	NaN	0.640625	0.9242424242424242	0	0.7019867549668874	0.9240506329113924	1.0	0.7638888888888888	0.7761194029850746	0.7398373983739838	0.9130434782608695	0.7531645569620253	0.7669172932330827	NaN	0.96875	1.0	0.9590163934426229	1.0	0.6692307692307692	
0.9072847682119205	0.8601398601398601	0.9594594594594594	0.7748344370860927	1.0	1.0	0.8888888888888888	NaN	NaN	0.9205298013245033	1.0	0.96875	0.7748344370860927	0.9407407407407408	NaN	NaN	0.71875	0.9242424242424242	0.7019867549668874	0	0.9205298013245033	1.0	0.9027777777777778	0.6865671641791045	0.8617886178861789	1.0	0.8807947019867549	0.9022556390977443	NaN	1.0	1.0	0.9508196721311475	1.0	0.8846153846153846	
0.954248366013072	0.951048951048951	0.9864864864864865	0.9181286549707602	1.0	0.991869918699187	0.8555555555555555	NaN	NaN	0.9207920792079208	1.0	0.953125	0.901840490797546	0.9111111111111111	NaN	NaN	0.796875	0.8787878787878788	0.9240506329113924	0.9205298013245033	0	1.0	0.9930555555555556	0.9253731343283582	0.8699186991869918	1.0	0.9064327485380117	0.7969924812030075	NaN	1.0	1.0	0.9508196721311475	1.0	0.9769230769230769	
1.0	1.0	1.0	1.0	1.0	1.0	1.0	NaN	NaN	1.0	1.0	1.0	1.0	1.0	NaN	NaN	1.0	1.0	1.0	1.0	1.0	0	1.0	1.0	1.0	1.0	1.0	1.0	NaN	1.0	1.0	1.0	1.0	1.0	
0.9583333333333334	0.8531468531468531	0.9594594594594594	0.8402777777777778	0.935064935064935	0.9512195121951219	0.9888888888888889	NaN	NaN	0.9791666666666666	0.9577464788732394	0.90625	0.8333333333333334	0.9333333333333333	NaN	NaN	0.765625	0.9848484848484849	0.7638888888888888	0.9027777777777778	0.9930555555555556	1.0	0	0.9402985074626866	0.8780487804878049	0.9130434782608695	0.9375	0.9473684210526315	NaN	0.96875	1.0	1.0	1.0	0.8461538461538461	
0.8582089552238806	0.9552238805970149	1.0	0.8731343283582089	0.974025974025974	1.0	0.8888888888888888	NaN	NaN	0.8805970149253731	1.0	1.0	0.8731343283582089	0.9552238805970149	NaN	NaN	0.8125	0.9242424242424242	0.7761194029850746	0.6865671641791045	0.9253731343283582	1.0	0.9402985074626866	0	0.7479674796747967	1.0	0.9253731343283582	0.924812030075188	NaN	1.0	1.0	0.9508196721311475	1.0	0.9461538461538461	
0.8699186991869918	0.6097560975609756	0.9594594594594594	0.5691056910569106	0.7792207792207793	1.0	0.7666666666666667	NaN	NaN	0.5528455284552846	0.8861788617886179	0.765625	0.5040650406504065	0.7154471544715447	NaN	NaN	0.46875	0.7878787878787878	0.7398373983739838	0.8617886178861789	0.8699186991869918	1.0	0.8780487804878049	0.7479674796747967	0	0.8804347826086957	0.6829268292682927	0.7235772357723578	NaN	1.0	1.0	0.9508196721311475	1.0	0.6097560975609756	
1.0	0.8369565217391305	1.0	0.8695652173913043	0.7922077922077922	0.9347826086956522	0.9666666666666667	NaN	NaN	0.9239130434782609	0.8586956521739131	0.8125	0.6956521739130435	0.75	NaN	NaN	0.9375	0.9848484848484849	0.9130434782608695	1.0	1.0	1.0	0.9130434782608695	1.0	0.8804347826086957	0	0.75	0.8369565217391305	NaN	0.96875	1.0	1.0	1.0	0.8586956521739131	
0.9215686274509803	0.7202797202797203	1.0	0.7309941520467836	0.6233766233766234	0.9512195121951219	0.7666666666666667	NaN	NaN	0.8011695906432749	0.8661971830985915	0.34375	0.6319018404907976	0.4	NaN	NaN	0.734375	0.7727272727272727	0.7531645569620253	0.8807947019867549	0.9064327485380117	1.0	0.9375	0.9253731343283582	0.6829268292682927	0.75	0	0.5714285714285714	NaN	0.96875	1.0	0.9016393442622951	1.0	0.6230769230769231	
0.9097744360902256	0.6616541353383458	0.9459459459459459	0.7443609022556391	0.8311688311688312	0.967479674796748	0.7666666666666667	NaN	NaN	0.7443609022556391	0.924812030075188	0.28125	0.5789473684210527	0.5037593984962406	NaN	NaN	0.75	0.7878787878787878	0.7669172932330827	0.9022556390977443	0.7969924812030075	1.0	0.9473684210526315	0.924812030075188	0.7235772357723578	0.8369565217391305	0.5714285714285714	0	NaN	0.953125	1.0	0.8524590163934426	1.0	0.7846153846153846	
NaN	NaN	NaN	NaN	NaN	NaN	NaN	NaN	NaN	NaN	NaN	NaN	NaN	NaN	NaN	NaN	NaN	NaN	NaN	NaN	NaN	NaN	NaN	NaN	NaN	NaN	NaN	NaN	0	NaN	NaN	NaN	NaN	NaN	
1.0	0.953125	1.0	0.96875	0.984375	1.0	1.0	NaN	NaN	1.0	0.953125	0.96875	0.96875	0.96875	NaN	NaN	1.0	1.0	0.96875	1.0	1.0	1.0	0.96875	1.0	1.0	0.96875	0.96875	0.953125	NaN	0	1.0	1.0	0.984375	1.0	
1.0	1.0	1.0	1.0	1.0	1.0	1.0	NaN	NaN	1.0	1.0	1.0	1.0	1.0	NaN	NaN	1.0	1.0	1.0	1.0	1.0	1.0	1.0	1.0	1.0	1.0	1.0	1.0	NaN	1.0	0	1.0	1.0	1.0	
1.0	0.9508196721311475	1.0	0.9508196721311475	1.0	1.0	0.9333333333333333	NaN	NaN	0.9508196721311475	1.0	0.90625	0.9508196721311475	0.9344262295081968	NaN	NaN	0.90625	0.9848484848484849	0.9590163934426229	0.9508196721311475	0.9508196721311475	1.0	1.0	0.9508196721311475	0.9508196721311475	1.0	0.9016393442622951	0.8524590163934426	NaN	1.0	1.0	0	1.0	1.0	
1.0	1.0	1.0	1.0	1.0	1.0	1.0	NaN	NaN	1.0	1.0	1.0	1.0	1.0	NaN	NaN	1.0	1.0	1.0	1.0	1.0	1.0	1.0	1.0	1.0	1.0	1.0	1.0	NaN	0.984375	1.0	1.0	0	1.0	
0.9384615384615385	0.6538461538461539	0.9594594594594594	0.5384615384615384	0.7272727272727273	0.9512195121951219	0.9111111111111111	NaN	NaN	0.8538461538461538	0.9153846153846154	0.578125	0.49230769230769234	0.7153846153846154	NaN	NaN	0.625	0.9090909090909091	0.6692307692307692	0.8846153846153846	0.9769230769230769	1.0	0.8461538461538461	0.9461538461538461	0.6097560975609756	0.8586956521739131	0.6230769230769231	0.7846153846153846	NaN	1.0	1.0	1.0	1.0	0	
