0	0.0	0.17142857142857143	0.5142857142857142	0.17142857142857143	0.17142857142857143	0.2857142857142857	0.0	0.018867924528301886	0.17142857142857143	0.9	0.14285714285714285	0.22857142857142856	0.5142857142857142	0.5	0.3	0.17142857142857143	0.16129032258064516	0.17142857142857143	0.45714285714285713	0.17142857142857143	0.5142857142857142	0.13157894736842105	0.45714285714285713	0.18181818181818182	0.35714285714285715	0.17142857142857143	0.16129032258064516	0.0	0.9423076923076923	0.1111111111111111	NaN	0.45714285714285713	0.22857142857142856	0.12857142857142856	0.17142857142857143	0.18571428571428572	
0.0	0	0.0	0.47058823529411764	0.0	0.0	0.13725490196078433	0.0	0.0	0.0	0.8627450980392157	0.16666666666666666	0.0784313725490196	0.47058823529411764	0.39215686274509803	0.0392156862745098	0.0	0.0	0.0	0.37254901960784315	0.0	0.47058823529411764	0.15789473684210525	0.39215686274509803	0.058823529411764705	0.23529411764705882	0.0	0.0	0.0	0.9411764705882353	0.1111111111111111	NaN	0.39215686274509803	0.0784313725490196	0.1568627450980392	0.0	0.0	
0.17142857142857143	0.0	0	0.3394495412844037	0.28440366972477066	0.36893203883495146	0.1188118811881188	0.17142857142857143	0.0	0.3853211009174312	0.8155339805825242	0.14285714285714285	0.3577981651376147	0.5631067961165048	0.3225806451612903	0.375	0.10091743119266056	0.16129032258064516	0.10091743119266056	0.5	0.3853211009174312	0.6880733944954128	0.13157894736842105	0.6513761467889908	0.18181818181818182	0.1414141414141414	0.3853211009174312	0.16129032258064516	0.0	0.8076923076923077	0.1111111111111111	NaN	0.5777777777777777	0.47572815533980584	0.449438202247191	0.3853211009174312	0.37254901960784315	
0.5142857142857142	0.47058823529411764	0.3394495412844037	0	0.5045871559633027	0.6019417475728155	0.48514851485148514	0.5142857142857142	0.4716981132075472	0.6055045871559633	0.8640776699029126	0.3333333333333333	0.6972477064220184	0.6116504854368932	0.4838709677419355	0.6730769230769231	0.44036697247706424	0.5483870967741935	0.44036697247706424	0.6538461538461539	0.6055045871559633	0.7706422018348624	0.2631578947368421	0.7339449541284404	0.5454545454545454	0.46464646464646464	0.6055045871559633	0.5483870967741935	0.375	1.0	0.1111111111111111	NaN	0.6777777777777778	0.7087378640776699	0.7078651685393258	0.6055045871559633	0.6078431372549019	
0.17142857142857143	0.0	0.28440366972477066	0.5045871559633027	0	0.3300970873786408	0.42574257425742573	0.17142857142857143	0.018867924528301886	0.3853211009174312	0.8349514563106796	0.14285714285714285	0.4954128440366973	0.5631067961165048	0.3387096774193548	0.4423076923076923	0.3853211009174312	0.16129032258064516	0.3853211009174312	0.5	0.3853211009174312	0.46788990825688076	0.13157894736842105	0.6513761467889908	0.18181818181818182	0.45454545454545453	0.10091743119266056	0.16129032258064516	0.0	0.9423076923076923	0.1111111111111111	NaN	0.5555555555555556	0.39805825242718446	0.449438202247191	0.10091743119266056	0.10784313725490197	
0.17142857142857143	0.0	0.36893203883495146	0.6019417475728155	0.3300970873786408	0	0.36633663366336633	0.17142857142857143	0.018867924528301886	0.2621359223300971	0.9320388349514563	0.0	0.3592233009708738	0.6699029126213593	0.5	0.36893203883495146	0.2621359223300971	0.0	0.2621359223300971	0.5	0.2621359223300971	0.5242718446601942	0.0	0.5242718446601942	0.18181818181818182	0.3939393939393939	0.22330097087378642	0.16129032258064516	0.0	0.9423076923076923	0.0	NaN	0.5	0.4368932038834951	0.449438202247191	0.3300970873786408	0.22549019607843138	
0.2857142857142857	0.13725490196078433	0.1188118811881188	0.48514851485148514	0.42574257425742573	0.36633663366336633	0	0.2857142857142857	0.1509433962264151	0.3465346534653465	0.9405940594059405	0.2619047619047619	0.2871287128712871	0.7425742574257426	0.5967741935483871	0.33663366336633666	0.039603960396039604	0.1774193548387097	0.039603960396039604	0.5384615384615384	0.3465346534653465	0.6336633663366337	0.2894736842105263	0.6237623762376238	0.2727272727272727	0.10101010101010101	0.3465346534653465	0.2903225806451613	0.0625	0.8076923076923077	0.6666666666666666	NaN	0.6666666666666666	0.504950495049505	0.47191011235955055	0.42574257425742573	0.36633663366336633	
0.0	0.0	0.17142857142857143	0.5142857142857142	0.17142857142857143	0.17142857142857143	0.2857142857142857	0	0.018867924528301886	0.17142857142857143	0.9	0.14285714285714285	0.22857142857142856	0.5142857142857142	0.5	0.3	0.17142857142857143	0.16129032258064516	0.17142857142857143	0.45714285714285713	0.17142857142857143	0.5142857142857142	0.13157894736842105	0.45714285714285713	0.18181818181818182	0.35714285714285715	0.17142857142857143	0.16129032258064516	0.0	0.9423076923076923	0.1111111111111111	NaN	0.45714285714285713	0.22857142857142856	0.12857142857142856	0.17142857142857143	0.18571428571428572	
0.018867924528301886	0.0	0.0	0.4716981132075472	0.018867924528301886	0.018867924528301886	0.1509433962264151	0.018867924528301886	0	0.018867924528301886	0.8490566037735849	0.14285714285714285	0.07547169811320754	0.4716981132075472	0.39622641509433965	0.05660377358490566	0.0	0.018867924528301886	0.0	0.39622641509433965	0.018867924528301886	0.4716981132075472	0.13157894736842105	0.39622641509433965	0.07547169811320754	0.24528301886792453	0.018867924528301886	0.018867924528301886	0.0	0.9230769230769231	0.1111111111111111	NaN	0.39622641509433965	0.09433962264150944	0.18867924528301888	0.018867924528301886	0.03773584905660377	
0.17142857142857143	0.0	0.3853211009174312	0.6055045871559633	0.3853211009174312	0.2621359223300971	0.3465346534653465	0.17142857142857143	0.018867924528301886	0	0.9320388349514563	0.0	0.3944954128440367	0.6407766990291263	0.5	0.3557692307692308	0.28440366972477066	0.0	0.28440366972477066	0.5	0.21100917431192662	0.5871559633027523	0.0	0.5504587155963303	0.18181818181818182	0.37373737373737376	0.28440366972477066	0.16129032258064516	0.0	0.9423076923076923	0.0	NaN	0.5777777777777777	0.4563106796116505	0.449438202247191	0.3853211009174312	0.2647058823529412	
0.9	0.8627450980392157	0.8155339805825242	0.8640776699029126	0.8349514563106796	0.9320388349514563	0.9405940594059405	0.9	0.8490566037735849	0.9320388349514563	0	0.9047619047619048	0.9514563106796117	0.6796116504854369	0.41935483870967744	0.8737864077669902	0.912621359223301	0.8870967741935484	0.912621359223301	1.0	0.9320388349514563	0.7864077669902912	0.8947368421052632	0.9320388349514563	0.8939393939393939	0.9494949494949495	0.9320388349514563	0.8870967741935484	1.0	0.5384615384615384	0.5555555555555556	NaN	0.7111111111111111	0.970873786407767	0.9662921348314607	0.9320388349514563	0.9313725490196079	
0.14285714285714285	0.16666666666666666	0.14285714285714285	0.3333333333333333	0.14285714285714285	0.0	0.2619047619047619	0.14285714285714285	0.14285714285714285	0.0	0.9047619047619048	0	0.09523809523809523	0.40476190476190477	0.42857142857142855	0.11904761904761904	0.0	0.0	0.0	0.38095238095238093	0.0	0.35714285714285715	0.0	0.2619047619047619	0.21428571428571427	0.30952380952380953	0.0	0.14285714285714285	0.1875	1.0	0.0	NaN	0.40476190476190477	0.21428571428571427	0.35714285714285715	0.14285714285714285	0.023809523809523808	
0.22857142857142856	0.0784313725490196	0.3577981651376147	0.6972477064220184	0.4954128440366973	0.3592233009708738	0.2871287128712871	0.22857142857142856	0.07547169811320754	0.3944954128440367	0.9514563106796117	0.09523809523809523	0	0.7087378640776699	0.5483870967741935	0.3942307692307692	0.25688073394495414	0.06451612903225806	0.25688073394495414	0.38461538461538464	0.3944954128440367	0.5504587155963303	0.10526315789473684	0.5871559633027523	0.24242424242424243	0.30303030303030304	0.3944954128440367	0.22580645161290322	0.0	0.8076923076923077	0.4444444444444444	NaN	0.6222222222222222	0.4368932038834951	0.449438202247191	0.4954128440366973	0.3627450980392157	
0.5142857142857142	0.47058823529411764	0.5631067961165048	0.6116504854368932	0.5631067961165048	0.6699029126213593	0.7425742574257426	0.5142857142857142	0.4716981132075472	0.6407766990291263	0.6796116504854369	0.40476190476190477	0.7087378640776699	0	0.08064516129032258	0.7572815533980582	0.6699029126213593	0.5483870967741935	0.6699029126213593	0.7307692307692307	0.6699029126213593	0.47572815533980584	0.3684210526315789	0.6699029126213593	0.5454545454545454	0.7878787878787878	0.6699029126213593	0.5483870967741935	0.53125	0.5961538461538461	0.1111111111111111	NaN	0.4	0.7087378640776699	0.7191011235955056	0.6699029126213593	0.6764705882352942	
0.5	0.39215686274509803	0.3225806451612903	0.4838709677419355	0.3387096774193548	0.5	0.5967741935483871	0.5	0.39622641509433965	0.5	0.41935483870967744	0.42857142857142855	0.5483870967741935	0.08064516129032258	0	0.5161290322580645	0.4838709677419355	0.5	0.4838709677419355	0.7580645161290323	0.5	0.24193548387096775	0.39473684210526316	0.5	0.5483870967741935	0.6774193548387096	0.5	0.5	0.53125	0.5576923076923077	0.1111111111111111	NaN	0.1774193548387097	0.5645161290322581	0.6290322580645161	0.5	0.5	
0.3	0.0392156862745098	0.375	0.6730769230769231	0.4423076923076923	0.36893203883495146	0.33663366336633666	0.3	0.05660377358490566	0.3557692307692308	0.8737864077669902	0.11904761904761904	0.3942307692307692	0.7572815533980582	0.5161290322580645	0	0.28846153846153844	0.08064516129032258	0.28846153846153844	0.5769230769230769	0.3557692307692308	0.6634615384615384	0.13157894736842105	0.6346153846153846	0.30303030303030304	0.36363636363636365	0.3557692307692308	0.20967741935483872	0.0	0.9038461538461539	0.1111111111111111	NaN	0.6777777777777778	0.5339805825242718	0.5168539325842697	0.4423076923076923	0.3627450980392157	
0.17142857142857143	0.0	0.10091743119266056	0.44036697247706424	0.3853211009174312	0.2621359223300971	0.039603960396039604	0.17142857142857143	0.0	0.28440366972477066	0.912621359223301	0.0	0.25688073394495414	0.6699029126213593	0.4838709677419355	0.28846153846153844	0	0.0	0.0	0.5	0.28440366972477066	0.5871559633027523	0.0	0.5504587155963303	0.18181818181818182	0.06060606060606061	0.28440366972477066	0.16129032258064516	0.0	0.8076923076923077	0.0	NaN	0.5777777777777777	0.4563106796116505	0.449438202247191	0.3853211009174312	0.2647058823529412	
0.16129032258064516	0.0	0.16129032258064516	0.5483870967741935	0.16129032258064516	0.0	0.1774193548387097	0.16129032258064516	0.018867924528301886	0.0	0.8870967741935484	0.0	0.06451612903225806	0.5483870967741935	0.5	0.08064516129032258	0.0	0	0.0	0.4838709677419355	0.0	0.3870967741935484	0.0	0.3225806451612903	0.20967741935483872	0.25806451612903225	0.0	0.16129032258064516	0.0	0.9423076923076923	0.0	NaN	0.4838709677419355	0.20967741935483872	0.3064516129032258	0.16129032258064516	0.016129032258064516	
0.17142857142857143	0.0	0.10091743119266056	0.44036697247706424	0.3853211009174312	0.2621359223300971	0.039603960396039604	0.17142857142857143	0.0	0.28440366972477066	0.912621359223301	0.0	0.25688073394495414	0.6699029126213593	0.4838709677419355	0.28846153846153844	0.0	0.0	0	0.5	0.28440366972477066	0.5871559633027523	0.0	0.5504587155963303	0.18181818181818182	0.06060606060606061	0.28440366972477066	0.16129032258064516	0.0	0.8076923076923077	0.0	NaN	0.5777777777777777	0.4563106796116505	0.449438202247191	0.3853211009174312	0.2647058823529412	
0.45714285714285713	0.37254901960784315	0.5	0.6538461538461539	0.5	0.5	0.5384615384615384	0.45714285714285713	0.39622641509433965	0.5	1.0	0.38095238095238093	0.38461538461538464	0.7307692307692307	0.7580645161290323	0.5769230769230769	0.5	0.4838709677419355	0.5	0	0.5	0.7307692307692307	0.3684210526315789	0.7307692307692307	0.48484848484848486	0.5	0.5	0.4838709677419355	0.0	1.0	0.5555555555555556	NaN	0.7307692307692307	0.5128205128205128	0.5128205128205128	0.5	0.5	
0.17142857142857143	0.0	0.3853211009174312	0.6055045871559633	0.3853211009174312	0.2621359223300971	0.3465346534653465	0.17142857142857143	0.018867924528301886	0.21100917431192662	0.9320388349514563	0.0	0.3944954128440367	0.6699029126213593	0.5	0.3557692307692308	0.28440366972477066	0.0	0.28440366972477066	0.5	0	0.5871559633027523	0.0	0.5504587155963303	0.18181818181818182	0.37373737373737376	0.28440366972477066	0.16129032258064516	0.0	0.9423076923076923	0.0	NaN	0.5777777777777777	0.4563106796116505	0.449438202247191	0.3853211009174312	0.2647058823529412	
0.5142857142857142	0.47058823529411764	0.6880733944954128	0.7706422018348624	0.46788990825688076	0.5242718446601942	0.6336633663366337	0.5142857142857142	0.4716981132075472	0.5871559633027523	0.7864077669902912	0.35714285714285715	0.5504587155963303	0.47572815533980584	0.24193548387096775	0.6634615384615384	0.5871559633027523	0.3870967741935484	0.5871559633027523	0.7307692307692307	0.5871559633027523	0	0.34210526315789475	0.5871559633027523	0.5454545454545454	0.6666666666666666	0.3669724770642202	0.5483870967741935	0.53125	0.5769230769230769	0.4444444444444444	NaN	0.37777777777777777	0.5533980582524272	0.6741573033707865	0.46788990825688076	0.37254901960784315	
0.13157894736842105	0.15789473684210525	0.13157894736842105	0.2631578947368421	0.13157894736842105	0.0	0.2894736842105263	0.13157894736842105	0.13157894736842105	0.0	0.8947368421052632	0.0	0.10526315789473684	0.3684210526315789	0.39473684210526316	0.13157894736842105	0.0	0.0	0.0	0.3684210526315789	0.0	0.34210526315789475	0	0.23684210526315788	0.21052631578947367	0.3157894736842105	0.0	0.13157894736842105	0.25	1.0	0.0	NaN	0.3684210526315789	0.21052631578947367	0.3684210526315789	0.13157894736842105	0.02631578947368421	
0.45714285714285713	0.39215686274509803	0.6513761467889908	0.7339449541284404	0.6513761467889908	0.5242718446601942	0.6237623762376238	0.45714285714285713	0.39622641509433965	0.5504587155963303	0.9320388349514563	0.2619047619047619	0.5871559633027523	0.6699029126213593	0.5	0.6346153846153846	0.5504587155963303	0.3225806451612903	0.5504587155963303	0.7307692307692307	0.5504587155963303	0.5871559633027523	0.23684210526315788	0	0.48484848484848486	0.6666666666666666	0.5504587155963303	0.4838709677419355	0.53125	0.9423076923076923	0.0	NaN	0.5777777777777777	0.6504854368932039	0.6741573033707865	0.6513761467889908	0.5294117647058824	
0.18181818181818182	0.058823529411764705	0.18181818181818182	0.5454545454545454	0.18181818181818182	0.18181818181818182	0.2727272727272727	0.18181818181818182	0.07547169811320754	0.18181818181818182	0.8939393939393939	0.21428571428571427	0.24242424242424243	0.5454545454545454	0.5483870967741935	0.30303030303030304	0.18181818181818182	0.20967741935483872	0.18181818181818182	0.48484848484848486	0.18181818181818182	0.5454545454545454	0.21052631578947367	0.48484848484848486	0	0.3787878787878788	0.18181818181818182	0.20967741935483872	0.09375	0.9423076923076923	0.4444444444444444	NaN	0.48484848484848486	0.24242424242424243	0.3181818181818182	0.18181818181818182	0.19696969696969696	
0.35714285714285715	0.23529411764705882	0.1414141414141414	0.46464646464646464	0.45454545454545453	0.3939393939393939	0.10101010101010101	0.35714285714285715	0.24528301886792453	0.37373737373737376	0.9494949494949495	0.30952380952380953	0.30303030303030304	0.7878787878787878	0.6774193548387096	0.36363636363636365	0.06060606060606061	0.25806451612903225	0.06060606060606061	0.5	0.37373737373737376	0.6666666666666666	0.3157894736842105	0.6666666666666666	0.3787878787878788	0	0.37373737373737376	0.3709677419354839	0.0	0.8076923076923077	0.4444444444444444	NaN	0.7222222222222222	0.5252525252525253	0.4943820224719101	0.45454545454545453	0.3939393939393939	
0.17142857142857143	0.0	0.3853211009174312	0.6055045871559633	0.10091743119266056	0.22330097087378642	0.3465346534653465	0.17142857142857143	0.018867924528301886	0.28440366972477066	0.9320388349514563	0.0	0.3944954128440367	0.6699029126213593	0.5	0.3557692307692308	0.28440366972477066	0.0	0.28440366972477066	0.5	0.28440366972477066	0.3669724770642202	0.0	0.5504587155963303	0.18181818181818182	0.37373737373737376	0	0.16129032258064516	0.0	0.9423076923076923	0.0	NaN	0.5555555555555556	0.3786407766990291	0.449438202247191	0.10091743119266056	0.0	
0.16129032258064516	0.0	0.16129032258064516	0.5483870967741935	0.16129032258064516	0.16129032258064516	0.2903225806451613	0.16129032258064516	0.018867924528301886	0.16129032258064516	0.8870967741935484	0.14285714285714285	0.22580645161290322	0.5483870967741935	0.5	0.20967741935483872	0.16129032258064516	0.16129032258064516	0.16129032258064516	0.4838709677419355	0.16129032258064516	0.5483870967741935	0.13157894736842105	0.4838709677419355	0.20967741935483872	0.3709677419354839	0.16129032258064516	0	0.0	0.9423076923076923	0.1111111111111111	NaN	0.4838709677419355	0.22580645161290322	0.3064516129032258	0.0	0.1774193548387097	
0.0	0.0	0.0	0.375	0.0	0.0	0.0625	0.0	0.0	0.0	1.0	0.1875	0.0	0.53125	0.53125	0.0	0.0	0.0	0.0	0.0	0.0	0.53125	0.25	0.53125	0.09375	0.0	0.0	0.0	0	1.0	0.5555555555555556	NaN	0.53125	0.0	0.0	0.0	0.0	
0.9423076923076923	0.9411764705882353	0.8076923076923077	1.0	0.9423076923076923	0.9423076923076923	0.8076923076923077	0.9423076923076923	0.9230769230769231	0.9423076923076923	0.5384615384615384	1.0	0.8076923076923077	0.5961538461538461	0.5576923076923077	0.9038461538461539	0.8076923076923077	0.9423076923076923	0.8076923076923077	1.0	0.9423076923076923	0.5769230769230769	1.0	0.9423076923076923	0.9423076923076923	0.8076923076923077	0.9423076923076923	0.9423076923076923	1.0	0	1.0	NaN	0.5769230769230769	0.9423076923076923	0.9423076923076923	0.9423076923076923	0.9423076923076923	
0.1111111111111111	0.1111111111111111	0.1111111111111111	0.1111111111111111	0.1111111111111111	0.0	0.6666666666666666	0.1111111111111111	0.1111111111111111	0.0	0.5555555555555556	0.0	0.4444444444444444	0.1111111111111111	0.1111111111111111	0.1111111111111111	0.0	0.0	0.0	0.5555555555555556	0.0	0.4444444444444444	0.0	0.0	0.4444444444444444	0.4444444444444444	0.0	0.1111111111111111	0.5555555555555556	1.0	0	NaN	0.1111111111111111	0.4444444444444444	0.5555555555555556	0.1111111111111111	0.0	
NaN	NaN	NaN	NaN	NaN	NaN	NaN	NaN	NaN	NaN	NaN	NaN	NaN	NaN	NaN	NaN	NaN	NaN	NaN	NaN	NaN	NaN	NaN	NaN	NaN	NaN	NaN	NaN	NaN	NaN	NaN	0	NaN	NaN	NaN	NaN	NaN	
0.45714285714285713	0.39215686274509803	0.5777777777777777	0.6777777777777778	0.5555555555555556	0.5	0.6666666666666666	0.45714285714285713	0.39622641509433965	0.5777777777777777	0.7111111111111111	0.40476190476190477	0.6222222222222222	0.4	0.1774193548387097	0.6777777777777778	0.5777777777777777	0.4838709677419355	0.5777777777777777	0.7307692307692307	0.5777777777777777	0.37777777777777777	0.3684210526315789	0.5777777777777777	0.48484848484848486	0.7222222222222222	0.5555555555555556	0.4838709677419355	0.53125	0.5769230769230769	0.1111111111111111	NaN	0	0.5777777777777777	0.6741573033707865	0.5555555555555556	0.5666666666666667	
0.22857142857142856	0.0784313725490196	0.47572815533980584	0.7087378640776699	0.39805825242718446	0.4368932038834951	0.504950495049505	0.22857142857142856	0.09433962264150944	0.4563106796116505	0.970873786407767	0.21428571428571427	0.4368932038834951	0.7087378640776699	0.5645161290322581	0.5339805825242718	0.4563106796116505	0.20967741935483872	0.4563106796116505	0.5128205128205128	0.4563106796116505	0.5533980582524272	0.21052631578947367	0.6504854368932039	0.24242424242424243	0.5252525252525253	0.3786407766990291	0.22580645161290322	0.0	0.9423076923076923	0.4444444444444444	NaN	0.5777777777777777	0	0.3707865168539326	0.39805825242718446	0.38235294117647056	
0.12857142857142856	0.1568627450980392	0.449438202247191	0.7078651685393258	0.449438202247191	0.449438202247191	0.47191011235955055	0.12857142857142856	0.18867924528301888	0.449438202247191	0.9662921348314607	0.35714285714285715	0.449438202247191	0.7191011235955056	0.6290322580645161	0.5168539325842697	0.449438202247191	0.3064516129032258	0.449438202247191	0.5128205128205128	0.449438202247191	0.6741573033707865	0.3684210526315789	0.6741573033707865	0.3181818181818182	0.4943820224719101	0.449438202247191	0.3064516129032258	0.0	0.9423076923076923	0.5555555555555556	NaN	0.6741573033707865	0.3707865168539326	0	0.449438202247191	0.449438202247191	
0.17142857142857143	0.0	0.3853211009174312	0.6055045871559633	0.10091743119266056	0.3300970873786408	0.42574257425742573	0.17142857142857143	0.018867924528301886	0.3853211009174312	0.9320388349514563	0.14285714285714285	0.4954128440366973	0.6699029126213593	0.5	0.4423076923076923	0.3853211009174312	0.16129032258064516	0.3853211009174312	0.5	0.3853211009174312	0.46788990825688076	0.13157894736842105	0.6513761467889908	0.18181818181818182	0.45454545454545453	0.10091743119266056	0.0	0.0	0.9423076923076923	0.1111111111111111	NaN	0.5555555555555556	0.39805825242718446	0.449438202247191	0	0.10784313725490197	
0.18571428571428572	0.0	0.37254901960784315	0.6078431372549019	0.10784313725490197	0.22549019607843138	0.36633663366336633	0.18571428571428572	0.03773584905660377	0.2647058823529412	0.9313725490196079	0.023809523809523808	0.3627450980392157	0.6764705882352942	0.5	0.3627450980392157	0.2647058823529412	0.016129032258064516	0.2647058823529412	0.5	0.2647058823529412	0.37254901960784315	0.02631578947368421	0.5294117647058824	0.19696969696969696	0.3939393939393939	0.0	0.1774193548387097	0.0	0.9423076923076923	0.0	NaN	0.5666666666666667	0.38235294117647056	0.449438202247191	0.10784313725490197	0	
