0	0.7551020408163265	0.5126050420168067	0.7142857142857143	0.7346938775510204	0.8151260504201681	0.3865546218487395	0.680672268907563	0.0	1.0	0.8918918918918919	0.0	0.6722689075630253	0.6554621848739496	0.680672268907563	0.6554621848739496	0.0	0.0	0.7058823529411765	0.32051282051282054	0.6218487394957983	0.5882352941176471	0.7747747747747747	0.680672268907563	0.6050420168067226	0.5694444444444444	0.6218487394957983	0.7142857142857143	0.7058823529411765	0.5210084033613446	0.453781512605042	0.7226890756302521	1.0	0.5966386554621849	0.9166666666666666	0.6548672566371682	0.4789915966386555	1.0	
0.7551020408163265	0	0.8367346938775511	0.8673469387755102	0.5612244897959183	0.9081632653061225	0.8163265306122449	0.7551020408163265	1.0	0.0	0.5945945945945946	1.0	0.7857142857142857	0.8877551020408163	0.7040816326530612	0.9183673469387755	1.0	0.0	0.7040816326530612	0.8333333333333334	0.9693877551020408	0.7959183673469388	0.9693877551020408	0.6836734693877551	0.7448979591836735	0.8194444444444444	0.8163265306122449	0.9693877551020408	0.9489795918367347	0.37755102040816324	0.9693877551020408	0.8775510204081632	1.0	0.8775510204081632	1.0	0.7959183673469388	0.9897959183673469	1.0	
0.5126050420168067	0.8367346938775511	0	0.226890756302521	0.5306122448979592	0.7938931297709924	0.3492063492063492	0.6183206106870229	0.0	0.0	0.7027027027027027	0.0	0.5114503816793893	0.48091603053435117	0.35877862595419846	0.4728682170542636	0.0	0.0	0.5343511450381679	0.0641025641025641	0.33587786259541985	0.4166666666666667	0.3963963963963964	0.5114503816793893	0.578125	0.2916666666666667	0.48091603053435117	0.7175572519083969	0.7404580152671756	0.4198473282442748	0.4961832061068702	0.6946564885496184	1.0	0.6386554621848739	0.7708333333333334	0.4336283185840708	0.5114503816793893	1.0	
0.7142857142857143	0.8673469387755102	0.226890756302521	0	0.673469387755102	0.8991596638655462	0.5714285714285714	0.3949579831932773	0.8888888888888888	1.0	0.9459459459459459	0.8888888888888888	0.6722689075630253	0.7058823529411765	0.4789915966386555	0.7058823529411765	0.0	0.0	0.6722689075630253	0.3717948717948718	0.5882352941176471	0.6134453781512605	0.6126126126126126	0.6470588235294118	0.7394957983193278	0.4583333333333333	0.6974789915966386	0.8739495798319328	0.7142857142857143	0.5798319327731093	0.6638655462184874	0.9411764705882353	1.0	0.680672268907563	0.7708333333333334	0.5929203539823009	0.6638655462184874	1.0	
0.7346938775510204	0.5612244897959183	0.5306122448979592	0.673469387755102	0	0.8367346938775511	0.5306122448979592	0.5408163265306123	0.5555555555555556	0.0	0.8648648648648649	0.5555555555555556	0.5714285714285714	0.5	0.6428571428571429	0.5306122448979592	1.0	0.0	0.6428571428571429	0.3974358974358974	0.7346938775510204	0.5306122448979592	0.7653061224489796	0.5612244897959183	0.6428571428571429	0.5833333333333334	0.5408163265306123	0.8469387755102041	0.8163265306122449	0.14285714285714285	0.673469387755102	0.826530612244898	1.0	0.6938775510204082	0.8958333333333334	0.45918367346938777	0.673469387755102	1.0	
0.8151260504201681	0.9081632653061225	0.7938931297709924	0.8991596638655462	0.8367346938775511	0	0.8095238095238095	0.9083969465648855	0.05555555555555555	1.0	0.8648648648648649	0.05555555555555555	0.7633587786259542	0.8432835820895522	0.8551724137931035	0.8372093023255814	0.0	0.0	0.8396946564885496	0.6666666666666666	0.8625954198473282	0.7416666666666667	0.9459459459459459	0.8396946564885496	0.7734375	0.7916666666666666	0.816793893129771	0.8689655172413793	0.993103448275862	0.7633587786259542	0.8473282442748091	0.8396946564885496	1.0	0.865546218487395	1.0	0.8584070796460177	0.8473282442748091	1.0	
0.3865546218487395	0.8163265306122449	0.3492063492063492	0.5714285714285714	0.5306122448979592	0.8095238095238095	0	0.5476190476190477	0.16666666666666666	0.0	0.5675675675675675	0.16666666666666666	0.46825396825396826	0.4603174603174603	0.47619047619047616	0.4603174603174603	1.0	0.0	0.5	0.11538461538461539	0.5396825396825397	0.4666666666666667	0.6126126126126126	0.46825396825396826	0.5952380952380952	0.3055555555555556	0.4444444444444444	0.6825396825396826	0.6349206349206349	0.40476190476190477	0.3412698412698413	0.6904761904761905	1.0	0.5126050420168067	0.7708333333333334	0.40707964601769914	0.38095238095238093	1.0	
0.680672268907563	0.7551020408163265	0.6183206106870229	0.3949579831932773	0.5408163265306123	0.9083969465648855	0.5476190476190477	0	0.8888888888888888	0.0	0.8648648648648649	0.8888888888888888	0.6564885496183206	0.7175572519083969	0.6946564885496184	0.7131782945736435	0.0	0.0	0.7022900763358778	0.44871794871794873	0.7633587786259542	0.6416666666666667	0.7747747747747747	0.6946564885496184	0.8125	0.5416666666666666	0.7099236641221374	0.8625954198473282	0.6870229007633588	0.5343511450381679	0.6412213740458015	0.916030534351145	1.0	0.680672268907563	0.7708333333333334	0.6106194690265486	0.6641221374045801	0.918918918918919	
0.0	1.0	0.0	0.8888888888888888	0.5555555555555556	0.05555555555555555	0.16666666666666666	0.8888888888888888	0	1.0	1.0	0.0	0.0	0.0	0.6111111111111112	0.0	0.0	1.0	0.6111111111111112	0.0	0.0	0.0	0.6666666666666666	0.6111111111111112	0.1111111111111111	0.6666666666666666	0.0	0.0	1.0	0.0	0.0	0.0	1.0	0.6666666666666666	1.0	0.6111111111111112	0.0	1.0	
1.0	0.0	0.0	1.0	0.0	1.0	0.0	0.0	1.0	0	0.0	1.0	0.0	0.0	0.0	0.0	1.0	1.0	0.0	1.0	0.0	1.0	0.0	0.0	1.0	1.0	0.0	1.0	1.0	0.0	1.0	0.0	1.0	1.0	1.0	0.0	1.0	1.0	
0.8918918918918919	0.5945945945945946	0.7027027027027027	0.9459459459459459	0.8648648648648649	0.8648648648648649	0.5675675675675675	0.8648648648648649	1.0	0.0	0	1.0	0.02702702702702703	0.32432432432432434	0.0	0.40540540540540543	1.0	1.0	0.0	1.0	0.7027027027027027	0.5135135135135135	0.7027027027027027	0.0	0.5405405405405406	1.0	0.0	0.6486486486486487	0.9459459459459459	0.5675675675675675	0.7027027027027027	0.5405405405405406	1.0	0.8108108108108109	1.0	0.7027027027027027	0.8108108108108109	1.0	
0.0	1.0	0.0	0.8888888888888888	0.5555555555555556	0.05555555555555555	0.16666666666666666	0.8888888888888888	0.0	1.0	1.0	0	0.0	0.0	0.6111111111111112	0.0	0.0	1.0	0.6111111111111112	0.0	0.0	0.0	0.6666666666666666	0.6111111111111112	0.1111111111111111	0.6666666666666666	0.0	0.0	1.0	0.0	0.0	0.0	1.0	0.6666666666666666	1.0	0.6111111111111112	0.0	1.0	
0.6722689075630253	0.7857142857142857	0.5114503816793893	0.6722689075630253	0.5714285714285714	0.7633587786259542	0.46825396825396826	0.6564885496183206	0.0	0.0	0.02702702702702703	0.0	0	0.4580152671755725	0.4580152671755725	0.4728682170542636	0.0	0.0	0.4580152671755725	0.3076923076923077	0.6335877862595419	0.4166666666666667	0.7117117117117117	0.4580152671755725	0.59375	0.5416666666666666	0.366412213740458	0.6717557251908397	0.8015267175572519	0.4580152671755725	0.5648854961832062	0.732824427480916	1.0	0.6974789915966386	0.8125	0.5486725663716814	0.6030534351145038	1.0	
0.6554621848739496	0.8877551020408163	0.48091603053435117	0.7058823529411765	0.5	0.8432835820895522	0.4603174603174603	0.7175572519083969	0.0	0.0	0.32432432432432434	0.0	0.4580152671755725	0	0.48507462686567165	0.0	0.0	1.0	0.5038167938931297	0.1794871794871795	0.5877862595419847	0.44166666666666665	0.6936936936936937	0.366412213740458	0.6484375	0.4444444444444444	0.2748091603053435	0.7089552238805971	0.7761194029850746	0.4351145038167939	0.5419847328244275	0.6641221374045801	1.0	0.6470588235294118	0.7708333333333334	0.4247787610619469	0.5572519083969466	1.0	
0.680672268907563	0.7040816326530612	0.35877862595419846	0.4789915966386555	0.6428571428571429	0.8551724137931035	0.47619047619047616	0.6946564885496184	0.6111111111111112	0.0	0.0	0.6111111111111112	0.4580152671755725	0.48507462686567165	0	0.49612403100775193	0.0	0.0	0.24427480916030533	0.32051282051282054	0.6946564885496184	0.45	0.7387387387387387	0.15267175572519084	0.6171875	0.013888888888888888	0.42748091603053434	0.7086092715231788	0.8456375838926175	0.46564885496183206	0.6259541984732825	0.7251908396946565	1.0	0.7142857142857143	0.7708333333333334	0.5221238938053098	0.6641221374045801	1.0	
0.6554621848739496	0.9183673469387755	0.4728682170542636	0.7058823529411765	0.5306122448979592	0.8372093023255814	0.4603174603174603	0.7131782945736435	0.0	0.0	0.40540540540540543	0.0	0.4728682170542636	0.0	0.49612403100775193	0	0.0	1.0	0.5193798449612403	0.1794871794871795	0.5813953488372093	0.4666666666666667	0.6936936936936937	0.3875968992248062	0.671875	0.4444444444444444	0.29457364341085274	0.7054263565891473	0.7751937984496124	0.4496124031007752	0.5348837209302325	0.6666666666666666	1.0	0.6554621848739496	0.7708333333333334	0.4336283185840708	0.5503875968992248	1.0	
0.0	1.0	0.0	0.0	1.0	0.0	1.0	0.0	0.0	1.0	1.0	0.0	0.0	0.0	0.0	0.0	0	1.0	0.0	0.0	0.0	0.0	1.0	0.0	1.0	0.5	0.0	0.0	1.0	0.0	0.0	0.0	1.0	0.0	1.0	1.0	0.0	1.0	
0.0	0.0	0.0	0.0	0.0	0.0	0.0	0.0	1.0	1.0	1.0	1.0	0.0	1.0	0.0	1.0	1.0	0	0.0	0.0	1.0	0.0	1.0	0.0	0.0	0.0	1.0	1.0	1.0	0.0	1.0	1.0	1.0	0.0	1.0	0.0	1.0	1.0	
0.7058823529411765	0.7040816326530612	0.5343511450381679	0.6722689075630253	0.6428571428571429	0.8396946564885496	0.5	0.7022900763358778	0.6111111111111112	0.0	0.0	0.6111111111111112	0.4580152671755725	0.5038167938931297	0.24427480916030533	0.5193798449612403	0.0	0.0	0	0.358974358974359	0.7022900763358778	0.475	0.7477477477477478	0.24427480916030533	0.6328125	0.18055555555555555	0.45038167938931295	0.8320610687022901	0.8473282442748091	0.48854961832061067	0.648854961832061	0.7251908396946565	1.0	0.7310924369747899	0.7916666666666666	0.5486725663716814	0.6870229007633588	1.0	
0.32051282051282054	0.8333333333333334	0.0641025641025641	0.3717948717948718	0.3974358974358974	0.6666666666666666	0.11538461538461539	0.44871794871794873	0.0	1.0	1.0	0.0	0.3076923076923077	0.1794871794871795	0.32051282051282054	0.1794871794871795	0.0	0.0	0.358974358974359	0	0.3717948717948718	0.1282051282051282	0.6282051282051282	0.2564102564102564	0.3333333333333333	0.2777777777777778	0.20512820512820512	0.6153846153846154	0.6282051282051282	0.0	0.2692307692307692	0.6282051282051282	1.0	0.5	0.7708333333333334	0.23076923076923078	0.2692307692307692	1.0	
0.6218487394957983	0.9693877551020408	0.33587786259541985	0.5882352941176471	0.7346938775510204	0.8625954198473282	0.5396825396825397	0.7633587786259542	0.0	0.0	0.7027027027027027	0.0	0.6335877862595419	0.5877862595419847	0.6946564885496184	0.5813953488372093	0.0	1.0	0.7022900763358778	0.3717948717948718	0	0.575	0.0	0.6946564885496184	0.7265625	0.625	0.5419847328244275	0.7251908396946565	0.7786259541984732	0.6030534351145038	0.5572519083969466	0.7251908396946565	1.0	0.7983193277310925	0.7708333333333334	0.6460176991150443	0.5725190839694656	1.0	
0.5882352941176471	0.7959183673469388	0.4166666666666667	0.6134453781512605	0.5306122448979592	0.7416666666666667	0.4666666666666667	0.6416666666666667	0.0	1.0	0.5135135135135135	0.0	0.4166666666666667	0.44166666666666665	0.45	0.4666666666666667	0.0	0.0	0.475	0.1282051282051282	0.575	0	0.7207207207207207	0.43333333333333335	0.4666666666666667	0.3611111111111111	0.35833333333333334	0.7416666666666667	0.7333333333333333	0.3333333333333333	0.475	0.7	1.0	0.7058823529411765	0.7708333333333334	0.5221238938053098	0.475	1.0	
0.7747747747747747	0.9693877551020408	0.3963963963963964	0.6126126126126126	0.7653061224489796	0.9459459459459459	0.6126126126126126	0.7747747747747747	0.6666666666666666	0.0	0.7027027027027027	0.6666666666666666	0.7117117117117117	0.6936936936936937	0.7387387387387387	0.6936936936936937	1.0	1.0	0.7477477477477478	0.6282051282051282	0.0	0.7207207207207207	0	0.7387387387387387	0.8378378378378378	0.75	0.6396396396396397	0.8198198198198198	0.7747747747747747	0.7117117117117117	0.6576576576576577	0.8198198198198198	1.0	0.8738738738738738	0.7708333333333334	0.6576576576576577	0.6756756756756757	1.0	
0.680672268907563	0.6836734693877551	0.5114503816793893	0.6470588235294118	0.5612244897959183	0.8396946564885496	0.46825396825396826	0.6946564885496184	0.6111111111111112	0.0	0.0	0.6111111111111112	0.4580152671755725	0.366412213740458	0.15267175572519084	0.3875968992248062	0.0	0.0	0.24427480916030533	0.2564102564102564	0.6946564885496184	0.43333333333333335	0.7387387387387387	0	0.6171875	0.0	0.2748091603053435	0.816793893129771	0.7633587786259542	0.3893129770992366	0.6106870229007634	0.6641221374045801	1.0	0.5630252100840336	0.7708333333333334	0.34513274336283184	0.648854961832061	1.0	
0.6050420168067226	0.7448979591836735	0.578125	0.7394957983193278	0.6428571428571429	0.7734375	0.5952380952380952	0.8125	0.1111111111111111	1.0	0.5405405405405406	0.1111111111111111	0.59375	0.6484375	0.6171875	0.671875	1.0	0.0	0.6328125	0.3333333333333333	0.7265625	0.4666666666666667	0.8378378378378378	0.6171875	0	0.5555555555555556	0.5859375	0.7734375	0.890625	0.5	0.703125	0.7578125	1.0	0.7310924369747899	1.0	0.6548672566371682	0.703125	1.0	
0.5694444444444444	0.8194444444444444	0.2916666666666667	0.4583333333333333	0.5833333333333334	0.7916666666666666	0.3055555555555556	0.5416666666666666	0.6666666666666666	1.0	1.0	0.6666666666666666	0.5416666666666666	0.4444444444444444	0.013888888888888888	0.4444444444444444	0.5	0.0	0.18055555555555555	0.2777777777777778	0.625	0.3611111111111111	0.75	0.0	0.5555555555555556	0	0.5	0.875	0.7222222222222222	0.2777777777777778	0.5138888888888888	0.7777777777777778	1.0	0.6388888888888888	0.7708333333333334	0.4027777777777778	0.5138888888888888	1.0	
0.6218487394957983	0.8163265306122449	0.48091603053435117	0.6974789915966386	0.5408163265306123	0.816793893129771	0.4444444444444444	0.7099236641221374	0.0	0.0	0.0	0.0	0.366412213740458	0.2748091603053435	0.42748091603053434	0.29457364341085274	0.0	1.0	0.45038167938931295	0.20512820512820512	0.5419847328244275	0.35833333333333334	0.6396396396396397	0.2748091603053435	0.5859375	0.5	0	0.5725190839694656	0.7099236641221374	0.35877862595419846	0.33587786259541985	0.6106870229007634	1.0	0.5882352941176471	0.7708333333333334	0.37168141592920356	0.37404580152671757	1.0	
0.7142857142857143	0.9693877551020408	0.7175572519083969	0.8739495798319328	0.8469387755102041	0.8689655172413793	0.6825396825396826	0.8625954198473282	0.0	1.0	0.6486486486486487	0.0	0.6717557251908397	0.7089552238805971	0.7086092715231788	0.7054263565891473	0.0	1.0	0.8320610687022901	0.6153846153846154	0.7251908396946565	0.7416666666666667	0.8198198198198198	0.816793893129771	0.7734375	0.875	0.5725190839694656	0	0.9060402684563759	0.7404580152671756	0.5954198473282443	0.7786259541984732	1.0	0.7983193277310925	1.0	0.7345132743362832	0.6335877862595419	1.0	
0.7058823529411765	0.9489795918367347	0.7404580152671756	0.7142857142857143	0.8163265306122449	0.993103448275862	0.6349206349206349	0.6870229007633588	1.0	1.0	0.9459459459459459	1.0	0.8015267175572519	0.7761194029850746	0.8456375838926175	0.7751937984496124	1.0	1.0	0.8473282442748091	0.6282051282051282	0.7786259541984732	0.7333333333333333	0.7747747747747747	0.7633587786259542	0.890625	0.7222222222222222	0.7099236641221374	0.9060402684563759	0	0.7557251908396947	0.6412213740458015	0.7022900763358778	1.0	0.6890756302521008	0.7708333333333334	0.672566371681416	0.6564885496183206	1.0	
0.5210084033613446	0.37755102040816324	0.4198473282442748	0.5798319327731093	0.14285714285714285	0.7633587786259542	0.40476190476190477	0.5343511450381679	0.0	0.0	0.5675675675675675	0.0	0.4580152671755725	0.4351145038167939	0.46564885496183206	0.4496124031007752	0.0	0.0	0.48854961832061067	0.0	0.6030534351145038	0.3333333333333333	0.7117117117117117	0.3893129770992366	0.5	0.2777777777777778	0.35877862595419846	0.7404580152671756	0.7557251908396947	0	0.5343511450381679	0.7099236641221374	1.0	0.6218487394957983	0.7708333333333334	0.37168141592920356	0.5572519083969466	0.972972972972973	
0.453781512605042	0.9693877551020408	0.4961832061068702	0.6638655462184874	0.673469387755102	0.8473282442748091	0.3412698412698413	0.6412213740458015	0.0	1.0	0.7027027027027027	0.0	0.5648854961832062	0.5419847328244275	0.6259541984732825	0.5348837209302325	0.0	1.0	0.648854961832061	0.2692307692307692	0.5572519083969466	0.475	0.6576576576576577	0.6106870229007634	0.703125	0.5138888888888888	0.33587786259541985	0.5954198473282443	0.6412213740458015	0.5343511450381679	0	0.7251908396946565	1.0	0.5546218487394958	0.7708333333333334	0.584070796460177	0.08396946564885496	1.0	
0.7226890756302521	0.8775510204081632	0.6946564885496184	0.9411764705882353	0.826530612244898	0.8396946564885496	0.6904761904761905	0.916030534351145	0.0	0.0	0.5405405405405406	0.0	0.732824427480916	0.6641221374045801	0.7251908396946565	0.6666666666666666	0.0	1.0	0.7251908396946565	0.6282051282051282	0.7251908396946565	0.7	0.8198198198198198	0.6641221374045801	0.7578125	0.7777777777777778	0.6106870229007634	0.7786259541984732	0.7022900763358778	0.7099236641221374	0.7251908396946565	0	1.0	0.8487394957983193	1.0	0.6991150442477876	0.7633587786259542	1.0	
1.0	1.0	1.0	1.0	1.0	1.0	1.0	1.0	1.0	1.0	1.0	1.0	1.0	1.0	1.0	1.0	1.0	1.0	1.0	1.0	1.0	1.0	1.0	1.0	1.0	1.0	1.0	1.0	1.0	1.0	1.0	1.0	0	1.0	1.0	1.0	1.0	1.0	
0.5966386554621849	0.8775510204081632	0.6386554621848739	0.680672268907563	0.6938775510204082	0.865546218487395	0.5126050420168067	0.680672268907563	0.6666666666666666	1.0	0.8108108108108109	0.6666666666666666	0.6974789915966386	0.6470588235294118	0.7142857142857143	0.6554621848739496	0.0	0.0	0.7310924369747899	0.5	0.7983193277310925	0.7058823529411765	0.8738738738738738	0.5630252100840336	0.7310924369747899	0.6388888888888888	0.5882352941176471	0.7983193277310925	0.6890756302521008	0.6218487394957983	0.5546218487394958	0.8487394957983193	1.0	0	1.0	0.584070796460177	0.5546218487394958	1.0	
0.9166666666666666	1.0	0.7708333333333334	0.7708333333333334	0.8958333333333334	1.0	0.7708333333333334	0.7708333333333334	1.0	1.0	1.0	1.0	0.8125	0.7708333333333334	0.7708333333333334	0.7708333333333334	1.0	1.0	0.7916666666666666	0.7708333333333334	0.7708333333333334	0.7708333333333334	0.7708333333333334	0.7708333333333334	1.0	0.7708333333333334	0.7708333333333334	1.0	0.7708333333333334	0.7708333333333334	0.7708333333333334	1.0	1.0	1.0	0	0.7708333333333334	0.7708333333333334	1.0	
0.6548672566371682	0.7959183673469388	0.4336283185840708	0.5929203539823009	0.45918367346938777	0.8584070796460177	0.40707964601769914	0.6106194690265486	0.6111111111111112	0.0	0.7027027027027027	0.6111111111111112	0.5486725663716814	0.4247787610619469	0.5221238938053098	0.4336283185840708	1.0	0.0	0.5486725663716814	0.23076923076923078	0.6460176991150443	0.5221238938053098	0.6576576576576577	0.34513274336283184	0.6548672566371682	0.4027777777777778	0.37168141592920356	0.7345132743362832	0.672566371681416	0.37168141592920356	0.584070796460177	0.6991150442477876	1.0	0.584070796460177	0.7708333333333334	0	0.6194690265486725	1.0	
0.4789915966386555	0.9897959183673469	0.5114503816793893	0.6638655462184874	0.673469387755102	0.8473282442748091	0.38095238095238093	0.6641221374045801	0.0	1.0	0.8108108108108109	0.0	0.6030534351145038	0.5572519083969466	0.6641221374045801	0.5503875968992248	0.0	1.0	0.6870229007633588	0.2692307692307692	0.5725190839694656	0.475	0.6756756756756757	0.648854961832061	0.703125	0.5138888888888888	0.37404580152671757	0.6335877862595419	0.6564885496183206	0.5572519083969466	0.08396946564885496	0.7633587786259542	1.0	0.5546218487394958	0.7708333333333334	0.6194690265486725	0	1.0	
1.0	1.0	1.0	1.0	1.0	1.0	1.0	0.918918918918919	1.0	1.0	1.0	1.0	1.0	1.0	1.0	1.0	1.0	1.0	1.0	1.0	1.0	1.0	1.0	1.0	1.0	1.0	1.0	1.0	1.0	0.972972972972973	1.0	1.0	1.0	1.0	1.0	1.0	1.0	0	
