0	0.1111111111111111	0.0	0.0	0.0	0.02857142857142857	0.32432432432432434	0.0	0.9365079365079365	0.8378378378378378	0.13636363636363635	0.19047619047619047	0.0	0.0	0.9365079365079365	0.8666666666666667	0.0	0.0	0.13793103448275862	0.0	0.0	0.45588235294117646	0.0	0.0	0.43333333333333335	0.0	0.32432432432432434	0.43333333333333335	0.0	0.7551020408163265	0.0	0.9365079365079365	0.0	NaN	0.0	0.9365079365079365	0.0	0.21621621621621623	0.9365079365079365	0.9054054054054054	0.10810810810810811	0.0	0.6428571428571429	0.7096774193548387	0.10810810810810811	0.2459016393442623	0.0	0.0	0.47297297297297297	0.25	0.10810810810810811	0.10810810810810811	0.11267605633802817	0.3389830508474576	0.0	
0.1111111111111111	0	0.1111111111111111	0.1111111111111111	0.0	0.11428571428571428	0.42857142857142855	0.1111111111111111	0.9365079365079365	0.8095238095238095	0.25396825396825395	0.3333333333333333	0.0	0.1111111111111111	0.9365079365079365	0.9333333333333333	0.1111111111111111	0.2	0.25862068965517243	0.0	0.1111111111111111	0.47619047619047616	0.0	0.1111111111111111	0.4	0.15	0.42857142857142855	0.4	0.1111111111111111	0.7551020408163265	0.1111111111111111	0.9365079365079365	0.12121212121212122	NaN	0.1111111111111111	0.9365079365079365	0.0	0.23809523809523808	0.9365079365079365	0.9206349206349206	0.0	0.1111111111111111	0.6428571428571429	0.7096774193548387	0.1111111111111111	0.4262295081967213	0.2631578947368421	0.1111111111111111	0.4444444444444444	0.38333333333333336	0.1111111111111111	0.1111111111111111	0.1111111111111111	0.3728813559322034	0.1111111111111111	
0.0	0.1111111111111111	0	0.0	0.0	0.02857142857142857	0.32432432432432434	0.0	0.9365079365079365	0.8378378378378378	0.13636363636363635	0.19047619047619047	0.0	0.0	0.9365079365079365	0.8666666666666667	0.0	0.0	0.13793103448275862	0.0	0.0	0.45588235294117646	0.0	0.0	0.43333333333333335	0.0	0.32432432432432434	0.43333333333333335	0.0	0.7551020408163265	0.0	0.9365079365079365	0.0	NaN	0.0	0.9365079365079365	0.0	0.21621621621621623	0.9365079365079365	0.9054054054054054	0.10810810810810811	0.0	0.6428571428571429	0.7096774193548387	0.10810810810810811	0.2459016393442623	0.0	0.0	0.47297297297297297	0.25	0.10810810810810811	0.10810810810810811	0.11267605633802817	0.3389830508474576	0.0	
0.0	0.1111111111111111	0.0	0	0.0	0.02857142857142857	0.32432432432432434	0.0	0.9365079365079365	0.8378378378378378	0.13636363636363635	0.19047619047619047	0.0	0.0	0.9365079365079365	0.8666666666666667	0.0	0.0	0.13793103448275862	0.0	0.0	0.45588235294117646	0.0	0.0	0.43333333333333335	0.0	0.32432432432432434	0.43333333333333335	0.0	0.7551020408163265	0.0	0.9365079365079365	0.0	NaN	0.0	0.9365079365079365	0.0	0.21621621621621623	0.9365079365079365	0.9054054054054054	0.10810810810810811	0.0	0.6428571428571429	0.7096774193548387	0.10810810810810811	0.2459016393442623	0.0	0.0	0.47297297297297297	0.25	0.10810810810810811	0.10810810810810811	0.11267605633802817	0.3389830508474576	0.0	
0.0	0.0	0.0	0.0	0	0.0	1.0	0.0	1.0	1.0	1.0	0.0	1.0	0.0	1.0	1.0	0.0	0.0	1.0	1.0	0.0	0.3333333333333333	1.0	0.0	0.0	0.0	1.0	0.0	0.0	1.0	0.0	1.0	1.0	NaN	0.0	1.0	1.0	0.0	1.0	0.0	0.0	0.0	1.0	1.0	0.0	1.0	1.0	0.0	1.0	0.0	0.0	0.0	0.0	0.0	0.0	
0.02857142857142857	0.11428571428571428	0.02857142857142857	0.02857142857142857	0.0	0	0.42857142857142855	0.02857142857142857	1.0	0.7142857142857143	0.2857142857142857	0.19047619047619047	0.6	0.02857142857142857	1.0	0.8857142857142857	0.02857142857142857	0.05	0.45714285714285713	0.8	0.02857142857142857	0.6	0.375	0.02857142857142857	0.45714285714285713	0.02857142857142857	0.42857142857142855	0.45714285714285713	0.02857142857142857	0.7142857142857143	0.11428571428571428	1.0	0.696969696969697	NaN	0.02857142857142857	1.0	0.25	0.2571428571428571	1.0	0.8571428571428571	0.02857142857142857	0.02857142857142857	0.7142857142857143	0.7741935483870968	0.02857142857142857	0.5428571428571428	0.5142857142857142	0.02857142857142857	0.5428571428571428	0.2857142857142857	0.02857142857142857	0.02857142857142857	0.11428571428571428	0.3142857142857143	0.02857142857142857	
0.32432432432432434	0.42857142857142855	0.32432432432432434	0.32432432432432434	1.0	0.42857142857142855	0	0.32432432432432434	0.9365079365079365	0.8478260869565217	0.3181818181818182	0.6190476190476191	0.0	0.32432432432432434	0.9365079365079365	0.8666666666666667	0.32432432432432434	0.5	0.3275862068965517	0.0	0.32432432432432434	0.4852941176470588	0.0	0.32432432432432434	0.5166666666666667	0.3333333333333333	0.32432432432432434	0.5166666666666667	0.32432432432432434	0.7142857142857143	0.3380281690140845	0.9365079365079365	0.0	NaN	0.32432432432432434	0.9365079365079365	0.0	0.5135135135135135	0.9365079365079365	0.9805825242718447	0.4189189189189189	0.32432432432432434	0.6428571428571429	0.7096774193548387	0.4189189189189189	0.2459016393442623	0.19298245614035087	0.32432432432432434	0.30851063829787234	0.3333333333333333	0.4189189189189189	0.4189189189189189	0.43661971830985913	0.423728813559322	0.32432432432432434	
0.0	0.1111111111111111	0.0	0.0	0.0	0.02857142857142857	0.32432432432432434	0	0.9365079365079365	0.8378378378378378	0.13636363636363635	0.19047619047619047	0.0	0.0	0.9365079365079365	0.8666666666666667	0.0	0.0	0.13793103448275862	0.0	0.0	0.45588235294117646	0.0	0.0	0.43333333333333335	0.0	0.32432432432432434	0.43333333333333335	0.0	0.7551020408163265	0.0	0.9365079365079365	0.0	NaN	0.0	0.9365079365079365	0.0	0.21621621621621623	0.9365079365079365	0.9054054054054054	0.10810810810810811	0.0	0.6428571428571429	0.7096774193548387	0.10810810810810811	0.2459016393442623	0.0	0.0	0.47297297297297297	0.25	0.10810810810810811	0.10810810810810811	0.11267605633802817	0.3389830508474576	0.0	
0.9365079365079365	0.9365079365079365	0.9365079365079365	0.9365079365079365	1.0	1.0	0.9365079365079365	0.9365079365079365	0	1.0	0.9365079365079365	1.0	0.84	0.9365079365079365	0.0	1.0	0.9365079365079365	1.0	0.9310344827586207	0.7	0.9365079365079365	0.9365079365079365	0.9375	0.9365079365079365	0.9333333333333333	0.9333333333333333	0.9365079365079365	0.9333333333333333	0.9365079365079365	1.0	0.9365079365079365	0.5238095238095238	0.8787878787878788	NaN	0.9365079365079365	0.5238095238095238	1.0	0.9047619047619048	0.0	1.0	0.9365079365079365	0.9365079365079365	1.0	1.0	0.9365079365079365	0.9344262295081968	0.9298245614035088	0.9365079365079365	0.9365079365079365	0.9333333333333333	0.9365079365079365	0.9365079365079365	0.9365079365079365	0.9322033898305084	0.9365079365079365	
0.8378378378378378	0.8095238095238095	0.8378378378378378	0.8378378378378378	1.0	0.7142857142857143	0.8478260869565217	0.8378378378378378	1.0	0	0.8181818181818182	1.0	0.52	0.8378378378378378	1.0	0.9333333333333333	0.8378378378378378	1.0	0.7931034482758621	0.6	0.8378378378378378	0.8529411764705882	0.25	0.8378378378378378	0.8	0.8	0.8378378378378378	0.8	0.8378378378378378	0.5102040816326531	0.8309859154929577	1.0	0.6363636363636364	NaN	0.8378378378378378	1.0	0.0	0.7702702702702703	1.0	1.0	0.8378378378378378	0.8378378378378378	0.39285714285714285	0.4838709677419355	0.8378378378378378	0.8032786885245902	0.7894736842105263	0.8378378378378378	0.8586956521739131	0.8	0.8378378378378378	0.8378378378378378	0.8309859154929577	0.7966101694915254	0.8378378378378378	
0.13636363636363635	0.25396825396825395	0.13636363636363635	0.13636363636363635	1.0	0.2857142857142857	0.3181818181818182	0.13636363636363635	0.9365079365079365	0.8181818181818182	0	0.6190476190476191	0.0	0.13636363636363635	0.9365079365079365	0.9333333333333333	0.13636363636363635	0.4	0.25862068965517243	0.0	0.13636363636363635	0.5303030303030303	0.0	0.13636363636363635	0.5166666666666667	0.15	0.3181818181818182	0.5166666666666667	0.13636363636363635	0.7551020408163265	0.18181818181818182	0.9365079365079365	0.12121212121212122	NaN	0.13636363636363635	0.9365079365079365	0.0	0.36363636363636365	0.9365079365079365	1.0	0.24242424242424243	0.13636363636363635	0.6428571428571429	0.7096774193548387	0.24242424242424243	0.32786885245901637	0.14035087719298245	0.13636363636363635	0.4696969696969697	0.3333333333333333	0.24242424242424243	0.24242424242424243	0.2878787878787879	0.423728813559322	0.13636363636363635	
0.19047619047619047	0.3333333333333333	0.19047619047619047	0.19047619047619047	0.0	0.19047619047619047	0.6190476190476191	0.19047619047619047	1.0	1.0	0.6190476190476191	0	1.0	0.19047619047619047	1.0	1.0	0.19047619047619047	0.2	0.7619047619047619	1.0	0.19047619047619047	0.7142857142857143	1.0	0.19047619047619047	0.6190476190476191	0.19047619047619047	0.6190476190476191	0.6190476190476191	0.19047619047619047	1.0	0.3333333333333333	1.0	1.0	NaN	0.19047619047619047	1.0	1.0	0.38095238095238093	1.0	0.7619047619047619	0.19047619047619047	0.19047619047619047	1.0	1.0	0.19047619047619047	0.7619047619047619	0.7619047619047619	0.19047619047619047	0.7619047619047619	0.38095238095238093	0.19047619047619047	0.19047619047619047	0.3333333333333333	0.42857142857142855	0.19047619047619047	
0.0	0.0	0.0	0.0	1.0	0.6	0.0	0.0	0.84	0.52	0.0	1.0	0	0.0	0.84	0.84	0.0	1.0	0.0	0.0	0.0	0.08	0.0	0.0	0.0	0.0	0.0	0.0	0.0	0.52	0.0	0.84	0.0	NaN	0.0	0.84	0.0	0.0	0.84	1.0	0.0	0.0	0.6	0.64	0.0	0.0	0.0	0.0	0.0	0.0	0.0	0.0	0.0	0.0	0.0	
0.0	0.1111111111111111	0.0	0.0	0.0	0.02857142857142857	0.32432432432432434	0.0	0.9365079365079365	0.8378378378378378	0.13636363636363635	0.19047619047619047	0.0	0	0.9365079365079365	0.8666666666666667	0.0	0.0	0.13793103448275862	0.0	0.0	0.45588235294117646	0.0	0.0	0.43333333333333335	0.0	0.32432432432432434	0.43333333333333335	0.0	0.7551020408163265	0.0	0.9365079365079365	0.0	NaN	0.0	0.9365079365079365	0.0	0.21621621621621623	0.9365079365079365	0.9054054054054054	0.10810810810810811	0.0	0.6428571428571429	0.7096774193548387	0.10810810810810811	0.2459016393442623	0.0	0.0	0.47297297297297297	0.25	0.10810810810810811	0.10810810810810811	0.11267605633802817	0.3389830508474576	0.0	
0.9365079365079365	0.9365079365079365	0.9365079365079365	0.9365079365079365	1.0	1.0	0.9365079365079365	0.9365079365079365	0.0	1.0	0.9365079365079365	1.0	0.84	0.9365079365079365	0	1.0	0.9365079365079365	1.0	0.9310344827586207	0.7	0.9365079365079365	0.9365079365079365	0.9375	0.9365079365079365	0.9333333333333333	0.9333333333333333	0.9365079365079365	0.9333333333333333	0.9365079365079365	1.0	0.9365079365079365	0.5238095238095238	0.8787878787878788	NaN	0.9365079365079365	0.5238095238095238	1.0	0.9047619047619048	0.0	1.0	0.9365079365079365	0.9365079365079365	1.0	1.0	0.9365079365079365	0.9344262295081968	0.9298245614035088	0.9365079365079365	0.9365079365079365	0.9333333333333333	0.9365079365079365	0.9365079365079365	0.9365079365079365	0.9322033898305084	0.9365079365079365	
0.8666666666666667	0.9333333333333333	0.8666666666666667	0.8666666666666667	1.0	0.8857142857142857	0.8666666666666667	0.8666666666666667	1.0	0.9333333333333333	0.9333333333333333	1.0	0.84	0.8666666666666667	1.0	0	0.8666666666666667	1.0	0.8620689655172413	0.9	0.8666666666666667	0.8166666666666667	0.75	0.8666666666666667	0.9333333333333333	0.9333333333333333	0.8666666666666667	0.9333333333333333	0.8666666666666667	0.9183673469387755	0.8666666666666667	1.0	0.7575757575757576	NaN	0.8666666666666667	1.0	0.5	0.8666666666666667	1.0	0.95	0.8666666666666667	0.8666666666666667	0.8571428571428571	0.8709677419354839	0.8666666666666667	0.8666666666666667	0.8596491228070176	0.8666666666666667	0.8666666666666667	0.9333333333333333	0.8666666666666667	0.8666666666666667	0.8666666666666667	0.9322033898305084	0.8666666666666667	
0.0	0.1111111111111111	0.0	0.0	0.0	0.02857142857142857	0.32432432432432434	0.0	0.9365079365079365	0.8378378378378378	0.13636363636363635	0.19047619047619047	0.0	0.0	0.9365079365079365	0.8666666666666667	0	0.0	0.13793103448275862	0.0	0.0	0.45588235294117646	0.0	0.0	0.43333333333333335	0.0	0.32432432432432434	0.43333333333333335	0.0	0.7551020408163265	0.0	0.9365079365079365	0.0	NaN	0.0	0.9365079365079365	0.0	0.21621621621621623	0.9365079365079365	0.9054054054054054	0.10810810810810811	0.0	0.6428571428571429	0.7096774193548387	0.10810810810810811	0.2459016393442623	0.0	0.0	0.47297297297297297	0.25	0.10810810810810811	0.10810810810810811	0.11267605633802817	0.3389830508474576	0.0	
0.0	0.2	0.0	0.0	0.0	0.05	0.5	0.0	1.0	1.0	0.4	0.2	1.0	0.0	1.0	1.0	0.0	0	0.65	1.0	0.0	0.7	1.0	0.0	0.55	0.0	0.5	0.55	0.0	1.0	0.15	1.0	1.0	NaN	0.0	1.0	1.0	0.45	1.0	0.75	0.05	0.0	1.0	1.0	0.05	0.7	0.6	0.0	0.7	0.25	0.05	0.05	0.2	0.3	0.0	
0.13793103448275862	0.25862068965517243	0.13793103448275862	0.13793103448275862	1.0	0.45714285714285713	0.3275862068965517	0.13793103448275862	0.9310344827586207	0.7931034482758621	0.25862068965517243	0.7619047619047619	0.0	0.13793103448275862	0.9310344827586207	0.8620689655172413	0.13793103448275862	0.65	0	0.0	0.13793103448275862	0.39655172413793105	0.0	0.13793103448275862	0.5689655172413793	0.3448275862068966	0.3275862068965517	0.5689655172413793	0.13793103448275862	0.7551020408163265	0.13793103448275862	0.9310344827586207	0.0	NaN	0.13793103448275862	0.9310344827586207	0.0	0.22413793103448276	0.9310344827586207	0.9655172413793104	0.13793103448275862	0.13793103448275862	0.6428571428571429	0.7096774193548387	0.13793103448275862	0.3275862068965517	0.14035087719298245	0.13793103448275862	0.3275862068965517	0.46551724137931033	0.13793103448275862	0.13793103448275862	0.13793103448275862	0.3793103448275862	0.13793103448275862	
0.0	0.0	0.0	0.0	1.0	0.8	0.0	0.0	0.7	0.6	0.0	1.0	0.0	0.0	0.7	0.9	0.0	1.0	0.0	0	0.0	0.0	0.2	0.0	0.0	0.0	0.0	0.0	0.0	0.6	0.0	0.7	0.0	NaN	0.0	0.7	0.5	0.0	0.7	1.0	0.0	0.0	0.6	0.6	0.0	0.0	0.0	0.0	0.0	0.0	0.0	0.0	0.0	0.0	0.0	
0.0	0.1111111111111111	0.0	0.0	0.0	0.02857142857142857	0.32432432432432434	0.0	0.9365079365079365	0.8378378378378378	0.13636363636363635	0.19047619047619047	0.0	0.0	0.9365079365079365	0.8666666666666667	0.0	0.0	0.13793103448275862	0.0	0	0.45588235294117646	0.0	0.0	0.43333333333333335	0.0	0.32432432432432434	0.43333333333333335	0.0	0.7551020408163265	0.0	0.9365079365079365	0.0	NaN	0.0	0.9365079365079365	0.0	0.21621621621621623	0.9365079365079365	0.9054054054054054	0.10810810810810811	0.0	0.6428571428571429	0.7096774193548387	0.10810810810810811	0.2459016393442623	0.0	0.0	0.47297297297297297	0.25	0.10810810810810811	0.10810810810810811	0.11267605633802817	0.3389830508474576	0.0	
0.45588235294117646	0.47619047619047616	0.45588235294117646	0.45588235294117646	0.3333333333333333	0.6	0.4852941176470588	0.45588235294117646	0.9365079365079365	0.8529411764705882	0.5303030303030303	0.7142857142857143	0.08	0.45588235294117646	0.9365079365079365	0.8166666666666667	0.45588235294117646	0.7	0.39655172413793105	0.0	0.45588235294117646	0	0.125	0.45588235294117646	0.5833333333333334	0.5166666666666667	0.4852941176470588	0.5833333333333334	0.45588235294117646	0.7959183673469388	0.45588235294117646	0.9365079365079365	0.06060606060606061	NaN	0.45588235294117646	0.9365079365079365	0.0	0.5147058823529411	0.9365079365079365	0.9411764705882353	0.45588235294117646	0.45588235294117646	0.6428571428571429	0.7096774193548387	0.45588235294117646	0.4262295081967213	0.38596491228070173	0.45588235294117646	0.4852941176470588	0.5166666666666667	0.45588235294117646	0.45588235294117646	0.45588235294117646	0.5084745762711864	0.45588235294117646	
0.0	0.0	0.0	0.0	1.0	0.375	0.0	0.0	0.9375	0.25	0.0	1.0	0.0	0.0	0.9375	0.75	0.0	1.0	0.0	0.2	0.0	0.125	0	0.0	0.0	0.0	0.0	0.0	0.0	0.25	0.0	0.9375	0.0	NaN	0.0	0.9375	0.0	0.0	0.9375	1.0	0.0	0.0	0.375	0.4375	0.0	0.0	0.0	0.0	0.0	0.0	0.0	0.0	0.0	0.0	0.0	
0.0	0.1111111111111111	0.0	0.0	0.0	0.02857142857142857	0.32432432432432434	0.0	0.9365079365079365	0.8378378378378378	0.13636363636363635	0.19047619047619047	0.0	0.0	0.9365079365079365	0.8666666666666667	0.0	0.0	0.13793103448275862	0.0	0.0	0.45588235294117646	0.0	0	0.43333333333333335	0.0	0.32432432432432434	0.43333333333333335	0.0	0.7551020408163265	0.0	0.9365079365079365	0.0	NaN	0.0	0.9365079365079365	0.0	0.21621621621621623	0.9365079365079365	0.9054054054054054	0.10810810810810811	0.0	0.6428571428571429	0.7096774193548387	0.10810810810810811	0.2459016393442623	0.0	0.0	0.47297297297297297	0.25	0.10810810810810811	0.10810810810810811	0.11267605633802817	0.3389830508474576	0.0	
0.43333333333333335	0.4	0.43333333333333335	0.43333333333333335	0.0	0.45714285714285713	0.5166666666666667	0.43333333333333335	0.9333333333333333	0.8	0.5166666666666667	0.6190476190476191	0.0	0.43333333333333335	0.9333333333333333	0.9333333333333333	0.43333333333333335	0.55	0.5689655172413793	0.0	0.43333333333333335	0.5833333333333334	0.0	0.43333333333333335	0	0.43333333333333335	0.5166666666666667	0.0	0.43333333333333335	0.7551020408163265	0.48333333333333334	0.9333333333333333	0.24242424242424243	NaN	0.43333333333333335	0.9333333333333333	0.0	0.45	0.9333333333333333	0.9166666666666666	0.35	0.43333333333333335	0.6428571428571429	0.7096774193548387	0.43333333333333335	0.5833333333333334	0.5614035087719298	0.43333333333333335	0.5833333333333334	0.43333333333333335	0.43333333333333335	0.43333333333333335	0.48333333333333334	0.4406779661016949	0.43333333333333335	
0.0	0.15	0.0	0.0	0.0	0.02857142857142857	0.3333333333333333	0.0	0.9333333333333333	0.8	0.15	0.19047619047619047	0.0	0.0	0.9333333333333333	0.9333333333333333	0.0	0.0	0.3448275862068966	0.0	0.0	0.5166666666666667	0.0	0.0	0.43333333333333335	0	0.3333333333333333	0.43333333333333335	0.0	0.7551020408163265	0.05	0.9333333333333333	0.24242424242424243	NaN	0.0	0.9333333333333333	0.0	0.23333333333333334	0.9333333333333333	0.9166666666666666	0.1	0.0	0.6428571428571429	0.7096774193548387	0.1	0.4	0.24561403508771928	0.0	0.48333333333333334	0.25	0.1	0.1	0.15	0.3389830508474576	0.0	
0.32432432432432434	0.42857142857142855	0.32432432432432434	0.32432432432432434	1.0	0.42857142857142855	0.32432432432432434	0.32432432432432434	0.9365079365079365	0.8378378378378378	0.3181818181818182	0.6190476190476191	0.0	0.32432432432432434	0.9365079365079365	0.8666666666666667	0.32432432432432434	0.5	0.3275862068965517	0.0	0.32432432432432434	0.4852941176470588	0.0	0.32432432432432434	0.5166666666666667	0.3333333333333333	0	0.5166666666666667	0.32432432432432434	0.7551020408163265	0.3380281690140845	0.9365079365079365	0.0	NaN	0.32432432432432434	0.9365079365079365	0.0	0.5135135135135135	0.9365079365079365	0.972972972972973	0.4189189189189189	0.32432432432432434	0.6428571428571429	0.7096774193548387	0.4189189189189189	0.01639344262295082	0.19298245614035087	0.32432432432432434	0.47297297297297297	0.16666666666666666	0.4189189189189189	0.4189189189189189	0.43661971830985913	0.2711864406779661	0.32432432432432434	
0.43333333333333335	0.4	0.43333333333333335	0.43333333333333335	0.0	0.45714285714285713	0.5166666666666667	0.43333333333333335	0.9333333333333333	0.8	0.5166666666666667	0.6190476190476191	0.0	0.43333333333333335	0.9333333333333333	0.9333333333333333	0.43333333333333335	0.55	0.5689655172413793	0.0	0.43333333333333335	0.5833333333333334	0.0	0.43333333333333335	0.0	0.43333333333333335	0.5166666666666667	0	0.43333333333333335	0.7551020408163265	0.48333333333333334	0.9333333333333333	0.24242424242424243	NaN	0.43333333333333335	0.9333333333333333	0.0	0.45	0.9333333333333333	0.9166666666666666	0.35	0.43333333333333335	0.6428571428571429	0.7096774193548387	0.43333333333333335	0.5833333333333334	0.5614035087719298	0.43333333333333335	0.5833333333333334	0.43333333333333335	0.43333333333333335	0.43333333333333335	0.48333333333333334	0.4406779661016949	0.43333333333333335	
0.0	0.1111111111111111	0.0	0.0	0.0	0.02857142857142857	0.32432432432432434	0.0	0.9365079365079365	0.8378378378378378	0.13636363636363635	0.19047619047619047	0.0	0.0	0.9365079365079365	0.8666666666666667	0.0	0.0	0.13793103448275862	0.0	0.0	0.45588235294117646	0.0	0.0	0.43333333333333335	0.0	0.32432432432432434	0.43333333333333335	0	0.7551020408163265	0.0	0.9365079365079365	0.0	NaN	0.0	0.9365079365079365	0.0	0.21621621621621623	0.9365079365079365	0.9054054054054054	0.10810810810810811	0.0	0.6428571428571429	0.7096774193548387	0.10810810810810811	0.2459016393442623	0.0	0.0	0.47297297297297297	0.25	0.10810810810810811	0.10810810810810811	0.11267605633802817	0.3389830508474576	0.0	
0.7551020408163265	0.7551020408163265	0.7551020408163265	0.7551020408163265	1.0	0.7142857142857143	0.7142857142857143	0.7551020408163265	1.0	0.5102040816326531	0.7551020408163265	1.0	0.52	0.7551020408163265	1.0	0.9183673469387755	0.7551020408163265	1.0	0.7551020408163265	0.6	0.7551020408163265	0.7959183673469388	0.25	0.7551020408163265	0.7551020408163265	0.7551020408163265	0.7551020408163265	0.7551020408163265	0.7551020408163265	0	0.7551020408163265	1.0	0.6363636363636364	NaN	0.7551020408163265	1.0	0.0	0.6938775510204082	1.0	1.0	0.7551020408163265	0.7551020408163265	0.6428571428571429	0.7096774193548387	0.7551020408163265	0.7551020408163265	0.7551020408163265	0.7551020408163265	0.7346938775510204	0.7551020408163265	0.7551020408163265	0.7551020408163265	0.7551020408163265	0.7551020408163265	0.7551020408163265	
0.0	0.1111111111111111	0.0	0.0	0.0	0.11428571428571428	0.3380281690140845	0.0	0.9365079365079365	0.8309859154929577	0.18181818181818182	0.3333333333333333	0.0	0.0	0.9365079365079365	0.8666666666666667	0.0	0.15	0.13793103448275862	0.0	0.0	0.45588235294117646	0.0	0.0	0.48333333333333334	0.05	0.3380281690140845	0.48333333333333334	0.0	0.7551020408163265	0	0.9365079365079365	0.0	NaN	0.0	0.9365079365079365	0.0	0.22535211267605634	0.9365079365079365	0.9014084507042254	0.11267605633802817	0.0	0.6428571428571429	0.7096774193548387	0.11267605633802817	0.2459016393442623	0.0	0.0	0.4507042253521127	0.3	0.11267605633802817	0.11267605633802817	0.11267605633802817	0.3728813559322034	0.0	
0.9365079365079365	0.9365079365079365	0.9365079365079365	0.9365079365079365	1.0	1.0	0.9365079365079365	0.9365079365079365	0.5238095238095238	1.0	0.9365079365079365	1.0	0.84	0.9365079365079365	0.5238095238095238	1.0	0.9365079365079365	1.0	0.9310344827586207	0.7	0.9365079365079365	0.9365079365079365	0.9375	0.9365079365079365	0.9333333333333333	0.9333333333333333	0.9365079365079365	0.9333333333333333	0.9365079365079365	1.0	0.9365079365079365	0	0.8787878787878788	NaN	0.9365079365079365	0.0	1.0	0.9047619047619048	0.5238095238095238	1.0	0.9365079365079365	0.9365079365079365	1.0	1.0	0.9365079365079365	0.9344262295081968	0.9298245614035088	0.9365079365079365	0.9365079365079365	0.9333333333333333	0.9365079365079365	0.9365079365079365	0.9365079365079365	0.9322033898305084	0.9365079365079365	
0.0	0.12121212121212122	0.0	0.0	1.0	0.696969696969697	0.0	0.0	0.8787878787878788	0.6363636363636364	0.12121212121212122	1.0	0.0	0.0	0.8787878787878788	0.7575757575757576	0.0	1.0	0.0	0.0	0.0	0.06060606060606061	0.0	0.0	0.24242424242424243	0.24242424242424243	0.0	0.24242424242424243	0.0	0.6363636363636364	0.0	0.8787878787878788	0	NaN	0.0	0.8787878787878788	0.0	0.0	0.8787878787878788	0.9393939393939394	0.0	0.0	0.6428571428571429	0.7096774193548387	0.0	0.0	0.0	0.0	0.0	0.24242424242424243	0.0	0.0	0.0	0.24242424242424243	0.0	
NaN	NaN	NaN	NaN	NaN	NaN	NaN	NaN	NaN	NaN	NaN	NaN	NaN	NaN	NaN	NaN	NaN	NaN	NaN	NaN	NaN	NaN	NaN	NaN	NaN	NaN	NaN	NaN	NaN	NaN	NaN	NaN	NaN	0	NaN	NaN	NaN	NaN	NaN	NaN	NaN	NaN	NaN	NaN	NaN	NaN	NaN	NaN	NaN	NaN	NaN	NaN	NaN	NaN	NaN	
0.0	0.1111111111111111	0.0	0.0	0.0	0.02857142857142857	0.32432432432432434	0.0	0.9365079365079365	0.8378378378378378	0.13636363636363635	0.19047619047619047	0.0	0.0	0.9365079365079365	0.8666666666666667	0.0	0.0	0.13793103448275862	0.0	0.0	0.45588235294117646	0.0	0.0	0.43333333333333335	0.0	0.32432432432432434	0.43333333333333335	0.0	0.7551020408163265	0.0	0.9365079365079365	0.0	NaN	0	0.9365079365079365	0.0	0.21621621621621623	0.9365079365079365	0.9054054054054054	0.10810810810810811	0.0	0.6428571428571429	0.7096774193548387	0.10810810810810811	0.2459016393442623	0.0	0.0	0.47297297297297297	0.25	0.10810810810810811	0.10810810810810811	0.11267605633802817	0.3389830508474576	0.0	
0.9365079365079365	0.9365079365079365	0.9365079365079365	0.9365079365079365	1.0	1.0	0.9365079365079365	0.9365079365079365	0.5238095238095238	1.0	0.9365079365079365	1.0	0.84	0.9365079365079365	0.5238095238095238	1.0	0.9365079365079365	1.0	0.9310344827586207	0.7	0.9365079365079365	0.9365079365079365	0.9375	0.9365079365079365	0.9333333333333333	0.9333333333333333	0.9365079365079365	0.9333333333333333	0.9365079365079365	1.0	0.9365079365079365	0.0	0.8787878787878788	NaN	0.9365079365079365	0	1.0	0.9047619047619048	0.5238095238095238	1.0	0.9365079365079365	0.9365079365079365	1.0	1.0	0.9365079365079365	0.9344262295081968	0.9298245614035088	0.9365079365079365	0.9365079365079365	0.9333333333333333	0.9365079365079365	0.9365079365079365	0.9365079365079365	0.9322033898305084	0.9365079365079365	
0.0	0.0	0.0	0.0	1.0	0.25	0.0	0.0	1.0	0.0	0.0	1.0	0.0	0.0	1.0	0.5	0.0	1.0	0.0	0.5	0.0	0.0	0.0	0.0	0.0	0.0	0.0	0.0	0.0	0.0	0.0	1.0	0.0	NaN	0.0	1.0	0	0.0	1.0	1.0	0.0	0.0	0.0	0.0	0.0	0.0	0.0	0.0	0.0	0.0	0.0	0.0	0.0	0.0	0.0	
0.21621621621621623	0.23809523809523808	0.21621621621621623	0.21621621621621623	0.0	0.2571428571428571	0.5135135135135135	0.21621621621621623	0.9047619047619048	0.7702702702702703	0.36363636363636365	0.38095238095238093	0.0	0.21621621621621623	0.9047619047619048	0.8666666666666667	0.21621621621621623	0.45	0.22413793103448276	0.0	0.21621621621621623	0.5147058823529411	0.0	0.21621621621621623	0.45	0.23333333333333334	0.5135135135135135	0.45	0.21621621621621623	0.6938775510204082	0.22535211267605634	0.9047619047619048	0.0	NaN	0.21621621621621623	0.9047619047619048	0.0	0	0.9047619047619048	0.9054054054054054	0.21621621621621623	0.21621621621621623	0.6428571428571429	0.7096774193548387	0.21621621621621623	0.45901639344262296	0.2631578947368421	0.21621621621621623	0.5540540540540541	0.45	0.21621621621621623	0.21621621621621623	0.22535211267605634	0.4576271186440678	0.21621621621621623	
0.9365079365079365	0.9365079365079365	0.9365079365079365	0.9365079365079365	1.0	1.0	0.9365079365079365	0.9365079365079365	0.0	1.0	0.9365079365079365	1.0	0.84	0.9365079365079365	0.0	1.0	0.9365079365079365	1.0	0.9310344827586207	0.7	0.9365079365079365	0.9365079365079365	0.9375	0.9365079365079365	0.9333333333333333	0.9333333333333333	0.9365079365079365	0.9333333333333333	0.9365079365079365	1.0	0.9365079365079365	0.5238095238095238	0.8787878787878788	NaN	0.9365079365079365	0.5238095238095238	1.0	0.9047619047619048	0	1.0	0.9365079365079365	0.9365079365079365	1.0	1.0	0.9365079365079365	0.9344262295081968	0.9298245614035088	0.9365079365079365	0.9365079365079365	0.9333333333333333	0.9365079365079365	0.9365079365079365	0.9365079365079365	0.9322033898305084	0.9365079365079365	
0.9054054054054054	0.9206349206349206	0.9054054054054054	0.9054054054054054	0.0	0.8571428571428571	0.9805825242718447	0.9054054054054054	1.0	1.0	1.0	0.7619047619047619	1.0	0.9054054054054054	1.0	0.95	0.9054054054054054	0.75	0.9655172413793104	1.0	0.9054054054054054	0.9411764705882353	1.0	0.9054054054054054	0.9166666666666666	0.9166666666666666	0.972972972972973	0.9166666666666666	0.9054054054054054	1.0	0.9014084507042254	1.0	0.9393939393939394	NaN	0.9054054054054054	1.0	1.0	0.9054054054054054	1.0	0	0.9054054054054054	0.9054054054054054	1.0	1.0	0.9054054054054054	0.9672131147540983	0.9649122807017544	0.9054054054054054	0.9787234042553191	0.9166666666666666	0.9054054054054054	0.9054054054054054	0.9014084507042254	0.9152542372881356	0.9054054054054054	
0.10810810810810811	0.0	0.10810810810810811	0.10810810810810811	0.0	0.02857142857142857	0.4189189189189189	0.10810810810810811	0.9365079365079365	0.8378378378378378	0.24242424242424243	0.19047619047619047	0.0	0.10810810810810811	0.9365079365079365	0.8666666666666667	0.10810810810810811	0.05	0.13793103448275862	0.0	0.10810810810810811	0.45588235294117646	0.0	0.10810810810810811	0.35	0.1	0.4189189189189189	0.35	0.10810810810810811	0.7551020408163265	0.11267605633802817	0.9365079365079365	0.0	NaN	0.10810810810810811	0.9365079365079365	0.0	0.21621621621621623	0.9365079365079365	0.9054054054054054	0	0.10810810810810811	0.6428571428571429	0.7096774193548387	0.10810810810810811	0.36065573770491804	0.14035087719298245	0.10810810810810811	0.47297297297297297	0.3333333333333333	0.10810810810810811	0.10810810810810811	0.11267605633802817	0.3389830508474576	0.10810810810810811	
0.0	0.1111111111111111	0.0	0.0	0.0	0.02857142857142857	0.32432432432432434	0.0	0.9365079365079365	0.8378378378378378	0.13636363636363635	0.19047619047619047	0.0	0.0	0.9365079365079365	0.8666666666666667	0.0	0.0	0.13793103448275862	0.0	0.0	0.45588235294117646	0.0	0.0	0.43333333333333335	0.0	0.32432432432432434	0.43333333333333335	0.0	0.7551020408163265	0.0	0.9365079365079365	0.0	NaN	0.0	0.9365079365079365	0.0	0.21621621621621623	0.9365079365079365	0.9054054054054054	0.10810810810810811	0	0.6428571428571429	0.7096774193548387	0.10810810810810811	0.2459016393442623	0.0	0.0	0.47297297297297297	0.25	0.10810810810810811	0.10810810810810811	0.11267605633802817	0.3389830508474576	0.0	
0.6428571428571429	0.6428571428571429	0.6428571428571429	0.6428571428571429	1.0	0.7142857142857143	0.6428571428571429	0.6428571428571429	1.0	0.39285714285714285	0.6428571428571429	1.0	0.6	0.6428571428571429	1.0	0.8571428571428571	0.6428571428571429	1.0	0.6428571428571429	0.6	0.6428571428571429	0.6428571428571429	0.375	0.6428571428571429	0.6428571428571429	0.6428571428571429	0.6428571428571429	0.6428571428571429	0.6428571428571429	0.6428571428571429	0.6428571428571429	1.0	0.6428571428571429	NaN	0.6428571428571429	1.0	0.0	0.6428571428571429	1.0	1.0	0.6428571428571429	0.6428571428571429	0	0.03571428571428571	0.6428571428571429	0.6428571428571429	0.6428571428571429	0.6428571428571429	0.6428571428571429	0.6428571428571429	0.6428571428571429	0.6428571428571429	0.6428571428571429	0.6428571428571429	0.6428571428571429	
0.7096774193548387	0.7096774193548387	0.7096774193548387	0.7096774193548387	1.0	0.7741935483870968	0.7096774193548387	0.7096774193548387	1.0	0.4838709677419355	0.7096774193548387	1.0	0.64	0.7096774193548387	1.0	0.8709677419354839	0.7096774193548387	1.0	0.7096774193548387	0.6	0.7096774193548387	0.7096774193548387	0.4375	0.7096774193548387	0.7096774193548387	0.7096774193548387	0.7096774193548387	0.7096774193548387	0.7096774193548387	0.7096774193548387	0.7096774193548387	1.0	0.7096774193548387	NaN	0.7096774193548387	1.0	0.0	0.7096774193548387	1.0	1.0	0.7096774193548387	0.7096774193548387	0.03571428571428571	0	0.7096774193548387	0.7096774193548387	0.7096774193548387	0.7096774193548387	0.7096774193548387	0.7096774193548387	0.7096774193548387	0.7096774193548387	0.7096774193548387	0.7096774193548387	0.7096774193548387	
0.10810810810810811	0.1111111111111111	0.10810810810810811	0.10810810810810811	0.0	0.02857142857142857	0.4189189189189189	0.10810810810810811	0.9365079365079365	0.8378378378378378	0.24242424242424243	0.19047619047619047	0.0	0.10810810810810811	0.9365079365079365	0.8666666666666667	0.10810810810810811	0.05	0.13793103448275862	0.0	0.10810810810810811	0.45588235294117646	0.0	0.10810810810810811	0.43333333333333335	0.1	0.4189189189189189	0.43333333333333335	0.10810810810810811	0.7551020408163265	0.11267605633802817	0.9365079365079365	0.0	NaN	0.10810810810810811	0.9365079365079365	0.0	0.21621621621621623	0.9365079365079365	0.9054054054054054	0.10810810810810811	0.10810810810810811	0.6428571428571429	0.7096774193548387	0	0.36065573770491804	0.14035087719298245	0.10810810810810811	0.47297297297297297	0.3333333333333333	0.0	0.10810810810810811	0.0	0.3389830508474576	0.10810810810810811	
0.2459016393442623	0.4262295081967213	0.2459016393442623	0.2459016393442623	1.0	0.5428571428571428	0.2459016393442623	0.2459016393442623	0.9344262295081968	0.8032786885245902	0.32786885245901637	0.7619047619047619	0.0	0.2459016393442623	0.9344262295081968	0.8666666666666667	0.2459016393442623	0.7	0.3275862068965517	0.0	0.2459016393442623	0.4262295081967213	0.0	0.2459016393442623	0.5833333333333334	0.4	0.01639344262295082	0.5833333333333334	0.2459016393442623	0.7551020408163265	0.2459016393442623	0.9344262295081968	0.0	NaN	0.2459016393442623	0.9344262295081968	0.0	0.45901639344262296	0.9344262295081968	0.9672131147540983	0.36065573770491804	0.2459016393442623	0.6428571428571429	0.7096774193548387	0.36065573770491804	0	0.19298245614035087	0.2459016393442623	0.36065573770491804	0.21666666666666667	0.36065573770491804	0.36065573770491804	0.36065573770491804	0.3050847457627119	0.2459016393442623	
0.0	0.2631578947368421	0.0	0.0	1.0	0.5142857142857142	0.19298245614035087	0.0	0.9298245614035088	0.7894736842105263	0.14035087719298245	0.7619047619047619	0.0	0.0	0.9298245614035088	0.8596491228070176	0.0	0.6	0.14035087719298245	0.0	0.0	0.38596491228070173	0.0	0.0	0.5614035087719298	0.24561403508771928	0.19298245614035087	0.5614035087719298	0.0	0.7551020408163265	0.0	0.9298245614035088	0.0	NaN	0.0	0.9298245614035088	0.0	0.2631578947368421	0.9298245614035088	0.9649122807017544	0.14035087719298245	0.0	0.6428571428571429	0.7096774193548387	0.14035087719298245	0.19298245614035087	0	0.0	0.3157894736842105	0.3684210526315789	0.14035087719298245	0.14035087719298245	0.14035087719298245	0.45614035087719296	0.0	
0.0	0.1111111111111111	0.0	0.0	0.0	0.02857142857142857	0.32432432432432434	0.0	0.9365079365079365	0.8378378378378378	0.13636363636363635	0.19047619047619047	0.0	0.0	0.9365079365079365	0.8666666666666667	0.0	0.0	0.13793103448275862	0.0	0.0	0.45588235294117646	0.0	0.0	0.43333333333333335	0.0	0.32432432432432434	0.43333333333333335	0.0	0.7551020408163265	0.0	0.9365079365079365	0.0	NaN	0.0	0.9365079365079365	0.0	0.21621621621621623	0.9365079365079365	0.9054054054054054	0.10810810810810811	0.0	0.6428571428571429	0.7096774193548387	0.10810810810810811	0.2459016393442623	0.0	0	0.47297297297297297	0.25	0.10810810810810811	0.10810810810810811	0.11267605633802817	0.3389830508474576	0.0	
0.47297297297297297	0.4444444444444444	0.47297297297297297	0.47297297297297297	1.0	0.5428571428571428	0.30851063829787234	0.47297297297297297	0.9365079365079365	0.8586956521739131	0.4696969696969697	0.7619047619047619	0.0	0.47297297297297297	0.9365079365079365	0.8666666666666667	0.47297297297297297	0.7	0.3275862068965517	0.0	0.47297297297297297	0.4852941176470588	0.0	0.47297297297297297	0.5833333333333334	0.48333333333333334	0.47297297297297297	0.5833333333333334	0.47297297297297297	0.7346938775510204	0.4507042253521127	0.9365079365079365	0.0	NaN	0.47297297297297297	0.9365079365079365	0.0	0.5540540540540541	0.9365079365079365	0.9787234042553191	0.47297297297297297	0.47297297297297297	0.6428571428571429	0.7096774193548387	0.47297297297297297	0.36065573770491804	0.3157894736842105	0.47297297297297297	0	0.48333333333333334	0.47297297297297297	0.47297297297297297	0.4507042253521127	0.4745762711864407	0.47297297297297297	
0.25	0.38333333333333336	0.25	0.25	0.0	0.2857142857142857	0.3333333333333333	0.25	0.9333333333333333	0.8	0.3333333333333333	0.38095238095238093	0.0	0.25	0.9333333333333333	0.9333333333333333	0.25	0.25	0.46551724137931033	0.0	0.25	0.5166666666666667	0.0	0.25	0.43333333333333335	0.25	0.16666666666666666	0.43333333333333335	0.25	0.7551020408163265	0.3	0.9333333333333333	0.24242424242424243	NaN	0.25	0.9333333333333333	0.0	0.45	0.9333333333333333	0.9166666666666666	0.3333333333333333	0.25	0.6428571428571429	0.7096774193548387	0.3333333333333333	0.21666666666666667	0.3684210526315789	0.25	0.48333333333333334	0	0.3333333333333333	0.3333333333333333	0.38333333333333336	0.1016949152542373	0.25	
0.10810810810810811	0.1111111111111111	0.10810810810810811	0.10810810810810811	0.0	0.02857142857142857	0.4189189189189189	0.10810810810810811	0.9365079365079365	0.8378378378378378	0.24242424242424243	0.19047619047619047	0.0	0.10810810810810811	0.9365079365079365	0.8666666666666667	0.10810810810810811	0.05	0.13793103448275862	0.0	0.10810810810810811	0.45588235294117646	0.0	0.10810810810810811	0.43333333333333335	0.1	0.4189189189189189	0.43333333333333335	0.10810810810810811	0.7551020408163265	0.11267605633802817	0.9365079365079365	0.0	NaN	0.10810810810810811	0.9365079365079365	0.0	0.21621621621621623	0.9365079365079365	0.9054054054054054	0.10810810810810811	0.10810810810810811	0.6428571428571429	0.7096774193548387	0.0	0.36065573770491804	0.14035087719298245	0.10810810810810811	0.47297297297297297	0.3333333333333333	0	0.10810810810810811	0.0	0.3389830508474576	0.10810810810810811	
0.10810810810810811	0.1111111111111111	0.10810810810810811	0.10810810810810811	0.0	0.02857142857142857	0.4189189189189189	0.10810810810810811	0.9365079365079365	0.8378378378378378	0.24242424242424243	0.19047619047619047	0.0	0.10810810810810811	0.9365079365079365	0.8666666666666667	0.10810810810810811	0.05	0.13793103448275862	0.0	0.10810810810810811	0.45588235294117646	0.0	0.10810810810810811	0.43333333333333335	0.1	0.4189189189189189	0.43333333333333335	0.10810810810810811	0.7551020408163265	0.11267605633802817	0.9365079365079365	0.0	NaN	0.10810810810810811	0.9365079365079365	0.0	0.21621621621621623	0.9365079365079365	0.9054054054054054	0.10810810810810811	0.10810810810810811	0.6428571428571429	0.7096774193548387	0.10810810810810811	0.36065573770491804	0.14035087719298245	0.10810810810810811	0.47297297297297297	0.3333333333333333	0.10810810810810811	0	0.11267605633802817	0.3389830508474576	0.10810810810810811	
0.11267605633802817	0.1111111111111111	0.11267605633802817	0.11267605633802817	0.0	0.11428571428571428	0.43661971830985913	0.11267605633802817	0.9365079365079365	0.8309859154929577	0.2878787878787879	0.3333333333333333	0.0	0.11267605633802817	0.9365079365079365	0.8666666666666667	0.11267605633802817	0.2	0.13793103448275862	0.0	0.11267605633802817	0.45588235294117646	0.0	0.11267605633802817	0.48333333333333334	0.15	0.43661971830985913	0.48333333333333334	0.11267605633802817	0.7551020408163265	0.11267605633802817	0.9365079365079365	0.0	NaN	0.11267605633802817	0.9365079365079365	0.0	0.22535211267605634	0.9365079365079365	0.9014084507042254	0.11267605633802817	0.11267605633802817	0.6428571428571429	0.7096774193548387	0.0	0.36065573770491804	0.14035087719298245	0.11267605633802817	0.4507042253521127	0.38333333333333336	0.0	0.11267605633802817	0	0.3728813559322034	0.11267605633802817	
0.3389830508474576	0.3728813559322034	0.3389830508474576	0.3389830508474576	0.0	0.3142857142857143	0.423728813559322	0.3389830508474576	0.9322033898305084	0.7966101694915254	0.423728813559322	0.42857142857142855	0.0	0.3389830508474576	0.9322033898305084	0.9322033898305084	0.3389830508474576	0.3	0.3793103448275862	0.0	0.3389830508474576	0.5084745762711864	0.0	0.3389830508474576	0.4406779661016949	0.3389830508474576	0.2711864406779661	0.4406779661016949	0.3389830508474576	0.7551020408163265	0.3728813559322034	0.9322033898305084	0.24242424242424243	NaN	0.3389830508474576	0.9322033898305084	0.0	0.4576271186440678	0.9322033898305084	0.9152542372881356	0.3389830508474576	0.3389830508474576	0.6428571428571429	0.7096774193548387	0.3389830508474576	0.3050847457627119	0.45614035087719296	0.3389830508474576	0.4745762711864407	0.1016949152542373	0.3389830508474576	0.3389830508474576	0.3728813559322034	0	0.3389830508474576	
0.0	0.1111111111111111	0.0	0.0	0.0	0.02857142857142857	0.32432432432432434	0.0	0.9365079365079365	0.8378378378378378	0.13636363636363635	0.19047619047619047	0.0	0.0	0.9365079365079365	0.8666666666666667	0.0	0.0	0.13793103448275862	0.0	0.0	0.45588235294117646	0.0	0.0	0.43333333333333335	0.0	0.32432432432432434	0.43333333333333335	0.0	0.7551020408163265	0.0	0.9365079365079365	0.0	NaN	0.0	0.9365079365079365	0.0	0.21621621621621623	0.9365079365079365	0.9054054054054054	0.10810810810810811	0.0	0.6428571428571429	0.7096774193548387	0.10810810810810811	0.2459016393442623	0.0	0.0	0.47297297297297297	0.25	0.10810810810810811	0.10810810810810811	0.11267605633802817	0.3389830508474576	0	
