0	0.7	0.4642857142857143	0.5178571428571429	0.75	0.8035714285714286	0.8181818181818182	0.6521739130434783	0.44642857142857145	0.4	0.7272727272727273	0.8181818181818182	0.7916666666666666	0.8979591836734694	0.6	0.6296296296296297	0.6	0.8928571428571429	0.6	0.7916666666666666	0.8181818181818182	0.8	0.75	0.8	0.48214285714285715	0.8	0.7857142857142857	0.4642857142857143	0.4528301886792453	0.8	0.8181818181818182	
0.7	0	0.1	0.0	0.0	0.05	0.05	0.2	0.7	0.0	1.0	0.05	0.2	0.1	0.05	0.05	0.05	0.95	0.05	0.05	0.35	0.05	0.1	0.05	0.0	0.05	0.4	0.7	0.0	0.05	0.1	
0.4642857142857143	0.1	0	0.30357142857142855	0.5357142857142857	0.5714285714285714	0.5818181818181818	0.34782608695652173	0.7321428571428571	0.05714285714285714	0.7272727272727273	0.5818181818181818	0.5833333333333334	0.6122448979591837	0.08	0.14814814814814814	0.08	0.8571428571428571	0.08	0.5208333333333334	0.6909090909090909	0.5636363636363636	0.3333333333333333	0.5636363636363636	0.26785714285714285	0.5636363636363636	0.625	0.5	0.22641509433962265	0.5636363636363636	0.5454545454545454	
0.5178571428571429	0.0	0.30357142857142855	0	0.35714285714285715	0.5535714285714286	0.5636363636363636	0.34782608695652173	0.6607142857142857	0.0	0.6363636363636364	0.5636363636363636	0.5625	0.6122448979591837	0.04	0.1111111111111111	0.04	0.875	0.04	0.5	0.6727272727272727	0.5454545454545454	0.3611111111111111	0.5454545454545454	0.125	0.5454545454545454	0.6428571428571429	0.5178571428571429	0.1320754716981132	0.5454545454545454	0.5636363636363636	
0.75	0.0	0.5357142857142857	0.35714285714285715	0	0.4642857142857143	0.5636363636363636	0.6086956521739131	0.75	0.2	0.7272727272727273	0.5636363636363636	0.5625	0.6122448979591837	0.04	0.1111111111111111	0.04	0.7857142857142857	0.04	0.5	0.6727272727272727	0.45454545454545453	0.3611111111111111	0.45454545454545453	0.35714285714285715	0.45454545454545453	0.375	0.75	0.37735849056603776	0.45454545454545453	0.4727272727272727	
0.8035714285714286	0.05	0.5714285714285714	0.5535714285714286	0.4642857142857143	0	0.5454545454545454	0.6521739130434783	0.8035714285714286	0.2857142857142857	1.0	0.5454545454545454	0.5416666666666666	0.6122448979591837	0.0	0.07407407407407407	0.0	0.7857142857142857	0.0	0.4791666666666667	0.6545454545454545	0.21818181818181817	0.3611111111111111	0.21818181818181817	0.5535714285714286	0.21818181818181817	0.6290322580645161	0.8035714285714286	0.5283018867924528	0.21818181818181817	0.38181818181818183	
0.8181818181818182	0.05	0.5818181818181818	0.5636363636363636	0.5636363636363636	0.5454545454545454	0	0.6521739130434783	0.8181818181818182	0.3142857142857143	1.0	0.3090909090909091	0.2708333333333333	0.20408163265306123	0.0	0.07407407407407407	0.0	0.8909090909090909	0.0	0.20833333333333334	0.5454545454545454	0.5454545454545454	0.3611111111111111	0.5454545454545454	0.5636363636363636	0.5454545454545454	0.6909090909090909	0.8181818181818182	0.5471698113207547	0.5454545454545454	0.5818181818181818	
0.6521739130434783	0.2	0.34782608695652173	0.34782608695652173	0.6086956521739131	0.6521739130434783	0.6521739130434783	0	0.8478260869565217	0.2857142857142857	1.0	0.6521739130434783	0.717391304347826	0.6521739130434783	0.36	0.4074074074074074	0.36	0.9782608695652174	0.36	0.6521739130434783	0.782608695652174	0.6521739130434783	0.5555555555555556	0.6521739130434783	0.34782608695652173	0.6521739130434783	0.7391304347826086	0.6521739130434783	0.34782608695652173	0.6521739130434783	0.6521739130434783	
0.44642857142857145	0.7	0.7321428571428571	0.6607142857142857	0.75	0.8035714285714286	0.8181818181818182	0.8478260869565217	0	0.6	0.5454545454545454	0.8181818181818182	0.7916666666666666	0.8979591836734694	0.6	0.6296296296296297	0.6	0.8928571428571429	0.6	0.7916666666666666	0.8181818181818182	0.8	0.75	0.8	0.6071428571428571	0.8	0.8214285714285714	0.6964285714285714	0.6226415094339622	0.8	0.8181818181818182	
0.4	0.0	0.05714285714285714	0.0	0.2	0.2857142857142857	0.3142857142857143	0.2857142857142857	0.6	0	1.0	0.3142857142857143	0.4	0.45714285714285713	0.04	0.1111111111111111	0.04	0.8	0.04	0.3142857142857143	0.4857142857142857	0.2857142857142857	0.34285714285714286	0.2857142857142857	0.0	0.2857142857142857	0.42857142857142855	0.4	0.0	0.2857142857142857	0.3142857142857143	
0.7272727272727273	1.0	0.7272727272727273	0.6363636363636364	0.7272727272727273	1.0	1.0	1.0	0.5454545454545454	1.0	0	1.0	1.0	1.0	1.0	1.0	1.0	1.0	1.0	1.0	1.0	1.0	1.0	1.0	0.0	1.0	1.0	0.7272727272727273	0.2727272727272727	1.0	1.0	
0.8181818181818182	0.05	0.5818181818181818	0.5636363636363636	0.5636363636363636	0.5454545454545454	0.3090909090909091	0.6521739130434783	0.8181818181818182	0.3142857142857143	1.0	0	0.0625	0.14285714285714285	0.0	0.07407407407407407	0.0	0.8909090909090909	0.0	0.0	0.5454545454545454	0.5454545454545454	0.3611111111111111	0.5454545454545454	0.5636363636363636	0.5454545454545454	0.6909090909090909	0.8181818181818182	0.5471698113207547	0.5454545454545454	0.5818181818181818	
0.7916666666666666	0.2	0.5833333333333334	0.5625	0.5625	0.5416666666666666	0.2708333333333333	0.717391304347826	0.7916666666666666	0.4	1.0	0.0625	0	0.1875	0.12	0.18518518518518517	0.12	0.8958333333333334	0.12	0.0625	0.4791666666666667	0.5416666666666666	0.4444444444444444	0.5416666666666666	0.5625	0.5416666666666666	0.6458333333333334	0.7916666666666666	0.5625	0.5416666666666666	0.5833333333333334	
0.8979591836734694	0.1	0.6122448979591837	0.6122448979591837	0.6122448979591837	0.6122448979591837	0.20408163265306123	0.6521739130434783	0.8979591836734694	0.45714285714285713	1.0	0.14285714285714285	0.1875	0	0.24	0.2962962962962963	0.24	0.9591836734693877	0.24	0.125	0.6122448979591837	0.6122448979591837	0.4722222222222222	0.6122448979591837	0.6122448979591837	0.6122448979591837	0.7346938775510204	0.8979591836734694	0.6122448979591837	0.6122448979591837	0.6122448979591837	
0.6	0.05	0.08	0.04	0.04	0.0	0.0	0.36	0.6	0.04	1.0	0.0	0.12	0.24	0	0.0	0.0	0.76	0.0	0.0	0.24	0.0	0.08	0.0	0.04	0.0	0.32	0.6	0.04	0.0	0.08	
0.6296296296296297	0.05	0.14814814814814814	0.1111111111111111	0.1111111111111111	0.07407407407407407	0.07407407407407407	0.4074074074074074	0.6296296296296297	0.1111111111111111	1.0	0.07407407407407407	0.18518518518518517	0.2962962962962963	0.0	0	0.0	0.7777777777777778	0.0	0.07407407407407407	0.2962962962962963	0.07407407407407407	0.14814814814814814	0.07407407407407407	0.1111111111111111	0.07407407407407407	0.37037037037037035	0.6296296296296297	0.1111111111111111	0.07407407407407407	0.14814814814814814	
0.6	0.05	0.08	0.04	0.04	0.0	0.0	0.36	0.6	0.04	1.0	0.0	0.12	0.24	0.0	0.0	0	0.76	0.0	0.0	0.24	0.0	0.08	0.0	0.04	0.0	0.32	0.6	0.04	0.0	0.08	
0.8928571428571429	0.95	0.8571428571428571	0.875	0.7857142857142857	0.7857142857142857	0.8909090909090909	0.9782608695652174	0.8928571428571429	0.8	1.0	0.8909090909090909	0.8958333333333334	0.9591836734693877	0.76	0.7777777777777778	0.76	0	0.76	0.875	0.9090909090909091	0.5636363636363636	0.7777777777777778	0.5636363636363636	0.875	0.5636363636363636	0.7857142857142857	0.8928571428571429	0.8679245283018868	0.5636363636363636	0.5272727272727272	
0.6	0.05	0.08	0.04	0.04	0.0	0.0	0.36	0.6	0.04	1.0	0.0	0.12	0.24	0.0	0.0	0.0	0.76	0	0.0	0.24	0.0	0.08	0.0	0.04	0.0	0.32	0.6	0.04	0.0	0.08	
0.7916666666666666	0.05	0.5208333333333334	0.5	0.5	0.4791666666666667	0.20833333333333334	0.6521739130434783	0.7916666666666666	0.3142857142857143	1.0	0.0	0.0625	0.125	0.0	0.07407407407407407	0.0	0.875	0.0	0	0.4791666666666667	0.4791666666666667	0.3611111111111111	0.4791666666666667	0.5	0.4791666666666667	0.6458333333333334	0.7916666666666666	0.5	0.4791666666666667	0.5208333333333334	
0.8181818181818182	0.35	0.6909090909090909	0.6727272727272727	0.6727272727272727	0.6545454545454545	0.5454545454545454	0.782608695652174	0.8181818181818182	0.4857142857142857	1.0	0.5454545454545454	0.4791666666666667	0.6122448979591837	0.24	0.2962962962962963	0.24	0.9090909090909091	0.24	0.4791666666666667	0	0.6545454545454545	0.5277777777777778	0.6545454545454545	0.6727272727272727	0.6545454545454545	0.5818181818181818	0.8181818181818182	0.660377358490566	0.6545454545454545	0.6909090909090909	
0.8	0.05	0.5636363636363636	0.5454545454545454	0.45454545454545453	0.21818181818181817	0.5454545454545454	0.6521739130434783	0.8	0.2857142857142857	1.0	0.5454545454545454	0.5416666666666666	0.6122448979591837	0.0	0.07407407407407407	0.0	0.5636363636363636	0.0	0.4791666666666667	0.6545454545454545	0	0.3611111111111111	0.0	0.5454545454545454	0.0	0.5818181818181818	0.8	0.5283018867924528	0.0	0.16363636363636364	
0.75	0.1	0.3333333333333333	0.3611111111111111	0.3611111111111111	0.3611111111111111	0.3611111111111111	0.5555555555555556	0.75	0.34285714285714286	1.0	0.3611111111111111	0.4444444444444444	0.4722222222222222	0.08	0.14814814814814814	0.08	0.7777777777777778	0.08	0.3611111111111111	0.5277777777777778	0.3611111111111111	0	0.3611111111111111	0.3611111111111111	0.3611111111111111	0.5	0.75	0.3611111111111111	0.3611111111111111	0.3055555555555556	
0.8	0.05	0.5636363636363636	0.5454545454545454	0.45454545454545453	0.21818181818181817	0.5454545454545454	0.6521739130434783	0.8	0.2857142857142857	1.0	0.5454545454545454	0.5416666666666666	0.6122448979591837	0.0	0.07407407407407407	0.0	0.5636363636363636	0.0	0.4791666666666667	0.6545454545454545	0.0	0.3611111111111111	0	0.5454545454545454	0.0	0.5818181818181818	0.8	0.5283018867924528	0.0	0.16363636363636364	
0.48214285714285715	0.0	0.26785714285714285	0.125	0.35714285714285715	0.5535714285714286	0.5636363636363636	0.34782608695652173	0.6071428571428571	0.0	0.0	0.5636363636363636	0.5625	0.6122448979591837	0.04	0.1111111111111111	0.04	0.875	0.04	0.5	0.6727272727272727	0.5454545454545454	0.3611111111111111	0.5454545454545454	0	0.5454545454545454	0.6428571428571429	0.48214285714285715	0.0	0.5454545454545454	0.5636363636363636	
0.8	0.05	0.5636363636363636	0.5454545454545454	0.45454545454545453	0.21818181818181817	0.5454545454545454	0.6521739130434783	0.8	0.2857142857142857	1.0	0.5454545454545454	0.5416666666666666	0.6122448979591837	0.0	0.07407407407407407	0.0	0.5636363636363636	0.0	0.4791666666666667	0.6545454545454545	0.0	0.3611111111111111	0.0	0.5454545454545454	0	0.5818181818181818	0.8	0.5283018867924528	0.0	0.16363636363636364	
0.7857142857142857	0.4	0.625	0.6428571428571429	0.375	0.6290322580645161	0.6909090909090909	0.7391304347826086	0.8214285714285714	0.42857142857142855	1.0	0.6909090909090909	0.6458333333333334	0.7346938775510204	0.32	0.37037037037037035	0.32	0.7857142857142857	0.32	0.6458333333333334	0.5818181818181818	0.5818181818181818	0.5	0.5818181818181818	0.6428571428571429	0.5818181818181818	0	0.7857142857142857	0.6226415094339622	0.5818181818181818	0.5636363636363636	
0.4642857142857143	0.7	0.5	0.5178571428571429	0.75	0.8035714285714286	0.8181818181818182	0.6521739130434783	0.6964285714285714	0.4	0.7272727272727273	0.8181818181818182	0.7916666666666666	0.8979591836734694	0.6	0.6296296296296297	0.6	0.8928571428571429	0.6	0.7916666666666666	0.8181818181818182	0.8	0.75	0.8	0.48214285714285715	0.8	0.7857142857142857	0	0.4528301886792453	0.8	0.8181818181818182	
0.4528301886792453	0.0	0.22641509433962265	0.1320754716981132	0.37735849056603776	0.5283018867924528	0.5471698113207547	0.34782608695652173	0.6226415094339622	0.0	0.2727272727272727	0.5471698113207547	0.5625	0.6122448979591837	0.04	0.1111111111111111	0.04	0.8679245283018868	0.04	0.5	0.660377358490566	0.5283018867924528	0.3611111111111111	0.5283018867924528	0.0	0.5283018867924528	0.6226415094339622	0.4528301886792453	0	0.5283018867924528	0.5471698113207547	
0.8	0.05	0.5636363636363636	0.5454545454545454	0.45454545454545453	0.21818181818181817	0.5454545454545454	0.6521739130434783	0.8	0.2857142857142857	1.0	0.5454545454545454	0.5416666666666666	0.6122448979591837	0.0	0.07407407407407407	0.0	0.5636363636363636	0.0	0.4791666666666667	0.6545454545454545	0.0	0.3611111111111111	0.0	0.5454545454545454	0.0	0.5818181818181818	0.8	0.5283018867924528	0	0.16363636363636364	
0.8181818181818182	0.1	0.5454545454545454	0.5636363636363636	0.4727272727272727	0.38181818181818183	0.5818181818181818	0.6521739130434783	0.8181818181818182	0.3142857142857143	1.0	0.5818181818181818	0.5833333333333334	0.6122448979591837	0.08	0.14814814814814814	0.08	0.5272727272727272	0.08	0.5208333333333334	0.6909090909090909	0.16363636363636364	0.3055555555555556	0.16363636363636364	0.5636363636363636	0.16363636363636364	0.5636363636363636	0.8181818181818182	0.5471698113207547	0.16363636363636364	0	
