0	0.0	NaN	0.0	0.7068965517241379	0.3103448275862069	0.7692307692307693	0.6428571428571429	0.6896551724137931	0.3333333333333333	0.8448275862068966	0.7068965517241379	0.7586206896551724	0.8448275862068966	0.7692307692307693	0.6896551724137931	0.0	0.6896551724137931	0.0	0.7068965517241379	0.6206896551724138	0.8103448275862069	0.0	0.0	0.0	0.3103448275862069	0.3103448275862069	0.0	0.0	0.0	0.0	0.0	0.7254901960784313	0.896551724137931	0.3103448275862069	0.0	
0.0	0	NaN	0.0	0.36363636363636365	0.0	0.7727272727272727	0.7272727272727273	0.5454545454545454	0.13636363636363635	0.7272727272727273	0.7272727272727273	0.7272727272727273	0.7272727272727273	0.7727272727272727	1.0	0.0	1.0	0.0	0.7272727272727273	0.7272727272727273	0.9090909090909091	0.0	0.0	0.0	0.0	0.0	0.0	0.0	0.0	0.0	0.0	0.7727272727272727	0.8181818181818182	0.0	0.0	
NaN	NaN	0	NaN	NaN	NaN	NaN	NaN	NaN	NaN	NaN	NaN	NaN	NaN	NaN	NaN	NaN	NaN	NaN	NaN	NaN	NaN	NaN	NaN	NaN	NaN	NaN	NaN	NaN	NaN	NaN	NaN	NaN	NaN	NaN	NaN	
0.0	0.0	NaN	0	0.7068965517241379	0.3103448275862069	0.7692307692307693	0.6428571428571429	0.6896551724137931	0.3333333333333333	0.8448275862068966	0.7068965517241379	0.7586206896551724	0.8448275862068966	0.7692307692307693	0.6896551724137931	0.0	0.6896551724137931	0.0	0.7068965517241379	0.6206896551724138	0.8103448275862069	0.0	0.0	0.0	0.3103448275862069	0.3103448275862069	0.0	0.0	0.0	0.0	0.0	0.7254901960784313	0.896551724137931	0.3103448275862069	0.0	
0.7068965517241379	0.36363636363636365	NaN	0.7068965517241379	0	0.7068965517241379	0.8461538461538461	0.875	0.875	0.7407407407407407	0.85	0.859375	0.890625	0.85	0.8461538461538461	1.0	0.5	1.0	0.0	0.765625	0.890625	0.8103448275862069	0.7068965517241379	0.7068965517241379	0.0	0.7068965517241379	0.734375	0.4230769230769231	0.4230769230769231	0.7068965517241379	0.6666666666666666	0.36363636363636365	0.6666666666666666	0.9333333333333333	0.734375	0.5641025641025641	
0.3103448275862069	0.0	NaN	0.3103448275862069	0.7068965517241379	0	0.7692307692307693	0.35714285714285715	0.5	0.0	0.8448275862068966	0.603448275862069	0.5	0.8448275862068966	0.7692307692307693	0.9655172413793104	0.0	0.9655172413793104	0.0	0.603448275862069	0.3448275862068966	0.7068965517241379	0.3103448275862069	0.3103448275862069	0.0	0.0	0.0	0.0	0.0	0.3103448275862069	0.29411764705882354	0.0	0.7843137254901961	0.9310344827586207	0.0	0.20512820512820512	
0.7692307692307693	0.7727272727272727	NaN	0.7692307692307693	0.8461538461538461	0.7692307692307693	0	0.7692307692307693	0.8461538461538461	0.8846153846153846	0.7692307692307693	0.7692307692307693	0.7307692307692307	0.7692307692307693	0.7692307692307693	1.0	0.5	1.0	1.0	0.7692307692307693	0.7692307692307693	0.9615384615384616	0.7692307692307693	0.7692307692307693	0.0	0.7692307692307693	0.7692307692307693	0.7692307692307693	0.7692307692307693	0.7692307692307693	0.7692307692307693	0.7727272727272727	0.7692307692307693	0.8076923076923077	0.7692307692307693	0.7692307692307693	
0.6428571428571429	0.7272727272727273	NaN	0.6428571428571429	0.875	0.35714285714285715	0.7692307692307693	0	0.5892857142857143	0.4074074074074074	0.5535714285714286	0.25	0.48214285714285715	0.5535714285714286	0.07692307692307693	0.9821428571428571	0.0	0.9821428571428571	0.0	0.25	0.0	0.35714285714285715	0.6428571428571429	0.6428571428571429	0.0	0.35714285714285715	0.35714285714285715	0.6923076923076923	0.6923076923076923	0.6428571428571429	0.6470588235294118	0.7272727272727273	0.7843137254901961	0.9285714285714286	0.35714285714285715	0.6666666666666666	
0.6896551724137931	0.5454545454545454	NaN	0.6896551724137931	0.875	0.5	0.8461538461538461	0.5892857142857143	0	0.5185185185185185	0.9166666666666666	0.734375	0.75	0.9166666666666666	0.8461538461538461	0.921875	0.0	0.921875	0.0	0.734375	0.578125	0.7758620689655172	0.6896551724137931	0.6896551724137931	0.0	0.5	0.5	0.5769230769230769	0.5769230769230769	0.6896551724137931	0.6862745098039216	0.5454545454545454	0.9215686274509803	0.9333333333333333	0.5	0.6410256410256411	
0.3333333333333333	0.13636363636363635	NaN	0.3333333333333333	0.7407407407407407	0.0	0.8846153846153846	0.4074074074074074	0.5185185185185185	0	0.8888888888888888	0.6481481481481481	0.5185185185185185	0.8888888888888888	0.8846153846153846	0.9629629629629629	0.0	0.9629629629629629	0.0	0.6481481481481481	0.37037037037037035	0.6851851851851852	0.3333333333333333	0.3333333333333333	1.0	0.0	0.0	0.15384615384615385	0.15384615384615385	0.3333333333333333	0.37254901960784315	0.13636363636363635	0.8431372549019608	0.9629629629629629	0.0	0.3076923076923077	
0.8448275862068966	0.7272727272727273	NaN	0.8448275862068966	0.85	0.8448275862068966	0.7692307692307693	0.5535714285714286	0.9166666666666666	0.8888888888888888	0	0.48333333333333334	0.8333333333333334	0.0	0.15384615384615385	1.0	0.0	1.0	0.0	0.55	0.5833333333333334	0.6206896551724138	0.8448275862068966	0.8448275862068966	0.0	0.8448275862068966	0.85	0.7307692307692307	0.7307692307692307	0.8448275862068966	0.8235294117647058	0.7272727272727273	0.8431372549019608	0.9333333333333333	0.85	0.7692307692307693	
0.7068965517241379	0.7272727272727273	NaN	0.7068965517241379	0.859375	0.603448275862069	0.7692307692307693	0.25	0.734375	0.6481481481481481	0.48333333333333334	0	0.765625	0.48333333333333334	0.07692307692307693	0.921875	0.0	0.921875	0.0	0.15625	0.28125	0.1724137931034483	0.7068965517241379	0.7068965517241379	0.0	0.603448275862069	0.59375	0.6923076923076923	0.6923076923076923	0.7068965517241379	0.7058823529411765	0.7272727272727273	0.8431372549019608	0.9333333333333333	0.59375	0.6666666666666666	
0.7586206896551724	0.7272727272727273	NaN	0.7586206896551724	0.890625	0.5	0.7307692307692307	0.48214285714285715	0.75	0.5185185185185185	0.8333333333333334	0.765625	0	0.8333333333333334	0.7307692307692307	1.0	0.0	1.0	0.0	0.765625	0.484375	0.8275862068965517	0.7586206896551724	0.7586206896551724	0.0	0.5	0.5	0.7307692307692307	0.7307692307692307	0.7586206896551724	0.7647058823529411	0.7272727272727273	0.7843137254901961	0.9333333333333333	0.5	0.7692307692307693	
0.8448275862068966	0.7272727272727273	NaN	0.8448275862068966	0.85	0.8448275862068966	0.7692307692307693	0.5535714285714286	0.9166666666666666	0.8888888888888888	0.0	0.48333333333333334	0.8333333333333334	0	0.15384615384615385	1.0	0.0	1.0	0.0	0.55	0.5833333333333334	0.6206896551724138	0.8448275862068966	0.8448275862068966	0.0	0.8448275862068966	0.85	0.7307692307692307	0.7307692307692307	0.8448275862068966	0.8235294117647058	0.7272727272727273	0.8431372549019608	0.9333333333333333	0.85	0.7692307692307693	
0.7692307692307693	0.7727272727272727	NaN	0.7692307692307693	0.8461538461538461	0.7692307692307693	0.7692307692307693	0.07692307692307693	0.8461538461538461	0.8846153846153846	0.15384615384615385	0.07692307692307693	0.7307692307692307	0.15384615384615385	0	1.0	0.5	1.0	1.0	0.07692307692307693	0.07692307692307693	0.2692307692307692	0.7692307692307693	0.7692307692307693	0.0	0.7692307692307693	0.7692307692307693	0.7692307692307693	0.7692307692307693	0.7692307692307693	0.7692307692307693	0.7727272727272727	0.7692307692307693	0.8461538461538461	0.7692307692307693	0.7692307692307693	
0.6896551724137931	1.0	NaN	0.6896551724137931	1.0	0.9655172413793104	1.0	0.9821428571428571	0.921875	0.9629629629629629	1.0	0.921875	1.0	1.0	1.0	0	1.0	0.0	1.0	0.921875	0.921875	0.9137931034482759	0.6896551724137931	0.6896551724137931	1.0	0.9655172413793104	0.921875	1.0	1.0	0.6896551724137931	0.7450980392156863	1.0	0.9411764705882353	0.9666666666666667	0.921875	0.8461538461538461	
0.0	0.0	NaN	0.0	0.5	0.0	0.5	0.0	0.0	0.0	0.0	0.0	0.0	0.0	0.5	1.0	0	1.0	0.0	0.0	0.0	0.0	0.0	0.0	1.0	0.0	0.0	0.0	0.0	0.0	0.0	0.0	0.5	0.5	0.0	0.0	
0.6896551724137931	1.0	NaN	0.6896551724137931	1.0	0.9655172413793104	1.0	0.9821428571428571	0.921875	0.9629629629629629	1.0	0.921875	1.0	1.0	1.0	0.0	1.0	0	1.0	0.921875	0.921875	0.9137931034482759	0.6896551724137931	0.6896551724137931	1.0	0.9655172413793104	0.921875	1.0	1.0	0.6896551724137931	0.7450980392156863	1.0	0.9411764705882353	0.9666666666666667	0.921875	0.8461538461538461	
0.0	0.0	NaN	0.0	0.0	0.0	1.0	0.0	0.0	0.0	0.0	0.0	0.0	0.0	1.0	1.0	0.0	1.0	0	0.0	0.0	0.0	0.0	0.0	1.0	0.0	0.0	0.0	0.0	0.0	0.0	0.0	1.0	1.0	0.0	0.0	
0.7068965517241379	0.7272727272727273	NaN	0.7068965517241379	0.765625	0.603448275862069	0.7692307692307693	0.25	0.734375	0.6481481481481481	0.55	0.15625	0.765625	0.55	0.07692307692307693	0.921875	0.0	0.921875	0.0	0	0.28125	0.0	0.7068965517241379	0.7068965517241379	0.0	0.603448275862069	0.59375	0.6923076923076923	0.6923076923076923	0.7068965517241379	0.7058823529411765	0.7272727272727273	0.8431372549019608	0.9333333333333333	0.59375	0.6666666666666666	
0.6206896551724138	0.7272727272727273	NaN	0.6206896551724138	0.890625	0.3448275862068966	0.7692307692307693	0.0	0.578125	0.37037037037037035	0.5833333333333334	0.28125	0.484375	0.5833333333333334	0.07692307692307693	0.921875	0.0	0.921875	0.0	0.28125	0	0.3103448275862069	0.6206896551724138	0.6206896551724138	0.0	0.3448275862068966	0.3125	0.6923076923076923	0.6923076923076923	0.6206896551724138	0.6470588235294118	0.7272727272727273	0.7843137254901961	0.9333333333333333	0.3125	0.6666666666666666	
0.8103448275862069	0.9090909090909091	NaN	0.8103448275862069	0.8103448275862069	0.7068965517241379	0.9615384615384616	0.35714285714285715	0.7758620689655172	0.6851851851851852	0.6206896551724138	0.1724137931034483	0.8275862068965517	0.6206896551724138	0.2692307692307692	0.9137931034482759	0.0	0.9137931034482759	0.0	0.0	0.3103448275862069	0	0.8103448275862069	0.8103448275862069	1.0	0.7068965517241379	0.6551724137931034	0.9230769230769231	0.9230769230769231	0.8103448275862069	0.8235294117647058	0.9090909090909091	0.9411764705882353	0.9827586206896551	0.6551724137931034	0.8205128205128205	
0.0	0.0	NaN	0.0	0.7068965517241379	0.3103448275862069	0.7692307692307693	0.6428571428571429	0.6896551724137931	0.3333333333333333	0.8448275862068966	0.7068965517241379	0.7586206896551724	0.8448275862068966	0.7692307692307693	0.6896551724137931	0.0	0.6896551724137931	0.0	0.7068965517241379	0.6206896551724138	0.8103448275862069	0	0.0	0.0	0.3103448275862069	0.3103448275862069	0.0	0.0	0.0	0.0	0.0	0.7254901960784313	0.896551724137931	0.3103448275862069	0.0	
0.0	0.0	NaN	0.0	0.7068965517241379	0.3103448275862069	0.7692307692307693	0.6428571428571429	0.6896551724137931	0.3333333333333333	0.8448275862068966	0.7068965517241379	0.7586206896551724	0.8448275862068966	0.7692307692307693	0.6896551724137931	0.0	0.6896551724137931	0.0	0.7068965517241379	0.6206896551724138	0.8103448275862069	0.0	0	0.0	0.3103448275862069	0.3103448275862069	0.0	0.0	0.0	0.0	0.0	0.7254901960784313	0.896551724137931	0.3103448275862069	0.0	
0.0	0.0	NaN	0.0	0.0	0.0	0.0	0.0	0.0	1.0	0.0	0.0	0.0	0.0	0.0	1.0	1.0	1.0	1.0	0.0	0.0	1.0	0.0	0.0	0	0.0	0.0	0.0	0.0	0.0	0.0	0.0	0.0	0.0	0.0	0.0	
0.3103448275862069	0.0	NaN	0.3103448275862069	0.7068965517241379	0.0	0.7692307692307693	0.35714285714285715	0.5	0.0	0.8448275862068966	0.603448275862069	0.5	0.8448275862068966	0.7692307692307693	0.9655172413793104	0.0	0.9655172413793104	0.0	0.603448275862069	0.3448275862068966	0.7068965517241379	0.3103448275862069	0.3103448275862069	0.0	0	0.0	0.0	0.0	0.3103448275862069	0.29411764705882354	0.0	0.7843137254901961	0.9310344827586207	0.0	0.20512820512820512	
0.3103448275862069	0.0	NaN	0.3103448275862069	0.734375	0.0	0.7692307692307693	0.35714285714285715	0.5	0.0	0.85	0.59375	0.5	0.85	0.7692307692307693	0.921875	0.0	0.921875	0.0	0.59375	0.3125	0.6551724137931034	0.3103448275862069	0.3103448275862069	0.0	0.0	0	0.0	0.0	0.3103448275862069	0.29411764705882354	0.0	0.7843137254901961	0.9333333333333333	0.0	0.20512820512820512	
0.0	0.0	NaN	0.0	0.4230769230769231	0.0	0.7692307692307693	0.6923076923076923	0.5769230769230769	0.15384615384615385	0.7307692307692307	0.6923076923076923	0.7307692307692307	0.7307692307692307	0.7692307692307693	1.0	0.0	1.0	0.0	0.6923076923076923	0.6923076923076923	0.9230769230769231	0.0	0.0	0.0	0.0	0.0	0	0.0	0.0	0.0	0.0	0.7692307692307693	0.8461538461538461	0.0	0.0	
0.0	0.0	NaN	0.0	0.4230769230769231	0.0	0.7692307692307693	0.6923076923076923	0.5769230769230769	0.15384615384615385	0.7307692307692307	0.6923076923076923	0.7307692307692307	0.7307692307692307	0.7692307692307693	1.0	0.0	1.0	0.0	0.6923076923076923	0.6923076923076923	0.9230769230769231	0.0	0.0	0.0	0.0	0.0	0.0	0	0.0	0.0	0.0	0.7692307692307693	0.8461538461538461	0.0	0.0	
0.0	0.0	NaN	0.0	0.7068965517241379	0.3103448275862069	0.7692307692307693	0.6428571428571429	0.6896551724137931	0.3333333333333333	0.8448275862068966	0.7068965517241379	0.7586206896551724	0.8448275862068966	0.7692307692307693	0.6896551724137931	0.0	0.6896551724137931	0.0	0.7068965517241379	0.6206896551724138	0.8103448275862069	0.0	0.0	0.0	0.3103448275862069	0.3103448275862069	0.0	0.0	0	0.0	0.0	0.7254901960784313	0.896551724137931	0.3103448275862069	0.0	
0.0	0.0	NaN	0.0	0.6666666666666666	0.29411764705882354	0.7692307692307693	0.6470588235294118	0.6862745098039216	0.37254901960784315	0.8235294117647058	0.7058823529411765	0.7647058823529411	0.8235294117647058	0.7692307692307693	0.7450980392156863	0.0	0.7450980392156863	0.0	0.7058823529411765	0.6470588235294118	0.8235294117647058	0.0	0.0	0.0	0.29411764705882354	0.29411764705882354	0.0	0.0	0.0	0	0.0	0.7254901960784313	0.9215686274509803	0.29411764705882354	0.0	
0.0	0.0	NaN	0.0	0.36363636363636365	0.0	0.7727272727272727	0.7272727272727273	0.5454545454545454	0.13636363636363635	0.7272727272727273	0.7272727272727273	0.7272727272727273	0.7272727272727273	0.7727272727272727	1.0	0.0	1.0	0.0	0.7272727272727273	0.7272727272727273	0.9090909090909091	0.0	0.0	0.0	0.0	0.0	0.0	0.0	0.0	0.0	0	0.7727272727272727	0.8181818181818182	0.0	0.0	
0.7254901960784313	0.7727272727272727	NaN	0.7254901960784313	0.6666666666666666	0.7843137254901961	0.7692307692307693	0.7843137254901961	0.9215686274509803	0.8431372549019608	0.8431372549019608	0.8431372549019608	0.7843137254901961	0.8431372549019608	0.7692307692307693	0.9411764705882353	0.5	0.9411764705882353	1.0	0.8431372549019608	0.7843137254901961	0.9411764705882353	0.7254901960784313	0.7254901960784313	0.0	0.7843137254901961	0.7843137254901961	0.7692307692307693	0.7692307692307693	0.7254901960784313	0.7254901960784313	0.7727272727272727	0	0.9215686274509803	0.7843137254901961	0.7948717948717948	
0.896551724137931	0.8181818181818182	NaN	0.896551724137931	0.9333333333333333	0.9310344827586207	0.8076923076923077	0.9285714285714286	0.9333333333333333	0.9629629629629629	0.9333333333333333	0.9333333333333333	0.9333333333333333	0.9333333333333333	0.8461538461538461	0.9666666666666667	0.5	0.9666666666666667	1.0	0.9333333333333333	0.9333333333333333	0.9827586206896551	0.896551724137931	0.896551724137931	0.0	0.9310344827586207	0.9333333333333333	0.8461538461538461	0.8461538461538461	0.896551724137931	0.9215686274509803	0.8181818181818182	0.9215686274509803	0	0.9333333333333333	0.8974358974358975	
0.3103448275862069	0.0	NaN	0.3103448275862069	0.734375	0.0	0.7692307692307693	0.35714285714285715	0.5	0.0	0.85	0.59375	0.5	0.85	0.7692307692307693	0.921875	0.0	0.921875	0.0	0.59375	0.3125	0.6551724137931034	0.3103448275862069	0.3103448275862069	0.0	0.0	0.0	0.0	0.0	0.3103448275862069	0.29411764705882354	0.0	0.7843137254901961	0.9333333333333333	0	0.20512820512820512	
0.0	0.0	NaN	0.0	0.5641025641025641	0.20512820512820512	0.7692307692307693	0.6666666666666666	0.6410256410256411	0.3076923076923077	0.7692307692307693	0.6666666666666666	0.7692307692307693	0.7692307692307693	0.7692307692307693	0.8461538461538461	0.0	0.8461538461538461	0.0	0.6666666666666666	0.6666666666666666	0.8205128205128205	0.0	0.0	0.0	0.20512820512820512	0.20512820512820512	0.0	0.0	0.0	0.0	0.0	0.7948717948717948	0.8974358974358975	0.20512820512820512	0	
