28
I21914___APH_Encarsia_bimaculata_seq1    0.0000000 0.7168304 0.5978515 0.6472743 1.0415033 0.5637474 1.1712589 0.7319829 0.8340314 0.7021235 1.2097394 0.7476091 1.0415033 0.7804086 1.0415033 0.5978515 1.1712589 0.8532645 1.2514302 0.6604329 0.8340314 0.9623913 1.0709236 0.8532645 0.5637474 0.7021235 9.0000000 1.4651522 
I21921_APH_Centrodora_sp_seq1            0.7168304 0.0000000 0.3815787 0.3519404 0.5318217 0.3308105 9.0000000 0.3105374 0.4130851 0.3815787 1.2514302 0.3308105 0.9623913 0.4554834 0.3447974 0.2847252 0.5978515 0.6219525 0.7021235 0.3447974 0.5637474 0.4467112 1.2514302 1.0137184 0.5978515 0.8532645 9.0000000 0.5116170 
I21928_EUL_Euderus_sp_seq1               0.5978515 0.3815787 0.0000000 0.3039584 0.5862231 0.3377550 1.8462222 0.3447974 0.4554834 0.4921971 1.2097394 0.3519404 1.1712589 0.4467112 0.4130851 0.2425315 0.6878369 0.4827629 0.8941035 0.3970838 0.4735033 0.5748590 1.2969160 1.1712589 0.4467112 0.7319829 9.0000000 0.6097568 
I21958_EUP_Anastus_sp_seq1               0.6472743 0.3519404 0.3039584 0.0000000 0.4296156 0.2601804 9.0000000 0.3308105 0.4554834 0.3447974 1.0709236 0.3105374 1.3469576 0.3239610 0.3970838 0.1983038 0.7476091 0.5216173 0.8155107 0.2974648 0.4380903 0.5116170 1.0709236 0.8941035 0.4296156 0.7021235 9.0000000 0.5637474 
I23224_ENC_Anagyrus_sp_seq1              1.0415033 0.5318217 0.5862231 0.4296156 0.0000000 0.3892711 9.0000000 0.4827629 0.4644122 0.4296156 1.1712589 0.3172042 0.9623913 0.4380903 0.3172042 0.4130851 0.8340314 0.5748590 0.9623913 0.5318217 0.4827629 0.5422388 1.0415033 1.2969160 0.6472743 0.8155107 9.0000000 0.6739472 
I23255_ENC_Trjapitzinellus_obscurus_seq1 0.5637474 0.3308105 0.3377550 0.2601804 0.3892711 0.0000000 9.0000000 0.2144343 0.3239610 0.2723022 0.9873965 0.2089994 0.7976517 0.2662046 0.2542280 0.2367843 0.7976517 0.5978515 1.0709236 0.3740028 0.2847252 0.3815787 0.8532645 0.9623913 0.4050204 0.6344531 9.0000000 0.5318217 
I23969_APH_Coccophagus_philippiae_seq1   1.1712589 9.0000000 1.8462222 9.0000000 9.0000000 9.0000000 0.0000000 9.0000000 9.0000000 9.0000000 9.0000000 9.0000000 1.4025700 9.0000000 9.0000000 9.0000000 9.0000000 1.4025700 9.0000000 9.0000000 9.0000000 9.0000000 0.9385773 1.4025700 2.8191765 1.1712589 9.0000000 9.0000000 
I23986_ENC_Cheiloneurus_fulvescens_seq1  0.7319829 0.3105374 0.3447974 0.3308105 0.4827629 0.2144343 9.0000000 0.0000000 0.2910544 0.2910544 1.1355294 0.2144343 0.8155107 0.3377550 0.3239610 0.2542280 0.7168304 0.5637474 1.1021837 0.3239610 0.3740028 0.3740028 0.7976517 0.8532645 0.3815787 0.6739472 9.0000000 0.5018128 
I23988_ENC_Mayridia_myrlea_seq1          0.8340314 0.4130851 0.4554834 0.4554834 0.4644122 0.3239610 9.0000000 0.2910544 0.0000000 0.3447974 0.8732672 0.3105374 0.8941035 0.4130851 0.3815787 0.3308105 0.8532645 0.6097568 0.8941035 0.5216173 0.4735033 0.5318217 0.7637404 0.7804086 0.3665399 0.6219525 9.0000000 0.7168304 
I23989_ENC_Psyllaephagus_sp_seq1         0.7021235 0.3815787 0.4921971 0.3447974 0.4296156 0.2723022 9.0000000 0.2910544 0.3447974 0.0000000 0.8732672 0.2723022 0.9873965 0.3377550 0.3519404 0.2425315 0.7476091 0.5637474 0.7476091 0.4130851 0.3740028 0.4050204 0.8732672 0.9873965 0.4130851 0.7976517 9.0000000 0.5422388 
I23990_ENC_Acerophagus_flavus_seq1       1.2097394 1.2514302 1.2097394 1.0709236 1.1712589 0.9873965 9.0000000 1.1355294 0.8732672 0.8732672 0.0000000 0.8155107 0.7168304 0.8532645 1.0415033 1.0137184 9.0000000 2.2698712 1.4651522 1.2514302 1.5367027 1.1355294 0.4921971 0.7476091 0.9385773 0.6219525 9.0000000 1.2514302 
I23991_ENC_Austroencyrtus_sp_seq1        0.7476091 0.3308105 0.3519404 0.3105374 0.3172042 0.2089994 9.0000000 0.2144343 0.3105374 0.2723022 0.8155107 0.0000000 0.6219525 0.2542280 0.2784751 0.2254844 0.9623913 0.5978515 1.1355294 0.3892711 0.3970838 0.3815787 0.7804086 0.7319829 0.3447974 0.5862231 9.0000000 0.5318217 
I23992_ENC_Ceballasia_dusmeti_seq1       1.0415033 0.9623913 1.1712589 1.3469576 0.9623913 0.7976517 1.4025700 0.8155107 0.8941035 0.9873965 0.7168304 0.6219525 0.0000000 0.8732672 0.7976517 0.9385773 9.0000000 1.2097394 9.0000000 1.2969160 1.1021837 1.0415033 0.6344531 0.8732672 0.9623913 0.7168304 9.0000000 0.7976517 
I23993_ENC_Aenastus_sp_seq1              0.7804086 0.4554834 0.4467112 0.3239610 0.4380903 0.2662046 9.0000000 0.3377550 0.4130851 0.3377550 0.8532645 0.2542280 0.8732672 0.0000000 0.3172042 0.2367843 0.9158461 0.6219525 1.1355294 0.4554834 0.3970838 0.4296156 0.8941035 0.7976517 0.4212820 0.7804086 9.0000000 0.4921971 
I23995_ENC_Ericydnus_sp_seq1             1.0415033 0.3447974 0.4130851 0.3970838 0.3172042 0.2542280 9.0000000 0.3239610 0.3815787 0.3519404 1.0415033 0.2784751 0.7976517 0.3172042 0.0000000 0.2723022 1.0137184 0.6219525 1.4025700 0.4212820 0.4130851 0.3665399 0.8155107 0.7976517 0.4212820 0.6344531 9.0000000 0.5528775 
I24010_ENC_Calosota_vernalis_seq1        0.5978515 0.2847252 0.2425315 0.1983038 0.4130851 0.2367843 9.0000000 0.2542280 0.3308105 0.2425315 1.0137184 0.2254844 0.9385773 0.2367843 0.2723022 0.0000000 0.6604329 0.5422388 0.8941035 0.2601804 0.3447974 0.4380903 0.8340314 0.7168304 0.3519404 0.6739472 9.0000000 0.5018128 
I26378_MYR_Gonatocerus_fuscicornis_seq1  1.1712589 0.5978515 0.6878369 0.7476091 0.8340314 0.7976517 9.0000000 0.7168304 0.8532645 0.7476091 9.0000000 0.9623913 9.0000000 0.9158461 1.0137184 0.6604329 0.0000000 0.7021235 0.6472743 0.5748590 0.9385773 0.9873965 9.0000000 9.0000000 1.4025700 9.0000000 9.0000000 0.9158461 
I26414_APH_Cales_berryi_seq1             0.8532645 0.6219525 0.4827629 0.5216173 0.5748590 0.5978515 1.4025700 0.5637474 0.6097568 0.5637474 2.2698712 0.5978515 1.2097394 0.6219525 0.6219525 0.5422388 0.7021235 0.0000000 0.7637404 0.5528775 0.6344531 0.6878369 1.1021837 9.0000000 0.8340314 0.9873965 1.6202297 0.7637404 
I27384_MYR_Anagrus_doanei_seq1           1.2514302 0.7021235 0.8941035 0.8155107 0.9623913 1.0709236 9.0000000 1.1021837 0.8941035 0.7476091 1.4651522 1.1355294 9.0000000 1.1355294 1.4025700 0.8941035 0.6472743 0.7637404 0.0000000 0.7976517 1.8462222 1.2514302 9.0000000 9.0000000 9.0000000 1.8462222 1.6202297 1.2097394 
I27399_EUL_Elachertus_cacoeciae_seq1     0.6604329 0.3447974 0.3970838 0.2974648 0.5318217 0.3740028 9.0000000 0.3239610 0.5216173 0.4130851 1.2514302 0.3892711 1.2969160 0.4554834 0.4212820 0.2601804 0.5748590 0.5528775 0.7976517 0.0000000 0.4644122 0.5216173 1.0415033 0.9158461 0.4921971 0.7168304 9.0000000 0.6219525 
I27444_ENC_Savzdargia_hofferi_seq1       0.8340314 0.5637474 0.4735033 0.4380903 0.4827629 0.2847252 9.0000000 0.3740028 0.4735033 0.3740028 1.5367027 0.3970838 1.1021837 0.3970838 0.4130851 0.3447974 0.9385773 0.6344531 1.8462222 0.4644122 0.0000000 0.4212820 0.9623913 0.8941035 0.4827629 0.6219525 9.0000000 0.5216173 
I27447_ENC_Charitopus_sp_seq1            0.9623913 0.4467112 0.5748590 0.5116170 0.5422388 0.3815787 9.0000000 0.3740028 0.5318217 0.4050204 1.1355294 0.3815787 1.0415033 0.4296156 0.3665399 0.4380903 0.9873965 0.6878369 1.2514302 0.5216173 0.4212820 0.0000000 1.0137184 0.9873965 0.5422388 1.1355294 9.0000000 0.6344531 
I23983_ENC_Eusemion_cornigerum_seq1      1.0709236 1.2514302 1.2969160 1.0709236 1.0415033 0.8532645 0.9385773 0.7976517 0.7637404 0.8732672 0.4921971 0.7804086 0.6344531 0.8941035 0.8155107 0.8340314 9.0000000 1.1021837 9.0000000 1.0415033 0.9623913 1.0137184 0.0000000 0.4296156 0.5422388 0.4921971 9.0000000 1.0415033 
I23984_ENC_Ooencyrtus_kuvanae_seq1       0.8532645 1.0137184 1.1712589 0.8941035 1.2969160 0.9623913 1.4025700 0.8532645 0.7804086 0.9873965 0.7476091 0.7319829 0.8732672 0.7976517 0.7976517 0.7168304 9.0000000 9.0000000 9.0000000 0.9158461 0.8941035 0.9873965 0.4296156 0.0000000 0.5748590 0.5637474 9.0000000 1.0137184 
I23985_ENC_Metaphycus_sp_seq1            0.5637474 0.5978515 0.4467112 0.4296156 0.6472743 0.4050204 2.8191765 0.3815787 0.3665399 0.4130851 0.9385773 0.3447974 0.9623913 0.4212820 0.4212820 0.3519404 1.4025700 0.8340314 9.0000000 0.4921971 0.4827629 0.5422388 0.5422388 0.5748590 0.0000000 0.4827629 9.0000000 0.6739472 
I24058_ENC_Savzdargia_hofferi_seq1       0.7021235 0.8532645 0.7319829 0.7021235 0.8155107 0.6344531 1.1712589 0.6739472 0.6219525 0.7976517 0.6219525 0.5862231 0.7168304 0.7804086 0.6344531 0.6739472 9.0000000 0.9873965 1.8462222 0.7168304 0.6219525 1.1355294 0.4921971 0.5637474 0.4827629 0.0000000 9.0000000 1.2514302 
I8134_ENC_Encyrtus_sp_seq1               9.0000000 9.0000000 9.0000000 9.0000000 9.0000000 9.0000000 9.0000000 9.0000000 9.0000000 9.0000000 9.0000000 9.0000000 9.0000000 9.0000000 9.0000000 9.0000000 9.0000000 1.6202297 1.6202297 9.0000000 9.0000000 9.0000000 9.0000000 9.0000000 9.0000000 9.0000000 0.0000000 9.0000000 
I23994_ENC_Hexacladia_sp_seq1            1.4651522 0.5116170 0.6097568 0.5637474 0.6739472 0.5318217 9.0000000 0.5018128 0.7168304 0.5422388 1.2514302 0.5318217 0.7976517 0.4921971 0.5528775 0.5018128 0.9158461 0.7637404 1.2097394 0.6219525 0.5216173 0.6344531 1.0415033 1.0137184 0.6739472 1.2514302 9.0000000 0.0000000 
