28
I21914___APH_Encarsia_bimaculata_seq1    0.0000000 0.3493591 0.3438035 0.3549771 0.3117069 0.3549771 0.7336317 0.4581452 0.5170366 0.3961768 0.5369595 0.3870580 0.5249107 0.3961768 0.3931187 0.3014501 0.7458274 0.7043836 1.0986123 0.3328741 0.6454921 0.5577092 0.5016508 0.4377342 0.3810700 0.5016508 0.6767523 9.0000000 
I21921_APH_Centrodora_sp_seq1            0.3493591 0.0000000 0.2069167 0.2462382 0.2111361 0.1863376 0.9485600 0.2624059 0.3221785 0.2938933 0.7276436 0.2766926 0.5369595 0.2742830 0.2394661 0.1985831 0.4512485 0.4478356 0.6876223 0.2508045 0.4941319 0.3328741 0.6354918 0.5619645 0.3117069 0.3961768 0.7276436 9.0000000 
I21928_EUL_Euderus_sp_seq1               0.3438035 0.2069167 0.0000000 0.1783375 0.1783375 0.2069167 0.9674302 0.2577330 0.3014501 0.2989185 0.6931472 0.2218431 0.4758148 0.2600640 0.2350018 0.1588798 0.4245756 0.3961768 0.8876151 0.2027325 0.4444457 0.3493591 0.5793575 0.5451563 0.2864490 0.3961768 0.7276436 9.0000000 
I21958_EUP_Anastus_sp_seq1               0.3549771 0.2462382 0.1783375 0.0000000 0.2027325 0.2153914 0.9485600 0.2766926 0.3438035 0.2742830 0.6505683 0.2531033 0.5973774 0.2462382 0.2218431 0.1704633 0.4245756 0.4085998 0.9215264 0.2196833 0.4581452 0.3664062 0.5973774 0.5534898 0.3840550 0.4023497 0.7776853 9.0000000 
I23224_ENC_Anagyrus_sp_seq1              0.3117069 0.2111361 0.1783375 0.2027325 0.0000000 0.1513039 0.9303762 0.2261910 0.2718849 0.2372290 0.5329109 0.2218431 0.5131455 0.2069167 0.1646380 0.1513039 0.4444457 0.4344120 0.9579061 0.2283792 0.3693047 0.3117069 0.4904144 0.4686719 0.3065522 0.3274977 0.6608779 9.0000000 
I23255_ENC_Trjapitzinellus_obscurus_seq1 0.3549771 0.1863376 0.2069167 0.2153914 0.1513039 0.0000000 1.1242589 0.2350018 0.2913995 0.2600640 0.6113316 0.2305770 0.5209581 0.2508045 0.2048202 0.1823216 0.4722306 0.4149290 0.7978223 0.2508045 0.4054650 0.3549771 0.5369595 0.5288948 0.3221785 0.3549771 0.6608779 9.0000000 
I23969_APH_Coccophagus_philippiae_seq1   0.7336317 0.9485600 0.9674302 0.9485600 0.9303762 1.1242589 0.0000000 1.1375930 1.1112712 1.2101838 0.7910195 1.0624519 1.0624519 1.1512925 1.1653779 1.0287313 1.7005986 2.1383327 9.0000000 1.0742172 1.4451859 1.2951336 0.7100980 0.8876151 0.9215264 1.4207908 0.7396924 9.0000000 
I23986_ENC_Cheiloneurus_fulvescens_seq1  0.4581452 0.2624059 0.2577330 0.2766926 0.2261910 0.2350018 1.1375930 0.0000000 0.2694982 0.2718849 0.6876223 0.2153914 0.6305656 0.2864490 0.2554128 0.2218431 0.4410787 0.4512485 0.8794848 0.2577330 0.4904144 0.4181239 0.5838020 0.5092845 0.3143043 0.4245756 0.7217264 9.0000000 
I23988_ENC_Mayridia_myrlea_seq1          0.5170366 0.3221785 0.3014501 0.3438035 0.2718849 0.2913995 1.1112712 0.2694982 0.0000000 0.3328741 0.7100980 0.2462382 0.6019856 0.3549771 0.3143043 0.2718849 0.4758148 0.5577092 0.8794848 0.3383089 0.4904144 0.4117544 0.6305656 0.5493057 0.3355841 0.4512485 0.7336317 9.0000000 
I23989_ENC_Psyllaephagus_sp_seq1         0.3961768 0.2938933 0.2989185 0.2742830 0.2372290 0.2600640 1.2101838 0.2718849 0.3328741 0.0000000 0.6931472 0.2766926 0.6454921 0.2791139 0.2864490 0.2240123 0.4722306 0.5534898 0.8407057 0.3091229 0.5170366 0.4023497 0.6066368 0.5619645 0.2624059 0.4213393 0.8482246 9.0000000 
I23990_ENC_Acerophagus_flavus_seq1       0.5369595 0.7276436 0.6931472 0.6505683 0.5329109 0.6113316 0.7910195 0.6876223 0.7100980 0.6931472 0.0000000 0.6354918 0.7583281 0.6305656 0.6556965 0.5838020 1.1798716 1.0862660 1.5264453 0.7158784 0.8958797 0.9393854 0.5369595 0.6066368 0.6454921 0.7336317 0.6305656 9.0000000 
I23991_ENC_Austroencyrtus_sp_seq1        0.3870580 0.2766926 0.2218431 0.2531033 0.2218431 0.2305770 1.0624519 0.2153914 0.2462382 0.2766926 0.6354918 0.0000000 0.5577092 0.2531033 0.2742830 0.1965213 0.5209581 0.4794250 0.8332982 0.2531033 0.4830613 0.3521602 0.5329109 0.5249107 0.3143043 0.3992538 0.7100980 9.0000000 
I23992_ENC_Ceballasia_dusmeti_seq1       0.5249107 0.5369595 0.4758148 0.5973774 0.5131455 0.5209581 1.0624519 0.6305656 0.6019856 0.6454921 0.7583281 0.5577092 0.0000000 0.5705854 0.5838020 0.5369595 1.0862660 0.8794848 1.3975308 0.5882863 0.7978223 0.7776853 0.5662564 0.5928111 0.5838020 0.6505683 0.8259988 9.0000000 
I23993_ENC_Aenastus_sp_seq1              0.3961768 0.2742830 0.2600640 0.2462382 0.2069167 0.2508045 1.1512925 0.2864490 0.3549771 0.2791139 0.6305656 0.2531033 0.5705854 0.0000000 0.2350018 0.2027325 0.5092845 0.5209581 0.9393854 0.2742830 0.4311116 0.3900792 0.5793575 0.4978772 0.3383089 0.3328741 0.7158784 9.0000000 
I23995_ENC_Ericydnus_sp_seq1             0.3931187 0.2394661 0.2350018 0.2218431 0.1646380 0.2048202 1.1653779 0.2554128 0.3143043 0.2864490 0.6556965 0.2742830 0.5838020 0.2350018 0.0000000 0.2048202 0.4830613 0.4581452 1.1512925 0.2815470 0.3722202 0.3465735 0.5928111 0.5577092 0.3578100 0.3578100 0.6987338 9.0000000 
I24010_ENC_Calosota_vernalis_seq1        0.3014501 0.1985831 0.1588798 0.1704633 0.1513039 0.1823216 1.0287313 0.2218431 0.2718849 0.2240123 0.5838020 0.1965213 0.5369595 0.2027325 0.2048202 0.0000000 0.4311116 0.4085998 0.8558584 0.1823216 0.4377342 0.3438035 0.5054531 0.4546850 0.2766926 0.3664062 0.7043836 9.0000000 
I26378_MYR_Gonatocerus_fuscicornis_seq1  0.7458274 0.4512485 0.4245756 0.4245756 0.4444457 0.4722306 1.7005986 0.4410787 0.4758148 0.4722306 1.1798716 0.5209581 1.0862660 0.5092845 0.4830613 0.4311116 0.0000000 0.5131455 0.7217264 0.4512485 0.6019856 0.5369595 1.1947980 0.9393854 0.6160710 0.5534898 1.2101838 9.0000000 
I26414_APH_Cales_berryi_seq1             0.7043836 0.4478356 0.3961768 0.4085998 0.4344120 0.4149290 2.1383327 0.4512485 0.5577092 0.5534898 1.0862660 0.4794250 0.8794848 0.5209581 0.4581452 0.4085998 0.5131455 0.0000000 0.7276436 0.4278329 0.6160710 0.5092845 1.0742172 1.2424528 0.6019856 0.5577092 1.1947980 9.0000000 
I27384_MYR_Anagrus_doanei_seq1           1.0986123 0.6876223 0.8876151 0.9215264 0.9579061 0.7978223 9.0000000 0.8794848 0.8794848 0.8407057 1.5264453 0.8332982 1.3975308 0.9393854 1.1512925 0.8558584 0.7217264 0.7276436 0.0000000 0.8558584 0.8876151 0.7910195 9.0000000 1.4451859 1.0287313 1.0742172 2.3937459 9.0000000 
I27399_EUL_Elachertus_cacoeciae_seq1     0.3328741 0.2508045 0.2027325 0.2196833 0.2283792 0.2508045 1.0742172 0.2577330 0.3383089 0.3091229 0.7158784 0.2531033 0.5882863 0.2742830 0.2815470 0.1823216 0.4512485 0.4278329 0.8558584 0.0000000 0.5410411 0.3781026 0.5705854 0.5451563 0.3328741 0.4478356 0.8636105 9.0000000 
I27444_ENC_Savzdargia_hofferi_seq1       0.6454921 0.4941319 0.4444457 0.4581452 0.3693047 0.4054650 1.4451859 0.4904144 0.4904144 0.5170366 0.8958797 0.4830613 0.7978223 0.4311116 0.3722202 0.4377342 0.6019856 0.6160710 0.8876151 0.5410411 0.0000000 0.5054531 0.9393854 0.8407057 0.5451563 0.4758148 0.7043836 9.0000000 
I27447_ENC_Charitopus_sp_seq1            0.5577092 0.3328741 0.3493591 0.3664062 0.3117069 0.3549771 1.2951336 0.4181239 0.4117544 0.4023497 0.9393854 0.3521602 0.7776853 0.3900792 0.3465735 0.3438035 0.5369595 0.5092845 0.7910195 0.3781026 0.5054531 0.0000000 0.9128305 0.7043836 0.4117544 0.5170366 0.9393854 9.0000000 
I23983_ENC_Eusemion_cornigerum_seq1      0.5016508 0.6354918 0.5793575 0.5973774 0.4904144 0.5369595 0.7100980 0.5838020 0.6305656 0.6066368 0.5369595 0.5329109 0.5662564 0.5793575 0.5928111 0.5054531 1.1947980 1.0742172 9.0000000 0.5705854 0.9393854 0.9128305 0.0000000 0.4181239 0.5170366 0.6931472 0.6454921 9.0000000 
I23984_ENC_Ooencyrtus_kuvanae_seq1       0.4377342 0.5619645 0.5451563 0.5534898 0.4686719 0.5288948 0.8876151 0.5092845 0.5493057 0.5619645 0.6066368 0.5249107 0.5928111 0.4978772 0.5577092 0.4546850 0.9393854 1.2424528 1.4451859 0.5451563 0.8407057 0.7043836 0.4181239 0.0000000 0.4867243 0.6608779 0.6256866 9.0000000 
I23985_ENC_Metaphycus_sp_seq1            0.3810700 0.3117069 0.2864490 0.3840550 0.3065522 0.3221785 0.9215264 0.3143043 0.3355841 0.2624059 0.6454921 0.3143043 0.5838020 0.3383089 0.3578100 0.2766926 0.6160710 0.6019856 1.0287313 0.3328741 0.5451563 0.4117544 0.5170366 0.4867243 0.0000000 0.4581452 0.6987338 9.0000000 
I23994_ENC_Hexacladia_sp_seq1            0.5016508 0.3961768 0.3961768 0.4023497 0.3274977 0.3549771 1.4207908 0.4245756 0.4512485 0.4213393 0.7336317 0.3992538 0.6505683 0.3328741 0.3578100 0.3664062 0.5534898 0.5577092 1.0742172 0.4478356 0.4758148 0.5170366 0.6931472 0.6608779 0.4581452 0.0000000 0.8117121 9.0000000 
I24058_ENC_Savzdargia_hofferi_seq1       0.6767523 0.7276436 0.7276436 0.7776853 0.6608779 0.6608779 0.7396924 0.7217264 0.7336317 0.8482246 0.6305656 0.7100980 0.8259988 0.7158784 0.6987338 0.7043836 1.2101838 1.1947980 2.3937459 0.8636105 0.7043836 0.9393854 0.6454921 0.6256866 0.6987338 0.8117121 0.0000000 9.0000000 
I8134_ENC_Encyrtus_sp_seq1               9.0000000 9.0000000 9.0000000 9.0000000 9.0000000 9.0000000 9.0000000 9.0000000 9.0000000 9.0000000 9.0000000 9.0000000 9.0000000 9.0000000 9.0000000 9.0000000 9.0000000 9.0000000 9.0000000 9.0000000 9.0000000 9.0000000 9.0000000 9.0000000 9.0000000 9.0000000 9.0000000 0.0000000 
