28
I21914___APH_Encarsia_bimaculata_seq1    0.0000000 0.6648620 0.5993479 0.5111192 0.6957997 0.5336793 1.0318466 0.7520387 0.7520387 0.6081977 0.6957997 0.6081977 0.8020804 0.5821039 0.7764338 0.5414314 1.4695809 0.7764338 1.2345782 0.6648620 0.7402734 0.8880056 0.7764338 0.7065528 0.4966255 0.5737004 9.0000000 0.7890927 
I21921_APH_Centrodora_sp_seq1            0.6648620 0.0000000 0.3599791 0.3654437 0.4175137 0.3386993 9.0000000 0.3545737 0.4236488 0.4361494 1.3013448 0.3545737 0.8726197 0.4688407 0.4236488 0.2938933 0.5993479 0.5493055 0.8726197 0.4114531 0.4966255 0.4895332 1.0114356 0.8154146 0.4895332 0.6957997 9.0000000 0.5260456 
I21928_EUL_Euderus_sp_seq1               0.5993479 0.3599791 0.0000000 0.2891539 0.4489706 0.2938933 9.0000000 0.3492260 0.4425189 0.3936997 0.9729551 0.3083871 0.7287787 0.3335180 0.3709686 0.1948584 0.6452516 0.5414314 0.9202748 0.3182884 0.4114531 0.5111192 0.7764338 0.9547712 0.3386993 0.7520387 9.0000000 0.5821039 
I21958_EUP_Anastus_sp_seq1               0.5111192 0.3654437 0.2891539 0.0000000 0.4555066 0.2440784 1.8161545 0.3439350 0.4895332 0.3879193 0.9547712 0.3233135 0.8154146 0.3492260 0.3995478 0.2229782 0.7175423 0.5493055 1.0114356 0.3133132 0.4175137 0.4895332 0.8726197 0.8726197 0.4361494 0.7175423 9.0000000 0.4825401 
I23224_ENC_Anagyrus_sp_seq1              0.6957997 0.4175137 0.4489706 0.4555066 0.0000000 0.3545737 1.9277253 0.4175137 0.5111192 0.3936997 0.7402734 0.3822050 0.8880056 0.4236488 0.3599791 0.4175137 0.6852730 0.5573056 0.8880056 0.5111192 0.4621292 0.4966255 0.9202748 0.8880056 0.5906510 0.7287787 9.0000000 0.5493055 
I23255_ENC_Trjapitzinellus_obscurus_seq1 0.5336793 0.3386993 0.2938933 0.2440784 0.3545737 0.0000000 9.0000000 0.2527743 0.3599791 0.2616240 0.9038799 0.2107327 0.6852730 0.2661084 0.2527743 0.2027325 0.6452516 0.5414314 1.1230073 0.3283897 0.2844591 0.4425189 0.6648620 0.7287787 0.3386993 0.6452516 9.0000000 0.4489706 
I23969_APH_Coccophagus_philippiae_seq1   1.0318466 9.0000000 9.0000000 1.8161545 1.9277253 9.0000000 0.0000000 9.0000000 9.0000000 9.0000000 0.8880056 2.6208725 2.6208725 2.2742999 9.0000000 9.0000000 9.0000000 2.0715671 9.0000000 2.0715671 9.0000000 9.0000000 0.9372256 1.2042663 2.6208725 0.9372256 9.0000000 9.0000000 
I23986_ENC_Cheiloneurus_fulvescens_seq1  0.7520387 0.3545737 0.3492260 0.3439350 0.4175137 0.2527743 9.0000000 0.0000000 0.3133132 0.3439350 0.9918252 0.1909673 0.7175423 0.3492260 0.3133132 0.2484074 0.6957997 0.6549607 1.1486538 0.3439350 0.4425189 0.4361494 0.6749634 0.6172069 0.3765552 0.6172069 9.0000000 0.5573056 
I23988_ENC_Mayridia_myrlea_seq1          0.7520387 0.4236488 0.4425189 0.4895332 0.5111192 0.3599791 9.0000000 0.3133132 0.0000000 0.3995478 0.9547712 0.2661084 0.7890927 0.4175137 0.4236488 0.3545737 0.7402734 0.7640875 1.0114356 0.4621292 0.4688407 0.5993479 0.7640875 0.5993479 0.4489706 0.6549607 9.0000000 0.7065528 
I23989_ENC_Psyllaephagus_sp_seq1         0.6081977 0.4361494 0.3936997 0.3879193 0.3936997 0.2616240 9.0000000 0.3439350 0.3995478 0.0000000 0.8291140 0.2938933 0.9038799 0.3386993 0.3335180 0.2571796 0.7175423 0.5654358 0.9038799 0.4621292 0.4054650 0.4114531 0.7640875 0.8431995 0.3545737 0.8726197 9.0000000 0.4966255 
I23990_ENC_Acerophagus_flavus_seq1       0.6957997 1.3013448 0.9729551 0.9547712 0.7402734 0.9038799 0.8880056 0.9918252 0.9547712 0.8291140 0.0000000 0.8020804 0.8020804 0.7175423 0.8576932 0.9547712 9.0000000 1.3784202 1.4695809 1.2345782 1.1486538 1.3013448 0.5573056 0.7065528 0.8020804 0.6452516 9.0000000 0.9372256 
I23991_ENC_Austroencyrtus_sp_seq1        0.6081977 0.3545737 0.3083871 0.3233135 0.3822050 0.2107327 2.6208725 0.1909673 0.2661084 0.2938933 0.8020804 0.0000000 0.5654358 0.2798079 0.3133132 0.2229782 0.8154146 0.6357276 1.0531264 0.3765552 0.4054650 0.4361494 0.6549607 0.5493055 0.3545737 0.5493055 9.0000000 0.4825401 
I23992_ENC_Ceballasia_dusmeti_seq1       0.8020804 0.8726197 0.7287787 0.8154146 0.8880056 0.6852730 2.6208725 0.7175423 0.7890927 0.9038799 0.8020804 0.5654358 0.0000000 0.6852730 0.6549607 0.6357276 9.0000000 1.0986122 9.0000000 0.8431995 0.8576932 0.8431995 0.5654358 0.6957997 0.7402734 0.6749634 9.0000000 0.8576932 
I23993_ENC_Aenastus_sp_seq1              0.5821039 0.4688407 0.3335180 0.3492260 0.4236488 0.2661084 2.2742999 0.3492260 0.4175137 0.3386993 0.7175423 0.2798079 0.6852730 0.0000000 0.2798079 0.2355312 0.8576932 0.5906510 1.3013448 0.4425189 0.3439350 0.4966255 0.6263815 0.6852730 0.3492260 0.6852730 9.0000000 0.3995478 
I23995_ENC_Ericydnus_sp_seq1             0.7764338 0.4236488 0.3709686 0.3995478 0.3599791 0.2527743 9.0000000 0.3133132 0.4236488 0.3335180 0.8576932 0.3133132 0.6549607 0.2798079 0.0000000 0.2661084 0.8154146 0.5185267 1.3383988 0.4621292 0.3599791 0.4489706 0.6549607 0.8154146 0.3879193 0.5993479 9.0000000 0.4825401 
I24010_ENC_Calosota_vernalis_seq1        0.5414314 0.2938933 0.1948584 0.2229782 0.4175137 0.2027325 9.0000000 0.2484074 0.3545737 0.2571796 0.9547712 0.2229782 0.6357276 0.2355312 0.2661084 0.0000000 0.7402734 0.5038199 0.9372256 0.2844591 0.3492260 0.4621292 0.5993479 0.6357276 0.3335180 0.6357276 9.0000000 0.4425189 
I26378_MYR_Gonatocerus_fuscicornis_seq1  1.4695809 0.5993479 0.6452516 0.7175423 0.6852730 0.6452516 9.0000000 0.6957997 0.7402734 0.7175423 9.0000000 0.8154146 9.0000000 0.8576932 0.8154146 0.7402734 0.0000000 0.5821039 0.6749634 0.5821039 0.7520387 0.6749634 9.0000000 9.0000000 1.0531264 1.6479184 9.0000000 0.8291140 
I26414_APH_Cales_berryi_seq1             0.7764338 0.5493055 0.5414314 0.5493055 0.5573056 0.5414314 2.0715671 0.6549607 0.7640875 0.5654358 1.3784202 0.6357276 1.0986122 0.5906510 0.5185267 0.5038199 0.5821039 0.0000000 0.7175423 0.5336793 0.7065528 0.6749634 1.1486538 2.0715671 0.7402734 1.2668484 9.0000000 0.6852730 
I27384_MYR_Anagrus_doanei_seq1           1.2345782 0.8726197 0.9202748 1.0114356 0.8880056 1.1230073 9.0000000 1.1486538 1.0114356 0.9038799 1.4695809 1.0531264 9.0000000 1.3013448 1.3383988 0.9372256 0.6749634 0.7175423 0.0000000 0.9372256 1.4695809 1.0986122 9.0000000 2.0715671 2.6208725 2.6208725 1.5811527 1.3013448 
I27399_EUL_Elachertus_cacoeciae_seq1     0.6648620 0.4114531 0.3182884 0.3133132 0.5111192 0.3283897 2.0715671 0.3439350 0.4621292 0.4621292 1.2345782 0.3765552 0.8431995 0.4425189 0.4621292 0.2844591 0.5821039 0.5336793 0.9372256 0.0000000 0.5573056 0.5038199 0.7890927 0.8431995 0.4895332 0.8726197 9.0000000 0.6648620 
I27444_ENC_Savzdargia_hofferi_seq1       0.7402734 0.4966255 0.4114531 0.4175137 0.4621292 0.2844591 9.0000000 0.4425189 0.4688407 0.4054650 1.1486538 0.4054650 0.8576932 0.3439350 0.3599791 0.3492260 0.7520387 0.7065528 1.4695809 0.5573056 0.0000000 0.5260456 0.8880056 0.8576932 0.4825401 0.5737004 9.0000000 0.4621292 
I27447_ENC_Charitopus_sp_seq1            0.8880056 0.4895332 0.5111192 0.4895332 0.4966255 0.4425189 9.0000000 0.4361494 0.5993479 0.4114531 1.3013448 0.4361494 0.8431995 0.4966255 0.4489706 0.4621292 0.6749634 0.6749634 1.0986122 0.5038199 0.5260456 0.0000000 1.3383988 1.0986122 0.5185267 1.3383988 9.0000000 0.6263815 
I23983_ENC_Eusemion_cornigerum_seq1      0.7764338 1.0114356 0.7764338 0.8726197 0.9202748 0.6648620 0.9372256 0.6749634 0.7640875 0.7640875 0.5573056 0.6549607 0.5654358 0.6263815 0.6549607 0.5993479 9.0000000 1.1486538 9.0000000 0.7890927 0.8880056 1.3383988 0.0000000 0.4489706 0.5493055 0.5038199 9.0000000 0.8880056 
I23984_ENC_Ooencyrtus_kuvanae_seq1       0.7065528 0.8154146 0.9547712 0.8726197 0.8880056 0.7287787 1.2042663 0.6172069 0.5993479 0.8431995 0.7065528 0.5493055 0.6957997 0.6852730 0.8154146 0.6357276 9.0000000 2.0715671 2.0715671 0.8431995 0.8576932 1.0986122 0.4489706 0.0000000 0.5654358 0.5654358 9.0000000 0.8880056 
I23985_ENC_Metaphycus_sp_seq1            0.4966255 0.4895332 0.3386993 0.4361494 0.5906510 0.3386993 2.6208725 0.3765552 0.4489706 0.3545737 0.8020804 0.3545737 0.7402734 0.3492260 0.3879193 0.3335180 1.0531264 0.7402734 2.6208725 0.4895332 0.4825401 0.5185267 0.5493055 0.5654358 0.0000000 0.5654358 9.0000000 0.6081977 
I24058_ENC_Savzdargia_hofferi_seq1       0.5737004 0.6957997 0.7520387 0.7175423 0.7287787 0.6452516 0.9372256 0.6172069 0.6549607 0.8726197 0.6452516 0.5493055 0.6749634 0.6852730 0.5993479 0.6357276 1.6479184 1.2668484 2.6208725 0.8726197 0.5737004 1.3383988 0.5038199 0.5654358 0.5654358 0.0000000 9.0000000 0.8880056 
I8134_ENC_Encyrtus_sp_seq1               9.0000000 9.0000000 9.0000000 9.0000000 9.0000000 9.0000000 9.0000000 9.0000000 9.0000000 9.0000000 9.0000000 9.0000000 9.0000000 9.0000000 9.0000000 9.0000000 9.0000000 9.0000000 1.5811527 9.0000000 9.0000000 9.0000000 9.0000000 9.0000000 9.0000000 9.0000000 0.0000000 9.0000000 
I23994_ENC_Hexacladia_sp_seq1            0.7890927 0.5260456 0.5821039 0.4825401 0.5493055 0.4489706 9.0000000 0.5573056 0.7065528 0.4966255 0.9372256 0.4825401 0.8576932 0.3995478 0.4825401 0.4425189 0.8291140 0.6852730 1.3013448 0.6648620 0.4621292 0.6263815 0.8880056 0.8880056 0.6081977 0.8880056 9.0000000 0.0000000 
