0	0.9070450097847358	0.9129158512720157	0.9960861056751468	0.8620352250489237	0.9412915851272016	0.9256360078277887	0.8669275929549902	0.8913894324853229	0.7692307692307693	0.9099804305283757	0.9207436399217221	0.8601190476190477	0.9090019569471625	0.9170081967213115	1.0	0.8809055118110236	0.9227005870841487	0.9022277227722773	0.9080234833659491	0.9266144814090019	0.9168297455968689	0.8913894324853229	0.9090019569471625	0.9001956947162426	0.8855185909980431	0.9295499021526419	0.9031311154598826	0.8561643835616438	0.8973029045643154	0.901174168297456	0.8786692759295499	0.8864970645792564	0.9054878048780488	
0.9070450097847358	0	0.9090019569471625	0.9962121212121212	0.8923076923076924	0.9689320388349515	0.9277456647398844	0.920751633986928	0.9035947712418301	0.8665158371040724	0.9027777777777778	0.9205933682373473	0.8630952380952381	0.9174836601307189	0.9057377049180327	0.9973166368515206	0.90748031496063	0.9321895424836601	0.8898514851485149	0.9240196078431373	0.9211009174311927	0.9183006535947712	0.8946078431372549	0.9174836601307189	0.934640522875817	0.8986928104575164	0.923202614379085	0.9199346405228758	0.9027777777777778	0.9242738589211619	0.928453947368421	0.8676470588235294	0.9060457516339869	0.9197154471544715	
0.9129158512720157	0.9090019569471625	0	0.9853228962818004	0.901174168297456	0.9608610567514677	0.9432485322896281	0.8767123287671232	0.9285714285714286	0.8597285067873304	0.923679060665362	0.9344422700587084	0.8928571428571429	0.9178082191780822	0.9282786885245902	1.0	0.8848425196850394	0.9442270058708415	0.9133663366336634	0.9305283757338552	0.9334637964774951	0.9344422700587084	0.9207436399217221	0.9227005870841487	0.9227005870841487	0.9119373776908023	0.9099804305283757	0.9305283757338552	0.913894324853229	0.9450207468879668	0.9178082191780822	0.9373776908023483	0.9090019569471625	0.9278455284552846	
0.9960861056751468	0.9962121212121212	0.9853228962818004	0	0.9951923076923077	0.996116504854369	1.0	0.9962121212121212	0.9962121212121212	1.0	0.9962121212121212	0.9981060606060606	1.0	0.9962121212121212	0.9979508196721312	1.0	0.9950787401574803	1.0	0.9975247524752475	0.9962121212121212	1.0	1.0	0.9962121212121212	0.9962121212121212	0.9962121212121212	0.9962121212121212	0.9962121212121212	0.9962121212121212	0.9962121212121212	0.995850622406639	0.9962121212121212	0.9962121212121212	0.9962121212121212	0.9959349593495935	
0.8620352250489237	0.8923076923076924	0.901174168297456	0.9951923076923077	0	0.9495145631067962	0.9219653179190751	0.8721153846153846	0.8634615384615385	0.8076923076923077	0.9038461538461539	0.9	0.8139880952380952	0.8932692307692308	0.8842213114754098	1.0	0.8523622047244095	0.9163461538461538	0.8589108910891089	0.8990384615384616	0.9134615384615384	0.9201923076923076	0.8951923076923077	0.9	0.9105769230769231	0.8759615384615385	0.9278846153846154	0.9105769230769231	0.8615384615384616	0.9056016597510373	0.8932692307692308	0.9019230769230769	0.8576923076923076	0.8953252032520326	
0.9412915851272016	0.9689320388349515	0.9608610567514677	0.996116504854369	0.9495145631067962	0	0.9592233009708738	0.941747572815534	0.9495145631067962	0.9298642533936652	0.9504854368932039	0.970873786407767	0.9523809523809523	0.941747572815534	0.9692622950819673	1.0	0.969488188976378	0.9572815533980582	0.9641089108910891	0.9485436893203884	0.9660194174757282	0.945631067961165	0.9446601941747573	0.9495145631067962	0.9194174757281554	0.9504854368932039	0.9592233009708738	0.9339805825242719	0.9310679611650485	0.9470954356846473	0.9485436893203884	0.9495145631067962	0.9504854368932039	0.9461382113821138	
0.9256360078277887	0.9277456647398844	0.9432485322896281	1.0	0.9219653179190751	0.9592233009708738	0	0.9267822736030829	0.9267822736030829	0.8800904977375565	0.8420038535645472	0.9258188824662813	0.8943452380952381	0.8998073217726397	0.9344262295081968	1.0	0.9438976377952756	0.8371868978805395	0.9207920792079208	0.8362235067437379	0.8631984585741811	0.8005780346820809	0.9123314065510597	0.8603082851637764	0.8757225433526011	0.9104046242774566	0.8670520231213873	0.8420038535645472	0.9219653179190751	0.941908713692946	0.9123314065510597	0.928709055876686	0.9238921001926782	0.8617886178861789	
0.8669275929549902	0.920751633986928	0.8767123287671232	0.9962121212121212	0.8721153846153846	0.941747572815534	0.9267822736030829	0	0.9032761310452418	0.8461538461538461	0.9308270676691729	0.9179755671902269	0.7827380952380952	0.9270676691729324	0.9067622950819673	1.0	0.8828740157480315	0.9398496240601504	0.8910891089108911	0.9293233082706767	0.9302752293577982	0.9360902255639098	0.912781954887218	0.9300751879699248	0.9223227752639518	0.8781954887218045	0.9458646616541353	0.9278195488721804	0.8661654135338346	0.8900414937759336	0.881578947368421	0.9270676691729324	0.9090225563909774	0.9054878048780488	
0.8913894324853229	0.9035947712418301	0.9285714285714286	0.9962121212121212	0.8634615384615385	0.9495145631067962	0.9267822736030829	0.9032761310452418	0	0.8484162895927602	0.9235569422776911	0.9275741710296684	0.8660714285714286	0.9188767550702028	0.9149590163934426	1.0	0.890748031496063	0.9391575663026521	0.900990099009901	0.9235569422776911	0.9284403669724771	0.9266770670826833	0.8962558502340093	0.9227769110764431	0.9266770670826833	0.8892355694227769	0.9422776911076443	0.9266770670826833	0.9001560062402496	0.9035269709543569	0.9235197368421053	0.9227769110764431	0.9040561622464899	0.9044715447154471	
0.7692307692307693	0.8665158371040724	0.8597285067873304	1.0	0.8076923076923077	0.9298642533936652	0.8800904977375565	0.8461538461538461	0.8484162895927602	0	0.8800904977375565	0.8529411764705882	0.7895927601809954	0.8800904977375565	0.8529411764705882	1.0	0.7805429864253394	0.8800904977375565	0.8529411764705882	0.8710407239819005	0.8710407239819005	0.8619909502262444	0.8438914027149321	0.8710407239819005	0.8619909502262444	0.832579185520362	0.8936651583710408	0.8800904977375565	0.7873303167420814	0.8891402714932126	0.8665158371040724	0.8393665158371041	0.8212669683257918	0.8778280542986425	
0.9099804305283757	0.9027777777777778	0.923679060665362	0.9962121212121212	0.9038461538461539	0.9504854368932039	0.8420038535645472	0.9308270676691729	0.9235569422776911	0.8800904977375565	0	0.9223385689354275	0.8943452380952381	0.8694516971279374	0.9262295081967213	1.0	0.9271653543307087	0.918918918918919	0.9108910891089109	0.8091655266757866	0.7752293577981652	0.8590078328981723	0.8949086161879896	0.8348563968668408	0.8861236802413273	0.9099216710182768	0.9311111111111111	0.9096551724137931	0.9319826338639653	0.9263485477178424	0.884046052631579	0.922976501305483	0.9373368146214099	0.8363821138211383	
0.9207436399217221	0.9205933682373473	0.9344422700587084	0.9981060606060606	0.9	0.970873786407767	0.9258188824662813	0.9179755671902269	0.9275741710296684	0.8529411764705882	0.9223385689354275	0	0.8273809523809523	0.9240837696335078	0.39036885245901637	1.0	0.9035433070866141	0.9153577661431065	0.1844059405940594	0.9223385689354275	0.9174311926605505	0.9171029668411868	0.9162303664921466	0.9214659685863874	0.931064572425829	0.9066317626527051	0.9223385689354275	0.9118673647469459	0.9301919720767888	0.9387966804979253	0.9013961605584643	0.9214659685863874	0.9336823734729494	0.926829268292683	
0.8601190476190477	0.8630952380952381	0.8928571428571429	1.0	0.8139880952380952	0.9523809523809523	0.8943452380952381	0.7827380952380952	0.8660714285714286	0.7895927601809954	0.8943452380952381	0.8273809523809523	0	0.8675595238095238	0.8422619047619048	1.0	0.8586309523809523	0.8898809523809523	0.8452380952380952	0.8928571428571429	0.8913690476190477	0.8913690476190477	0.8869047619047619	0.8854166666666666	0.8928571428571429	0.8705357142857143	0.9151785714285714	0.8913690476190477	0.7678571428571429	0.8854166666666666	0.8556547619047619	0.8898809523809523	0.8601190476190477	0.8928571428571429	
0.9090019569471625	0.9174836601307189	0.9178082191780822	0.9962121212121212	0.8932692307692308	0.941747572815534	0.8998073217726397	0.9270676691729324	0.9188767550702028	0.8800904977375565	0.8694516971279374	0.9240837696335078	0.8675595238095238	0	0.9262295081967213	1.0	0.9202755905511811	0.9295874822190612	0.9121287128712872	0.8502051983584131	0.8550458715596331	0.8840304182509505	0.9075255102040817	0.7750316856780735	0.9140271493212669	0.9068441064638784	0.9348148148148148	0.9089655172413793	0.9319826338639653	0.9253112033195021	0.8856907894736842	0.9229299363057325	0.9328263624841572	0.8810975609756098	
0.9170081967213115	0.9057377049180327	0.9282786885245902	0.9979508196721312	0.8842213114754098	0.9692622950819673	0.9344262295081968	0.9067622950819673	0.9149590163934426	0.8529411764705882	0.9262295081967213	0.39036885245901637	0.8422619047619048	0.9262295081967213	0	1.0	0.8954918032786885	0.9323770491803278	0.12871287128712872	0.9262295081967213	0.9323770491803278	0.9344262295081968	0.9221311475409836	0.9252049180327869	0.9272540983606558	0.9180327868852459	0.9313524590163934	0.9252049180327869	0.9149590163934426	0.9398340248962656	0.9088114754098361	0.9159836065573771	0.9067622950819673	0.9262295081967213	
1.0	0.9973166368515206	1.0	1.0	1.0	1.0	1.0	1.0	1.0	1.0	1.0	1.0	1.0	1.0	1.0	0	1.0	1.0	1.0	1.0	1.0	1.0	1.0	1.0	0.9991055456171736	1.0	1.0	1.0	1.0	1.0	1.0	1.0	1.0	1.0	
0.8809055118110236	0.90748031496063	0.8848425196850394	0.9950787401574803	0.8523622047244095	0.969488188976378	0.9438976377952756	0.8828740157480315	0.890748031496063	0.7805429864253394	0.9271653543307087	0.9035433070866141	0.8586309523809523	0.9202755905511811	0.8954918032786885	1.0	0	0.9438976377952756	0.8527227722772277	0.9271653543307087	0.9429133858267716	0.9438976377952756	0.8937007874015748	0.9271653543307087	0.9281496062992126	0.8671259842519685	0.906496062992126	0.9291338582677166	0.8690944881889764	0.8796680497925311	0.8956692913385826	0.905511811023622	0.859251968503937	0.9258130081300813	
0.9227005870841487	0.9321895424836601	0.9442270058708415	1.0	0.9163461538461538	0.9572815533980582	0.8371868978805395	0.9398496240601504	0.9391575663026521	0.8800904977375565	0.918918918918919	0.9153577661431065	0.8898809523809523	0.9295874822190612	0.9323770491803278	1.0	0.9438976377952756	0	0.9207920792079208	0.9039829302987198	0.8761467889908257	0.8741109530583214	0.922475106685633	0.9167852062588905	0.9253393665158371	0.9054054054054054	0.9066666666666666	0.8812233285917497	0.9363241678726484	0.9398340248962656	0.9054276315789473	0.9374110953058321	0.9438122332859175	0.8932926829268293	
0.9022277227722773	0.8898514851485149	0.9133663366336634	0.9975247524752475	0.8589108910891089	0.9641089108910891	0.9207920792079208	0.8910891089108911	0.900990099009901	0.8529411764705882	0.9108910891089109	0.1844059405940594	0.8452380952380952	0.9121287128712872	0.12871287128712872	1.0	0.8527227722772277	0.9207920792079208	0	0.9121287128712872	0.9207920792079208	0.9220297029702971	0.9071782178217822	0.9108910891089109	0.9133663366336634	0.900990099009901	0.9170792079207921	0.9121287128712872	0.8997524752475248	0.926980198019802	0.8898514851485149	0.8985148514851485	0.8873762376237624	0.9121287128712872	
0.9080234833659491	0.9240196078431373	0.9305283757338552	0.9962121212121212	0.8990384615384616	0.9485436893203884	0.8362235067437379	0.9293233082706767	0.9235569422776911	0.8710407239819005	0.8091655266757866	0.9223385689354275	0.8928571428571429	0.8502051983584131	0.9262295081967213	1.0	0.9271653543307087	0.9039829302987198	0.9121287128712872	0	0.7963302752293578	0.8522571819425444	0.8946648426812586	0.8248974008207934	0.9049773755656109	0.8987688098495212	0.9185185185185185	0.8882758620689655	0.9305354558610709	0.9242738589211619	0.8881578947368421	0.9165526675786594	0.9302325581395349	0.7012195121951219	
0.9266144814090019	0.9211009174311927	0.9334637964774951	1.0	0.9134615384615384	0.9660194174757282	0.8631984585741811	0.9302752293577982	0.9284403669724771	0.8710407239819005	0.7752293577981652	0.9174311926605505	0.8913690476190477	0.8550458715596331	0.9323770491803278	1.0	0.9429133858267716	0.8761467889908257	0.9207920792079208	0.7963302752293578	0	0.8477064220183487	0.8688073394495412	0.773394495412844	0.9073394495412844	0.8944954128440367	0.9110091743119266	0.8871559633027523	0.9293577981651376	0.941908713692946	0.9009174311926605	0.9091743119266055	0.9256880733944954	0.8475609756097561	
0.9168297455968689	0.9183006535947712	0.9344422700587084	1.0	0.9201923076923076	0.945631067961165	0.8005780346820809	0.9360902255639098	0.9266770670826833	0.8619909502262444	0.8590078328981723	0.9171029668411868	0.8913690476190477	0.8840304182509505	0.9344262295081968	1.0	0.9438976377952756	0.8741109530583214	0.9220297029702971	0.8522571819425444	0.8477064220183487	0	0.9036989795918368	0.8746851385390428	0.8838612368024132	0.8803526448362721	0.9088888888888889	0.9027586206896552	0.9377713458755427	0.9398340248962656	0.8881578947368421	0.932484076433121	0.9502518891687658	0.8780487804878049	
0.8913894324853229	0.8946078431372549	0.9207436399217221	0.9962121212121212	0.8951923076923077	0.9446601941747573	0.9123314065510597	0.912781954887218	0.8962558502340093	0.8438914027149321	0.8949086161879896	0.9162303664921466	0.8869047619047619	0.9075255102040817	0.9221311475409836	1.0	0.8937007874015748	0.922475106685633	0.9071782178217822	0.8946648426812586	0.8688073394495412	0.9036989795918368	0	0.9081632653061225	0.920814479638009	0.8290816326530612	0.9362962962962963	0.9206896551724137	0.9037626628075254	0.9128630705394191	0.8741776315789473	0.9100765306122449	0.9190051020408163	0.9044715447154471	
0.9090019569471625	0.9174836601307189	0.9227005870841487	0.9962121212121212	0.9	0.9495145631067962	0.8603082851637764	0.9300751879699248	0.9227769110764431	0.8710407239819005	0.8348563968668408	0.9214659685863874	0.8854166666666666	0.7750316856780735	0.9252049180327869	1.0	0.9271653543307087	0.9167852062588905	0.9108910891089109	0.8248974008207934	0.773394495412844	0.8746851385390428	0.9081632653061225	0	0.9072398190045249	0.9173967459324155	0.922962962962963	0.9075862068965517	0.9312590448625181	0.9242738589211619	0.8922697368421053	0.921656050955414	0.9359452736318408	0.8455284552845529	
0.9001956947162426	0.934640522875817	0.9227005870841487	0.9962121212121212	0.9105769230769231	0.9194174757281554	0.8757225433526011	0.9223227752639518	0.9266770670826833	0.8619909502262444	0.8861236802413273	0.931064572425829	0.8928571428571429	0.9140271493212669	0.9272540983606558	0.9991055456171736	0.9281496062992126	0.9253393665158371	0.9133663366336634	0.9049773755656109	0.9073394495412844	0.8838612368024132	0.920814479638009	0.9072398190045249	0	0.916289592760181	0.9049773755656109	0.8989441930618401	0.9147812971342383	0.9201244813278008	0.9177631578947368	0.9321266968325792	0.9298642533936652	0.8963414634146342	
0.8855185909980431	0.8986928104575164	0.9119373776908023	0.9962121212121212	0.8759615384615385	0.9504854368932039	0.9104046242774566	0.8781954887218045	0.8892355694227769	0.832579185520362	0.9099216710182768	0.9066317626527051	0.8705357142857143	0.9068441064638784	0.9180327868852459	1.0	0.8671259842519685	0.9054054054054054	0.900990099009901	0.8987688098495212	0.8944954128440367	0.8803526448362721	0.8290816326530612	0.9173967459324155	0.916289592760181	0	0.9266666666666666	0.906896551724138	0.9052098408104197	0.9045643153526971	0.8453947368421053	0.9159235668789809	0.9036295369211514	0.9024390243902439	
0.9295499021526419	0.923202614379085	0.9099804305283757	0.9962121212121212	0.9278846153846154	0.9592233009708738	0.8670520231213873	0.9458646616541353	0.9422776911076443	0.8936651583710408	0.9311111111111111	0.9223385689354275	0.9151785714285714	0.9348148148148148	0.9313524590163934	1.0	0.906496062992126	0.9066666666666666	0.9170792079207921	0.9185185185185185	0.9110091743119266	0.9088888888888889	0.9362962962962963	0.922962962962963	0.9049773755656109	0.9266666666666666	0	0.8377777777777777	0.94	0.941908713692946	0.9235197368421053	0.945925925925926	0.945925925925926	0.9024390243902439	
0.9031311154598826	0.9199346405228758	0.9305283757338552	0.9962121212121212	0.9105769230769231	0.9339805825242719	0.8420038535645472	0.9278195488721804	0.9266770670826833	0.8800904977375565	0.9096551724137931	0.9118673647469459	0.8913690476190477	0.9089655172413793	0.9252049180327869	1.0	0.9291338582677166	0.8812233285917497	0.9121287128712872	0.8882758620689655	0.8871559633027523	0.9027586206896552	0.9206896551724137	0.9075862068965517	0.8989441930618401	0.906896551724138	0.8377777777777777	0	0.9283646888567294	0.9242738589211619	0.8939144736842105	0.9289655172413793	0.9365517241379311	0.8861788617886179	
0.8561643835616438	0.9027777777777778	0.913894324853229	0.9962121212121212	0.8615384615384616	0.9310679611650485	0.9219653179190751	0.8661654135338346	0.9001560062402496	0.7873303167420814	0.9319826338639653	0.9301919720767888	0.7678571428571429	0.9319826338639653	0.9149590163934426	1.0	0.8690944881889764	0.9363241678726484	0.8997524752475248	0.9305354558610709	0.9293577981651376	0.9377713458755427	0.9037626628075254	0.9312590448625181	0.9147812971342383	0.9052098408104197	0.94	0.9283646888567294	0	0.8962655601659751	0.9136513157894737	0.9247467438494935	0.9066570188133141	0.9034552845528455	
0.8973029045643154	0.9242738589211619	0.9450207468879668	0.995850622406639	0.9056016597510373	0.9470954356846473	0.941908713692946	0.8900414937759336	0.9035269709543569	0.8891402714932126	0.9263485477178424	0.9387966804979253	0.8854166666666666	0.9253112033195021	0.9398340248962656	1.0	0.8796680497925311	0.9398340248962656	0.926980198019802	0.9242738589211619	0.941908713692946	0.9398340248962656	0.9128630705394191	0.9242738589211619	0.9201244813278008	0.9045643153526971	0.941908713692946	0.9242738589211619	0.8962655601659751	0	0.9128630705394191	0.9035269709543569	0.9118257261410788	0.9253112033195021	
0.901174168297456	0.928453947368421	0.9178082191780822	0.9962121212121212	0.8932692307692308	0.9485436893203884	0.9123314065510597	0.881578947368421	0.9235197368421053	0.8665158371040724	0.884046052631579	0.9013961605584643	0.8556547619047619	0.8856907894736842	0.9088114754098361	1.0	0.8956692913385826	0.9054276315789473	0.8898514851485149	0.8881578947368421	0.9009174311926605	0.8881578947368421	0.8741776315789473	0.8922697368421053	0.9177631578947368	0.8453947368421053	0.9235197368421053	0.8939144736842105	0.9136513157894737	0.9128630705394191	0	0.8988486842105263	0.9013157894736842	0.9065040650406504	
0.8786692759295499	0.8676470588235294	0.9373776908023483	0.9962121212121212	0.9019230769230769	0.9495145631067962	0.928709055876686	0.9270676691729324	0.9227769110764431	0.8393665158371041	0.922976501305483	0.9214659685863874	0.8898809523809523	0.9229299363057325	0.9159836065573771	1.0	0.905511811023622	0.9374110953058321	0.8985148514851485	0.9165526675786594	0.9091743119266055	0.932484076433121	0.9100765306122449	0.921656050955414	0.9321266968325792	0.9159235668789809	0.945925925925926	0.9289655172413793	0.9247467438494935	0.9035269709543569	0.8988486842105263	0	0.9235668789808917	0.9115853658536586	
0.8864970645792564	0.9060457516339869	0.9090019569471625	0.9962121212121212	0.8576923076923076	0.9504854368932039	0.9238921001926782	0.9090225563909774	0.9040561622464899	0.8212669683257918	0.9373368146214099	0.9336823734729494	0.8601190476190477	0.9328263624841572	0.9067622950819673	1.0	0.859251968503937	0.9438122332859175	0.8873762376237624	0.9302325581395349	0.9256880733944954	0.9502518891687658	0.9190051020408163	0.9359452736318408	0.9298642533936652	0.9036295369211514	0.945925925925926	0.9365517241379311	0.9066570188133141	0.9118257261410788	0.9013157894736842	0.9235668789808917	0	0.8973577235772358	
0.9054878048780488	0.9197154471544715	0.9278455284552846	0.9959349593495935	0.8953252032520326	0.9461382113821138	0.8617886178861789	0.9054878048780488	0.9044715447154471	0.8778280542986425	0.8363821138211383	0.926829268292683	0.8928571428571429	0.8810975609756098	0.9262295081967213	1.0	0.9258130081300813	0.8932926829268293	0.9121287128712872	0.7012195121951219	0.8475609756097561	0.8780487804878049	0.9044715447154471	0.8455284552845529	0.8963414634146342	0.9024390243902439	0.9024390243902439	0.8861788617886179	0.9034552845528455	0.9253112033195021	0.9065040650406504	0.9115853658536586	0.8973577235772358	0	
