0	0.9640449438202248	0.9260485651214128	0.9137931034482759	0.9267241379310345	0.9224137931034483	0.9409722222222222	0.8459214501510574	0.9116379310344828	0.8890086206896551	0.9579741379310345	1.0	0.8782327586206896	0.8976293103448276	0.8654761904761905	0.915948275862069	0.9342672413793104	0.9342672413793104	0.9504310344827587	0.9213362068965517	0.8976293103448276	0.8835616438356164	0.9107981220657277	1.0	0.9913793103448276	0.9375	0.924119241192412	0.9019396551724138	0.8900862068965517	0.9137931034482759	0.975	
0.9640449438202248	0	0.9629213483146067	0.9544334975369458	0.9651685393258427	0.9629213483146067	0.9594907407407407	0.959214501510574	0.9561797752808989	0.9640449438202248	0.9730337078651685	1.0	0.9550561797752809	0.9561797752808989	0.9523809523809523	0.9651685393258427	0.9595505617977528	0.9876404494382023	0.9707865168539326	0.9674157303370786	0.9696629213483146	0.9680365296803652	0.9647887323943662	1.0	0.9910112359550561	0.9617977528089887	0.9634146341463414	0.9707865168539326	0.9685393258426966	0.9696629213483146	0.94625	
0.9260485651214128	0.9629213483146067	0	0.9224137931034483	0.9216335540838853	0.9359823399558499	0.9409722222222222	0.8912386706948641	0.9448123620309051	0.9426048565121413	0.9470198675496688	1.0	0.9392935982339956	0.9359823399558499	0.9345238095238095	0.9646799116997793	0.9249448123620309	0.9470198675496688	0.9514348785871964	0.9503311258278145	0.9061810154525386	0.9200913242009132	0.9436619718309859	1.0	0.9922737306843267	0.9381898454746137	0.8821138211382114	0.9337748344370861	0.9227373068432672	0.9282560706401766	0.955	
0.9137931034482759	0.9544334975369458	0.9224137931034483	0	0.9248768472906403	0.9285714285714286	0.9347290640394089	0.8972809667673716	0.9458128078817734	0.9310344827586207	0.9532019704433498	1.0	0.9334975369458128	0.9285714285714286	0.9334975369458128	0.9495073891625616	0.9384236453201971	0.9408866995073891	0.9445812807881774	0.9495073891625616	0.9088669950738916	0.9174876847290641	0.9470443349753694	1.0	0.9876847290640394	0.9298029556650246	0.9227642276422764	0.9298029556650246	0.9174876847290641	0.9359605911330049	0.97	
0.9267241379310345	0.9651685393258427	0.9216335540838853	0.9248768472906403	0	0.9369747899159664	0.9351851851851852	0.9063444108761329	0.9183884297520661	0.9225206611570248	0.9411157024793388	1.0	0.9328512396694215	0.9173553719008265	0.9226190476190477	0.9607438016528925	0.9328512396694215	0.9545454545454546	0.9512953367875647	0.9380165289256198	0.9173553719008265	0.8755707762557078	0.9448356807511737	1.0	0.9907024793388429	0.9411157024793388	0.9105691056910569	0.9338842975206612	0.887396694214876	0.9183884297520661	0.95125	
0.9224137931034483	0.9629213483146067	0.9359823399558499	0.9285714285714286	0.9369747899159664	0	0.9050925925925926	0.8836858006042296	0.9390756302521008	0.9422268907563025	0.9485294117647058	1.0	0.8949579831932774	0.9474789915966386	0.8809523809523809	0.9495798319327731	0.9180672268907563	0.944327731092437	0.9474789915966386	0.9369747899159664	0.9191176470588235	0.9098173515981736	0.9448356807511737	1.0	0.9821428571428571	0.9527310924369747	0.924119241192412	0.9411764705882353	0.917016806722689	0.9401260504201681	0.9625	
0.9409722222222222	0.9594907407407407	0.9409722222222222	0.9347290640394089	0.9351851851851852	0.9050925925925926	0	0.9154078549848943	0.9305555555555556	0.9409722222222222	0.9432870370370371	1.0	0.9143518518518519	0.9375	0.9119047619047619	0.9525462962962963	0.9155092592592593	0.9606481481481481	0.9236111111111112	0.9467592592592593	0.9074074074074074	0.9375	0.9507042253521126	1.0	0.9895833333333334	0.9432870370370371	0.9281842818428184	0.9409722222222222	0.9375	0.9398148148148148	0.9625	
0.8459214501510574	0.959214501510574	0.8912386706948641	0.8972809667673716	0.9063444108761329	0.8836858006042296	0.9154078549848943	0	0.9123867069486404	0.9138972809667674	0.93202416918429	1.0	0.8942598187311178	0.9108761329305136	0.8942598187311178	0.9395770392749244	0.8867069486404834	0.8836858006042296	0.9305135951661632	0.9078549848942599	0.850453172205438	0.8655589123867069	0.9108761329305136	1.0	0.9879154078549849	0.9093655589123867	0.8972809667673716	0.8821752265861027	0.8655589123867069	0.8927492447129909	0.9607250755287009	
0.9116379310344828	0.9561797752808989	0.9448123620309051	0.9458128078817734	0.9183884297520661	0.9390756302521008	0.9305555555555556	0.9123867069486404	0	0.8843120070113936	0.9505813953488372	1.0	0.9112244897959184	0.8961397058823529	0.8964285714285715	0.9373390557939915	0.8877374784110535	0.9598290598290599	0.950259067357513	0.9395491803278688	0.9384615384615385	0.9006849315068494	0.9342723004694836	1.0	0.9931623931623932	0.9401709401709402	0.9336043360433605	0.935042735042735	0.9136752136752136	0.9384615384615385	0.96125	
0.8890086206896551	0.9640449438202248	0.9426048565121413	0.9310344827586207	0.9225206611570248	0.9422268907563025	0.9409722222222222	0.9138972809667674	0.8843120070113936	0	0.9496124031007752	0.9967105263157895	0.8795918367346939	0.9034926470588235	0.8595238095238096	0.9360210341805434	0.8860648553900088	0.9491673970201577	0.9450777202072539	0.9129098360655737	0.9325153374233128	0.9052511415525114	0.9154929577464789	0.9932885906040269	0.9921121822962313	0.9281332164767747	0.9254742547425474	0.9263803680981595	0.8606485539000877	0.9430324276950044	0.96875	
0.9579741379310345	0.9730337078651685	0.9470198675496688	0.9532019704433498	0.9411157024793388	0.9485294117647058	0.9432870370370371	0.93202416918429	0.9505813953488372	0.9496124031007752	0	0.993421052631579	0.9387755102040817	0.9273255813953488	0.9357142857142857	0.9583333333333334	0.937984496124031	0.9554263565891473	0.960621761658031	0.9395491803278688	0.9573643410852714	0.9486301369863014	0.9589201877934272	0.9932885906040269	1.0	0.938953488372093	0.9363143631436315	0.9525193798449613	0.938953488372093	0.9583333333333334	0.85375	
1.0	1.0	1.0	1.0	1.0	1.0	1.0	1.0	1.0	0.9967105263157895	0.993421052631579	0	0.9572368421052632	0.32894736842105265	0.9572368421052632	0.9901315789473685	0.9671052631578947	1.0	1.0	1.0	0.9901315789473685	1.0	1.0	1.0	1.0	1.0	1.0	1.0	1.0	1.0	1.0	
0.8782327586206896	0.9550561797752809	0.9392935982339956	0.9334975369458128	0.9328512396694215	0.8949579831932774	0.9143518518518519	0.8942598187311178	0.9112244897959184	0.8795918367346939	0.9387755102040817	0.9572368421052632	0	0.8887755102040816	0.0	0.8785714285714286	0.8979591836734694	0.9295918367346939	0.9533678756476683	0.9077868852459017	0.8928571428571429	0.8938356164383562	0.9284037558685446	0.9932885906040269	0.9908163265306122	0.9316326530612244	0.9349593495934959	0.926530612244898	0.863265306122449	0.9244897959183673	0.955	
0.8976293103448276	0.9561797752808989	0.9359823399558499	0.9285714285714286	0.9173553719008265	0.9474789915966386	0.9375	0.9108761329305136	0.8961397058823529	0.9034926470588235	0.9273255813953488	0.32894736842105265	0.8887755102040816	0	0.8916666666666667	0.9338235294117647	0.9126838235294118	0.9540441176470589	0.9533678756476683	0.9282786885245902	0.9393382352941176	0.9246575342465754	0.926056338028169	0.9932885906040269	0.9926470588235294	0.9227941176470589	0.924119241192412	0.9255514705882353	0.9126838235294118	0.9512867647058824	0.95125	
0.8654761904761905	0.9523809523809523	0.9345238095238095	0.9334975369458128	0.9226190476190477	0.8809523809523809	0.9119047619047619	0.8942598187311178	0.8964285714285715	0.8595238095238096	0.9357142857142857	0.9572368421052632	0.0	0.8916666666666667	0	0.8869047619047619	0.8928571428571429	0.9226190476190477	0.9464285714285714	0.9011904761904762	0.875	0.8892857142857142	0.9273809523809524	0.9932885906040269	0.9892857142857143	0.944047619047619	0.9349593495934959	0.9142857142857143	0.8654761904761905	0.9119047619047619	0.955	
0.915948275862069	0.9651685393258427	0.9646799116997793	0.9495073891625616	0.9607438016528925	0.9495798319327731	0.9525462962962963	0.9395770392749244	0.9373390557939915	0.9360210341805434	0.9583333333333334	0.9901315789473685	0.8785714285714286	0.9338235294117647	0.8869047619047619	0	0.9473229706390328	0.9656652360515021	0.9658031088082901	0.9497950819672131	0.9484978540772532	0.9372146118721462	0.9565727699530516	1.0	1.0	0.9648068669527897	0.9607046070460704	0.9502145922746781	0.9381974248927039	0.9579399141630901	0.9675	
0.9342672413793104	0.9595505617977528	0.9249448123620309	0.9384236453201971	0.9328512396694215	0.9180672268907563	0.9155092592592593	0.8867069486404834	0.8877374784110535	0.8860648553900088	0.937984496124031	0.9671052631578947	0.8979591836734694	0.9126838235294118	0.8928571428571429	0.9473229706390328	0	0.9447322970639033	0.9471502590673575	0.9344262295081968	0.9447322970639033	0.9029680365296804	0.9413145539906104	0.9932885906040269	0.9930915371329879	0.9196891191709845	0.9281842818428184	0.9412780656303973	0.8756476683937824	0.9378238341968912	0.95375	
0.9342672413793104	0.9876404494382023	0.9470198675496688	0.9408866995073891	0.9545454545454546	0.944327731092437	0.9606481481481481	0.8836858006042296	0.9598290598290599	0.9491673970201577	0.9554263565891473	1.0	0.9295918367346939	0.9540441176470589	0.9226190476190477	0.9656652360515021	0.9447322970639033	0	0.9689119170984456	0.9549180327868853	0.9376053962900506	0.9166666666666666	0.971830985915493	0.9932885906040269	1.0	0.9629005059021922	0.940379403794038	0.9578414839797639	0.9266441821247892	0.945193929173693	0.9675	
0.9504310344827587	0.9707865168539326	0.9514348785871964	0.9445812807881774	0.9512953367875647	0.9474789915966386	0.9236111111111112	0.9305135951661632	0.950259067357513	0.9450777202072539	0.960621761658031	1.0	0.9533678756476683	0.9533678756476683	0.9464285714285714	0.9658031088082901	0.9471502590673575	0.9689119170984456	0	0.9461139896373058	0.9533678756476683	0.9474885844748858	0.9330985915492958	1.0	0.9917098445595854	0.9544041450777202	0.9376693766937669	0.9512953367875647	0.9523316062176166	0.9544041450777202	0.97625	
0.9213362068965517	0.9674157303370786	0.9503311258278145	0.9495073891625616	0.9380165289256198	0.9369747899159664	0.9467592592592593	0.9078549848942599	0.9395491803278688	0.9129098360655737	0.9395491803278688	1.0	0.9077868852459017	0.9282786885245902	0.9011904761904762	0.9497950819672131	0.9344262295081968	0.9549180327868853	0.9461139896373058	0	0.9252049180327869	0.9200913242009132	0.8767605633802817	0.9932885906040269	0.9774590163934426	0.9375	0.943089430894309	0.9272540983606558	0.8954918032786885	0.9344262295081968	0.95875	
0.8976293103448276	0.9696629213483146	0.9061810154525386	0.9088669950738916	0.9173553719008265	0.9191176470588235	0.9074074074074074	0.850453172205438	0.9384615384615385	0.9325153374233128	0.9573643410852714	0.9901315789473685	0.8928571428571429	0.9393382352941176	0.875	0.9484978540772532	0.9447322970639033	0.9376053962900506	0.9533678756476683	0.9252049180327869	0	0.8789954337899544	0.9272300469483568	1.0	0.993421052631579	0.956140350877193	0.9065040650406504	0.9341021416803954	0.9074960127591707	0.9346092503987241	0.96625	
0.8835616438356164	0.9680365296803652	0.9200913242009132	0.9174876847290641	0.8755707762557078	0.9098173515981736	0.9375	0.8655589123867069	0.9006849315068494	0.9052511415525114	0.9486301369863014	1.0	0.8938356164383562	0.9246575342465754	0.8892857142857142	0.9372146118721462	0.9029680365296804	0.9166666666666666	0.9474885844748858	0.9200913242009132	0.8789954337899544	0	0.9413145539906104	1.0	0.9908675799086758	0.9235159817351598	0.9146341463414634	0.9052511415525114	0.13356164383561644	0.889269406392694	0.96625	
0.9107981220657277	0.9647887323943662	0.9436619718309859	0.9470443349753694	0.9448356807511737	0.9448356807511737	0.9507042253521126	0.9108761329305136	0.9342723004694836	0.9154929577464789	0.9589201877934272	1.0	0.9284037558685446	0.926056338028169	0.9273809523809524	0.9565727699530516	0.9413145539906104	0.971830985915493	0.9330985915492958	0.8767605633802817	0.9272300469483568	0.9413145539906104	0	1.0	0.9800469483568075	0.9413145539906104	0.9444444444444444	0.9471830985915493	0.9413145539906104	0.9495305164319249	0.97375	
1.0	1.0	1.0	1.0	1.0	1.0	1.0	1.0	1.0	0.9932885906040269	0.9932885906040269	1.0	0.9932885906040269	0.9932885906040269	0.9932885906040269	1.0	0.9932885906040269	0.9932885906040269	1.0	0.9932885906040269	1.0	1.0	1.0	0	1.0	0.9932885906040269	1.0	1.0	0.9932885906040269	1.0	0.9932885906040269	
0.9913793103448276	0.9910112359550561	0.9922737306843267	0.9876847290640394	0.9907024793388429	0.9821428571428571	0.9895833333333334	0.9879154078549849	0.9931623931623932	0.9921121822962313	1.0	1.0	0.9908163265306122	0.9926470588235294	0.9892857142857143	1.0	0.9930915371329879	1.0	0.9917098445595854	0.9774590163934426	0.993421052631579	0.9908675799086758	0.9800469483568075	1.0	0	0.9925986842105263	0.9878048780487805	0.9934102141680395	0.993421052631579	0.993421052631579	1.0	
0.9375	0.9617977528089887	0.9381898454746137	0.9298029556650246	0.9411157024793388	0.9527310924369747	0.9432870370370371	0.9093655589123867	0.9401709401709402	0.9281332164767747	0.938953488372093	1.0	0.9316326530612244	0.9227941176470589	0.944047619047619	0.9648068669527897	0.9196891191709845	0.9629005059021922	0.9544041450777202	0.9375	0.956140350877193	0.9235159817351598	0.9413145539906104	0.9932885906040269	0.9925986842105263	0	0.926829268292683	0.9406919275123559	0.9161538461538462	0.963076923076923	0.9625	
0.924119241192412	0.9634146341463414	0.8821138211382114	0.9227642276422764	0.9105691056910569	0.924119241192412	0.9281842818428184	0.8972809667673716	0.9336043360433605	0.9254742547425474	0.9363143631436315	1.0	0.9349593495934959	0.924119241192412	0.9349593495934959	0.9607046070460704	0.9281842818428184	0.940379403794038	0.9376693766937669	0.943089430894309	0.9065040650406504	0.9146341463414634	0.9444444444444444	1.0	0.9878048780487805	0.926829268292683	0	0.9254742547425474	0.9146341463414634	0.924119241192412	0.962059620596206	
0.9019396551724138	0.9707865168539326	0.9337748344370861	0.9298029556650246	0.9338842975206612	0.9411764705882353	0.9409722222222222	0.8821752265861027	0.935042735042735	0.9263803680981595	0.9525193798449613	1.0	0.926530612244898	0.9255514705882353	0.9142857142857143	0.9502145922746781	0.9412780656303973	0.9578414839797639	0.9512953367875647	0.9272540983606558	0.9341021416803954	0.9052511415525114	0.9471830985915493	1.0	0.9934102141680395	0.9406919275123559	0.9254742547425474	0	0.9258649093904449	0.9299835255354201	0.97	
0.8900862068965517	0.9685393258426966	0.9227373068432672	0.9174876847290641	0.887396694214876	0.917016806722689	0.9375	0.8655589123867069	0.9136752136752136	0.8606485539000877	0.938953488372093	1.0	0.863265306122449	0.9126838235294118	0.8654761904761905	0.9381974248927039	0.8756476683937824	0.9266441821247892	0.9523316062176166	0.8954918032786885	0.9074960127591707	0.13356164383561644	0.9413145539906104	0.9932885906040269	0.993421052631579	0.9161538461538462	0.9146341463414634	0.9258649093904449	0	0.9295058139534884	0.95625	
0.9137931034482759	0.9696629213483146	0.9282560706401766	0.9359605911330049	0.9183884297520661	0.9401260504201681	0.9398148148148148	0.8927492447129909	0.9384615384615385	0.9430324276950044	0.9583333333333334	1.0	0.9244897959183673	0.9512867647058824	0.9119047619047619	0.9579399141630901	0.9378238341968912	0.945193929173693	0.9544041450777202	0.9344262295081968	0.9346092503987241	0.889269406392694	0.9495305164319249	1.0	0.993421052631579	0.963076923076923	0.924119241192412	0.9299835255354201	0.9295058139534884	0	0.96625	
0.975	0.94625	0.955	0.97	0.95125	0.9625	0.9625	0.9607250755287009	0.96125	0.96875	0.85375	1.0	0.955	0.95125	0.955	0.9675	0.95375	0.9675	0.97625	0.95875	0.96625	0.96625	0.97375	0.9932885906040269	1.0	0.9625	0.962059620596206	0.97	0.95625	0.96625	0	
