0	0.9388412017167382	0.9592274678111588	0.9751958224543081	0.9452789699570815	0.9130901287553648	0.9388412017167382	0.9291845493562232	0.8937768240343348	0.9431330472103004	0.9334763948497854	0.9356223175965666	0.9409871244635193	0.9302575107296137	0.9721030042918455	0.9302575107296137	0.9753218884120172	0.9302575107296137	0.9356223175965666	0.9259656652360515	0.9059561128526645	0.9334763948497854	1.0	0.9667381974248928	0.8910505836575876	0.9313304721030042	0.9152360515021459	0.9345493562231759	0.9645922746781116	0.9463519313304721	0.9474248927038627	0.9366952789699571	0.9345493562231759	0.927038626609442	
0.9388412017167382	0	0.9629629629629629	0.9699738903394256	0.960552268244576	0.9329388560157791	0.9161735700197239	0.9467455621301775	0.9388560157790927	0.9240631163708086	0.9181459566074951	0.9487179487179487	0.8984220907297831	0.9250493096646942	0.9842209072978304	0.9211045364891519	0.97534516765286	0.924	0.9329388560157791	0.9408284023668639	0.8934169278996865	0.9112426035502958	1.0	0.9832347140039448	0.867704280155642	0.9358974358974359	0.9437869822485208	0.9358974358974359	0.9822485207100592	0.9635108481262328	0.9388560157790927	0.9358974358974359	0.9358974358974359	0.9211045364891519	
0.9592274678111588	0.9629629629629629	0	0.9556135770234987	0.9639917695473251	0.9567901234567902	0.9465020576131687	0.9434156378600823	0.9609053497942387	0.9557613168724279	0.9609053497942387	0.9516460905349794	0.9465020576131687	0.9444444444444444	0.9825102880658436	0.9444444444444444	0.9825102880658436	0.9444444444444444	0.9609053497942387	0.9629629629629629	0.9404388714733543	0.9465020576131687	1.0	0.9732510288065843	0.9260700389105059	0.9506172839506173	0.9300411522633745	0.9362139917695473	0.9742798353909465	0.9475308641975309	0.977366255144033	0.9300411522633745	0.9362139917695473	0.9423868312757202	
0.9751958224543081	0.9699738903394256	0.9556135770234987	0	0.9621409921671018	0.9686684073107049	0.9530026109660574	0.9621409921671018	0.9738903394255874	0.9503916449086162	0.9477806788511749	0.9451697127937336	0.9699738903394256	0.9530026109660574	0.9882506527415144	0.9425587467362925	0.9830287206266318	0.9530026109660574	0.9634464751958225	0.9621409921671018	0.9561128526645768	0.95822454308094	1.0	0.9712793733681462	0.9513618677042801	0.9699738903394256	0.9569190600522193	0.9503916449086162	0.9673629242819843	0.9490861618798956	0.9556135770234987	0.9647519582245431	0.9503916449086162	0.9686684073107049	
0.9452789699570815	0.960552268244576	0.9639917695473251	0.9621409921671018	0	0.9442307692307692	0.9317307692307693	0.9644230769230769	0.9432692307692307	0.9240384615384616	0.9413461538461538	0.9615384615384616	0.9211538461538461	0.9586538461538462	0.9807692307692307	0.9634615384615385	0.9875	0.957	0.9596153846153846	0.9567307692307693	0.9341692789968652	0.9394230769230769	1.0	0.9730769230769231	0.9260700389105059	0.9519230769230769	0.925	0.9625	0.9692307692307692	0.9625	0.9615384615384616	0.9298076923076923	0.9625	0.9461538461538461	
0.9130901287553648	0.9329388560157791	0.9567901234567902	0.9686684073107049	0.9442307692307692	0	0.8981981981981982	0.9459459459459459	0.9183673469387755	0.9261261261261261	0.9171171171171171	0.9153153153153153	0.9207207207207208	0.9315315315315316	0.9765765765765766	0.9315315315315316	0.9702702702702702	0.936	0.93646408839779	0.9198198198198199	0.8934169278996865	0.9126126126126126	1.0	0.9495495495495495	0.8813229571984436	0.9243243243243243	0.918018018018018	0.909009009009009	0.9690909090909091	0.9558558558558559	0.9504504504504504	0.9495495495495495	0.909009009009009	0.9171171171171171	
0.9388412017167382	0.9161735700197239	0.9465020576131687	0.9530026109660574	0.9317307692307693	0.8981981981981982	0	0.9381443298969072	0.9461966604823747	0.9278350515463918	0.8986254295532646	0.8625429553264605	0.8917525773195877	0.9106529209621993	0.9733676975945017	0.9123711340206185	0.9604810996563574	0.91	0.9244935543278084	0.9192439862542955	0.8761755485893417	0.8969072164948454	1.0	0.9432989690721649	0.8832684824902723	0.936426116838488	0.9235395189003437	0.9106529209621993	0.9672727272727273	0.9570446735395189	0.9570446735395189	0.9381443298969072	0.9106529209621993	0.9166666666666666	
0.9291845493562232	0.9467455621301775	0.9434156378600823	0.9621409921671018	0.9644230769230769	0.9459459459459459	0.9381443298969072	0	0.9359925788497218	0.9496644295302014	0.9454697986577181	0.9177852348993288	0.9496644295302014	0.9286912751677853	0.9723154362416108	0.9471476510067114	0.9807046979865772	0.923	0.9383057090239411	0.959731543624161	0.8949843260188087	0.9496644295302014	1.0	0.9530201342281879	0.8871595330739299	0.9119127516778524	0.9446308724832215	0.9010067114093959	0.9709090909090909	0.947986577181208	0.9723154362416108	0.9454697986577181	0.9085570469798657	0.9295302013422819	
0.8937768240343348	0.9388560157790927	0.9609053497942387	0.9738903394255874	0.9432692307692307	0.9183673469387755	0.9461966604823747	0.9359925788497218	0	0.9471243042671614	0.9387755102040817	0.937847866419295	0.9406307977736549	0.9387755102040817	0.9758812615955473	0.9387755102040817	0.9786641929499073	0.934	0.9202226345083488	0.9387755102040817	0.8652037617554859	0.9397031539888683	1.0	0.961038961038961	0.8463035019455253	0.9155844155844156	0.9155844155844156	0.9369202226345084	0.9628942486085343	0.9545454545454546	0.9415584415584416	0.9294990723562152	0.9369202226345084	0.9322820037105751	
0.9431330472103004	0.9240631163708086	0.9557613168724279	0.9503916449086162	0.9240384615384616	0.9261261261261261	0.9278350515463918	0.9496644295302014	0.9471243042671614	0	0.8619246861924686	0.9200298953662183	0.871875	0.9063860667634253	0.9795436664044059	0.9527665317139001	0.9736024844720497	0.909	0.9152854511970534	0.9388888888888889	0.8652037617554859	0.9343283582089552	1.0	0.9606481481481481	0.8463035019455253	0.9298737727910238	0.9435351882160393	0.9194847020933977	0.9681818181818181	0.9627906976744186	0.9609164420485176	0.9512855209742895	0.9443620178041543	0.9295865633074936	
0.9334763948497854	0.9181459566074951	0.9609053497942387	0.9477806788511749	0.9413461538461538	0.9171171171171171	0.8986254295532646	0.9454697986577181	0.9387755102040817	0.8619246861924686	0	0.9260089686098655	0.86796875	0.9100145137880987	0.9795436664044059	0.9442119944211994	0.9821428571428571	0.907	0.8756906077348067	0.9198412698412698	0.7931034482758621	0.9283582089552239	1.0	0.9529320987654321	0.7529182879377432	0.9319775596072931	0.936988543371522	0.9243156199677939	0.9663636363636363	0.9596899224806201	0.9574616457461645	0.9574616457461645	0.9436201780415431	0.9260808926080892	
0.9356223175965666	0.9487179487179487	0.9516460905349794	0.9451697127937336	0.9615384615384616	0.9153153153153153	0.8625429553264605	0.9177852348993288	0.937847866419295	0.9200298953662183	0.9260089686098655	0	0.928125	0.9260089686098655	0.963021243115657	0.9372197309417041	0.9572981366459627	0.922	0.921731123388582	0.9087301587301587	0.8667711598746082	0.9379671150971599	1.0	0.9382716049382716	0.8754863813229572	0.9252615844544095	0.9468085106382979	0.895330112721417	0.9672727272727273	0.9558139534883721	0.9753363228699552	0.9551569506726457	0.9080717488789237	0.9282511210762332	
0.9409871244635193	0.8984220907297831	0.9465020576131687	0.9699738903394256	0.9211538461538461	0.9207207207207208	0.8917525773195877	0.9496644295302014	0.9406307977736549	0.871875	0.86796875	0.928125	0	0.91328125	0.983477576711251	0.9296875	0.9859375	0.9	0.8904235727440147	0.930952380952381	0.8150470219435737	0.91328125	1.0	0.9578125	0.7782101167315175	0.9296875	0.9050736497545008	0.9323671497584541	0.97	0.96015625	0.959375	0.9421875	0.934375	0.928125	
0.9302575107296137	0.9250493096646942	0.9444444444444444	0.9530026109660574	0.9586538461538462	0.9315315315315316	0.9106529209621993	0.9286912751677853	0.9387755102040817	0.9063860667634253	0.9100145137880987	0.9260089686098655	0.91328125	0	0.978756884343037	0.9252539912917271	0.9813664596273292	0.04	0.9134438305709024	0.9349206349206349	0.8526645768025078	0.9261194029850747	1.0	0.9452160493827161	0.830739299610895	0.9238026124818578	0.955810147299509	0.8977455716586151	0.9672727272727273	0.9542635658914729	0.9702467343976778	0.95355587808418	0.9176557863501483	0.9252539912917271	
0.9721030042918455	0.9842209072978304	0.9825102880658436	0.9882506527415144	0.9807692307692307	0.9765765765765766	0.9733676975945017	0.9723154362416108	0.9758812615955473	0.9795436664044059	0.9795436664044059	0.963021243115657	0.983477576711251	0.978756884343037	0	0.978756884343037	0.6223446105428796	0.973	0.9760589318600368	0.9793650793650793	0.9592476489028213	0.978756884343037	1.0	0.978756884343037	0.953307392996109	0.9740361919748229	0.983633387888707	0.9782608695652174	0.9818181818181818	0.982690794649882	0.988198269079465	0.9795436664044059	0.978756884343037	0.9795436664044059	
0.9302575107296137	0.9211045364891519	0.9444444444444444	0.9425587467362925	0.9634615384615385	0.9315315315315316	0.9123711340206185	0.9471476510067114	0.9387755102040817	0.9527665317139001	0.9442119944211994	0.9372197309417041	0.9296875	0.9252539912917271	0.978756884343037	0	0.9774844720496895	0.907	0.9373848987108656	0.9293650793650794	0.8934169278996865	0.9156716417910448	1.0	0.9629629629629629	0.8754863813229572	0.9186535764375876	0.9500818330605565	0.8961352657004831	0.9690909090909091	0.9604651162790697	0.9757085020242915	0.956021650879567	0.9043026706231454	0.9331983805668016	
0.9753218884120172	0.97534516765286	0.9825102880658436	0.9830287206266318	0.9875	0.9702702702702702	0.9604810996563574	0.9807046979865772	0.9786641929499073	0.9736024844720497	0.9821428571428571	0.9572981366459627	0.9859375	0.9813664596273292	0.6223446105428796	0.9774844720496895	0	0.976	0.9788213627992634	0.9801587301587301	0.9639498432601881	0.9790372670807453	1.0	0.9875776397515528	0.9552529182879378	0.9767080745341615	0.986088379705401	0.9782608695652174	0.9863636363636363	0.9875776397515528	0.9821428571428571	0.9813664596273292	0.9790372670807453	0.9821428571428571	
0.9302575107296137	0.924	0.9444444444444444	0.9530026109660574	0.957	0.936	0.91	0.923	0.934	0.909	0.907	0.922	0.9	0.04	0.973	0.907	0.976	0	0.906	0.934	0.8526645768025078	0.913	1.0	0.956	0.830739299610895	0.922	0.946	0.916	0.964	0.941	0.959	0.936	0.916	0.919	
0.9356223175965666	0.9329388560157791	0.9609053497942387	0.9634464751958225	0.9596153846153846	0.93646408839779	0.9244935543278084	0.9383057090239411	0.9202226345083488	0.9152854511970534	0.8756906077348067	0.921731123388582	0.8904235727440147	0.9134438305709024	0.9760589318600368	0.9373848987108656	0.9788213627992634	0.906	0	0.9152854511970534	0.0	0.9373848987108656	1.0	0.9419889502762431	0.0	0.9383057090239411	0.9502762430939227	0.929097605893186	0.9604051565377533	0.9521178637200737	0.9613259668508287	0.9410681399631676	0.921731123388582	0.9337016574585635	
0.9259656652360515	0.9408284023668639	0.9629629629629629	0.9621409921671018	0.9567307692307693	0.9198198198198199	0.9192439862542955	0.959731543624161	0.9387755102040817	0.9388888888888889	0.9198412698412698	0.9087301587301587	0.930952380952381	0.9349206349206349	0.9793650793650793	0.9293650793650794	0.9801587301587301	0.934	0.9152854511970534	0	0.8761755485893417	0.9388888888888889	1.0	0.957936507936508	0.8560311284046692	0.9365079365079365	0.9492635024549918	0.9331723027375202	0.9718181818181818	0.9563492063492064	0.9682539682539683	0.9388888888888889	0.926984126984127	0.9349206349206349	
0.9059561128526645	0.8934169278996865	0.9404388714733543	0.9561128526645768	0.9341692789968652	0.8934169278996865	0.8761755485893417	0.8949843260188087	0.8652037617554859	0.8652037617554859	0.7931034482758621	0.8667711598746082	0.8150470219435737	0.8526645768025078	0.9592476489028213	0.8934169278996865	0.9639498432601881	0.8526645768025078	0.0	0.8761755485893417	0	0.8934169278996865	1.0	0.9028213166144201	0.0	0.8949843260188087	0.9153605015673981	0.8840125391849529	0.932601880877743	0.9184952978056427	0.9341692789968652	0.8996865203761756	0.8840125391849529	0.8871473354231975	
0.9334763948497854	0.9112426035502958	0.9465020576131687	0.95822454308094	0.9394230769230769	0.9126126126126126	0.8969072164948454	0.9496644295302014	0.9397031539888683	0.9343283582089552	0.9283582089552239	0.9379671150971599	0.91328125	0.9261194029850747	0.978756884343037	0.9156716417910448	0.9790372670807453	0.913	0.9373848987108656	0.9388888888888889	0.8934169278996865	0	1.0	0.9513888888888888	0.8832684824902723	0.9313432835820895	0.9328968903436988	0.9210950080515298	0.9718181818181818	0.9658914728682171	0.9485074626865672	0.9156716417910448	0.926865671641791	0.908955223880597	
1.0	1.0	1.0	1.0	1.0	1.0	1.0	1.0	1.0	1.0	1.0	1.0	1.0	1.0	1.0	1.0	1.0	1.0	1.0	1.0	1.0	1.0	0	1.0	1.0	1.0	1.0	1.0	1.0	1.0	1.0	1.0	1.0	1.0	
0.9667381974248928	0.9832347140039448	0.9732510288065843	0.9712793733681462	0.9730769230769231	0.9495495495495495	0.9432989690721649	0.9530201342281879	0.961038961038961	0.9606481481481481	0.9529320987654321	0.9382716049382716	0.9578125	0.9452160493827161	0.978756884343037	0.9629629629629629	0.9875776397515528	0.956	0.9419889502762431	0.957936507936508	0.9028213166144201	0.9513888888888888	1.0	0	0.9163424124513618	0.9452160493827161	0.9639934533551555	0.9420289855072463	0.9745454545454545	0.9736434108527132	0.9845679012345679	0.9745370370370371	0.9444444444444444	0.9537037037037037	
0.8910505836575876	0.867704280155642	0.9260700389105059	0.9513618677042801	0.9260700389105059	0.8813229571984436	0.8832684824902723	0.8871595330739299	0.8463035019455253	0.8463035019455253	0.7529182879377432	0.8754863813229572	0.7782101167315175	0.830739299610895	0.953307392996109	0.8754863813229572	0.9552529182879378	0.830739299610895	0.0	0.8560311284046692	0.0	0.8832684824902723	1.0	0.9163424124513618	0	0.8832684824902723	0.9085603112840467	0.8910505836575876	0.9319066147859922	0.9066147859922179	0.9182879377431906	0.8852140077821011	0.8910505836575876	0.8793774319066148	
0.9313304721030042	0.9358974358974359	0.9506172839506173	0.9699738903394256	0.9519230769230769	0.9243243243243243	0.936426116838488	0.9119127516778524	0.9155844155844156	0.9298737727910238	0.9319775596072931	0.9252615844544095	0.9296875	0.9238026124818578	0.9740361919748229	0.9186535764375876	0.9767080745341615	0.922	0.9383057090239411	0.9365079365079365	0.8949843260188087	0.9313432835820895	1.0	0.9452160493827161	0.8832684824902723	0	0.9402618657937807	0.8896940418679549	0.9672727272727273	0.9511627906976744	0.9698457223001402	0.9284712482468443	0.9080118694362018	0.8899018232819075	
0.9152360515021459	0.9437869822485208	0.9300411522633745	0.9569190600522193	0.925	0.918018018018018	0.9235395189003437	0.9446308724832215	0.9155844155844156	0.9435351882160393	0.936988543371522	0.9468085106382979	0.9050736497545008	0.955810147299509	0.983633387888707	0.9500818330605565	0.986088379705401	0.946	0.9502762430939227	0.9492635024549918	0.9153605015673981	0.9328968903436988	1.0	0.9639934533551555	0.9085603112840467	0.9402618657937807	0	0.9500818330605565	0.9672727272727273	0.9639934533551555	0.9639934533551555	0.9451718494271686	0.9500818330605565	0.9361702127659575	
0.9345493562231759	0.9358974358974359	0.9362139917695473	0.9503916449086162	0.9625	0.909009009009009	0.9106529209621993	0.9010067114093959	0.9369202226345084	0.9194847020933977	0.9243156199677939	0.895330112721417	0.9323671497584541	0.8977455716586151	0.9782608695652174	0.8961352657004831	0.9782608695652174	0.916	0.929097605893186	0.9331723027375202	0.8840125391849529	0.9210950080515298	1.0	0.9420289855072463	0.8910505836575876	0.8896940418679549	0.9500818330605565	0	0.9681818181818181	0.9524959742351047	0.9677938808373591	0.9339774557165862	0.07326892109500806	0.9057971014492754	
0.9645922746781116	0.9822485207100592	0.9742798353909465	0.9673629242819843	0.9692307692307692	0.9690909090909091	0.9672727272727273	0.9709090909090909	0.9628942486085343	0.9681818181818181	0.9663636363636363	0.9672727272727273	0.97	0.9672727272727273	0.9818181818181818	0.9690909090909091	0.9863636363636363	0.964	0.9604051565377533	0.9718181818181818	0.932601880877743	0.9718181818181818	1.0	0.9745454545454545	0.9319066147859922	0.9672727272727273	0.9672727272727273	0.9681818181818181	0	0.97	0.9863636363636363	0.97	0.9681818181818181	0.97	
0.9463519313304721	0.9635108481262328	0.9475308641975309	0.9490861618798956	0.9625	0.9558558558558559	0.9570446735395189	0.947986577181208	0.9545454545454546	0.9627906976744186	0.9596899224806201	0.9558139534883721	0.96015625	0.9542635658914729	0.982690794649882	0.9604651162790697	0.9875776397515528	0.941	0.9521178637200737	0.9563492063492064	0.9184952978056427	0.9658914728682171	1.0	0.9736434108527132	0.9066147859922179	0.9511627906976744	0.9639934533551555	0.9524959742351047	0.97	0	0.9782945736434109	0.9658914728682171	0.9542635658914729	0.962015503875969	
0.9474248927038627	0.9388560157790927	0.977366255144033	0.9556135770234987	0.9615384615384616	0.9504504504504504	0.9570446735395189	0.9723154362416108	0.9415584415584416	0.9609164420485176	0.9574616457461645	0.9753363228699552	0.959375	0.9702467343976778	0.988198269079465	0.9757085020242915	0.9821428571428571	0.959	0.9613259668508287	0.9682539682539683	0.9341692789968652	0.9485074626865672	1.0	0.9845679012345679	0.9182879377431906	0.9698457223001402	0.9639934533551555	0.9677938808373591	0.9863636363636363	0.9782945736434109	0	0.9702300405953992	0.9703264094955489	0.9582210242587601	
0.9366952789699571	0.9358974358974359	0.9300411522633745	0.9647519582245431	0.9298076923076923	0.9495495495495495	0.9381443298969072	0.9454697986577181	0.9294990723562152	0.9512855209742895	0.9574616457461645	0.9551569506726457	0.9421875	0.95355587808418	0.9795436664044059	0.956021650879567	0.9813664596273292	0.936	0.9410681399631676	0.9388888888888889	0.8996865203761756	0.9156716417910448	1.0	0.9745370370370371	0.8852140077821011	0.9284712482468443	0.9451718494271686	0.9339774557165862	0.97	0.9658914728682171	0.9702300405953992	0	0.9391691394658753	0.9451962110960758	
0.9345493562231759	0.9358974358974359	0.9362139917695473	0.9503916449086162	0.9625	0.909009009009009	0.9106529209621993	0.9085570469798657	0.9369202226345084	0.9443620178041543	0.9436201780415431	0.9080717488789237	0.934375	0.9176557863501483	0.978756884343037	0.9043026706231454	0.9790372670807453	0.916	0.921731123388582	0.926984126984127	0.8840125391849529	0.926865671641791	1.0	0.9444444444444444	0.8910505836575876	0.9080118694362018	0.9500818330605565	0.07326892109500806	0.9681818181818181	0.9542635658914729	0.9703264094955489	0.9391691394658753	0	0.9198813056379822	
0.927038626609442	0.9211045364891519	0.9423868312757202	0.9686684073107049	0.9461538461538461	0.9171171171171171	0.9166666666666666	0.9295302013422819	0.9322820037105751	0.9295865633074936	0.9260808926080892	0.9282511210762332	0.928125	0.9252539912917271	0.9795436664044059	0.9331983805668016	0.9821428571428571	0.919	0.9337016574585635	0.9349206349206349	0.8871473354231975	0.908955223880597	1.0	0.9537037037037037	0.8793774319066148	0.8899018232819075	0.9361702127659575	0.9057971014492754	0.97	0.962015503875969	0.9582210242587601	0.9451962110960758	0.9198813056379822	0	
