0	0.9638297872340426	0.9617021276595744	0.9723404255319149	0.948936170212766	0.9829787234042553	0.9148936170212766	
0.9638297872340426	0	0.9353448275862069	0.9399441340782123	0.9231843575418994	0.952513966480447	0.9539106145251397	
0.9617021276595744	0.9353448275862069	0	0.9540229885057471	0.9655172413793104	0.9827586206896551	0.9583333333333334	
0.9723404255319149	0.9399441340782123	0.9540229885057471	0	0.9434889434889435	0.9114583333333334	0.9875	
0.948936170212766	0.9231843575418994	0.9655172413793104	0.9434889434889435	0	0.9361979166666666	0.9692874692874693	
0.9829787234042553	0.952513966480447	0.9827586206896551	0.9114583333333334	0.9361979166666666	0	0.9895833333333334	
0.9148936170212766	0.9539106145251397	0.9583333333333334	0.9875	0.9692874692874693	0.9895833333333334	0	
