0	0.9654654654654654	0.9789081885856079	0.9877384196185286	0.9546703296703297	0.9746031746031746	0.956575682382134	0.9416873449131513	0.9627791563275434	
0.9654654654654654	0	0.9669669669669669	0.987987987987988	0.9594594594594594	0.9936507936507937	0.9744744744744744	0.9504504504504504	0.9744744744744744	
0.9789081885856079	0.9669669669669669	0	0.9795640326975477	0.9519230769230769	0.9936507936507937	0.9815724815724816	0.9778869778869779	0.972972972972973	
0.9877384196185286	0.987987987987988	0.9795640326975477	0	0.989010989010989	0.9984126984126984	0.9577656675749319	0.9727520435967303	0.989100817438692	
0.9546703296703297	0.9594594594594594	0.9519230769230769	0.989010989010989	0	0.9793650793650793	0.9478021978021978	0.9409340659340659	0.9464285714285714	
0.9746031746031746	0.9936507936507937	0.9936507936507937	0.9984126984126984	0.9793650793650793	0	0.9714285714285714	0.9682539682539683	0.9809523809523809	
0.956575682382134	0.9744744744744744	0.9815724815724816	0.9577656675749319	0.9478021978021978	0.9714285714285714	0	0.9330708661417323	0.9565619223659889	
0.9416873449131513	0.9504504504504504	0.9778869778869779	0.9727520435967303	0.9409340659340659	0.9682539682539683	0.9330708661417323	0	0.9714566929133859	
0.9627791563275434	0.9744744744744744	0.972972972972973	0.989100817438692	0.9464285714285714	0.9809523809523809	0.9565619223659889	0.9714566929133859	0	
