0	0.9910714285714286	0.9888392857142857	0.9732142857142857	0.96875	0.96875	
0.9910714285714286	0	0.9431818181818182	0.9987714987714987	0.9852579852579852	0.9766584766584766	
0.9888392857142857	0.9431818181818182	0	0.9886363636363636	0.9659090909090909	0.9772727272727273	
0.9732142857142857	0.9987714987714987	0.9886363636363636	0	0.9774774774774775	0.9752252252252253	
0.96875	0.9852579852579852	0.9659090909090909	0.9774774774774775	0	0.9666666666666667	
0.96875	0.9766584766584766	0.9772727272727273	0.9752252252252253	0.9666666666666667	0	
