0	0.9363817097415507	0.9433399602385686	0.9314115308151093	0.9085487077534792	0.9314115308151093	0.9363817097415507	0.8855421686746988	0.9183673469387755	0.96415770609319	0.9298245614035088	0.9696969696969697	0.9264413518886679	0.941351888667992	0.9291666666666667	0.9403578528827038	0.9075546719681908	0.9645892351274787	0.952286282306163	0.9403578528827038	0.9055666003976143	0.952286282306163	0.9363817097415507	0.9174950298210736	0.9224652087475149	0.9294234592445328	0.9274353876739563	0.9333996023856859	0.9473161033797217	0.9343936381709742	0.9622266401590457	0.9333996023856859	0.9125248508946322	0.9191489361702128	
0.9363817097415507	0	0.943502824858757	0.884180790960452	0.8851224105461394	0.8634651600753296	0.9013671875	0.8566265060240964	0.9256559766763849	0.9372759856630825	0.8824561403508772	0.9199134199134199	0.8879472693032016	0.9068627450980392	0.8989583333333333	0.8879472693032016	0.896421845574388	0.9518413597733711	0.9369114877589454	0.9048964218455744	0.8898305084745762	0.935823754789272	0.89924670433145	0.8851224105461394	0.8587570621468926	0.9218455743879472	0.8973634651600754	0.8757062146892656	0.9096045197740112	0.9001883239171374	0.9378531073446328	0.8578154425612052	0.8822975517890772	0.8957446808510638	
0.9433399602385686	0.943502824858757	0	0.9432432432432433	0.9378378378378378	0.9468468468468468	0.939453125	0.9289156626506024	0.9154518950437318	0.978494623655914	0.9368421052631579	0.974025974025974	0.9468468468468468	0.9362745098039216	0.9333333333333333	0.9459459459459459	0.9531531531531532	0.9660056657223796	0.9531531531531532	0.9414414414414415	0.9477477477477477	0.9501915708812261	0.9351351351351351	0.9486486486486486	0.9396396396396396	0.945045045045045	0.945045045045045	0.9459459459459459	0.945045045045045	0.9333333333333333	0.9621621621621622	0.9432432432432433	0.9324324324324325	0.9446808510638298	
0.9314115308151093	0.884180790960452	0.9432432432432433	0	0.9152249134948097	0.8900343642611683	0.9091796875	0.8686746987951808	0.8790087463556852	0.9139784946236559	0.8631578947368421	0.9242424242424242	0.929553264604811	0.9068627450980392	0.8916666666666667	0.9201030927835051	0.9235395189003437	0.9674220963172805	0.9383928571428571	0.9201030927835051	0.9020618556701031	0.9339080459770115	0.9089347079037801	0.9166666666666666	0.9132302405498282	0.9183848797250859	0.9132302405498282	0.9140893470790378	0.9192439862542955	0.9020618556701031	0.9115120274914089	0.9097938144329897	0.9140893470790378	0.9159574468085107	
0.9085487077534792	0.8851224105461394	0.9378378378378378	0.9152249134948097	0	0.8711072664359861	0.8984375	0.8722891566265061	0.892128279883382	0.9444444444444444	0.8122807017543859	0.9134199134199135	0.9152249134948097	0.8990196078431373	0.896875	0.9282006920415224	0.9282006920415224	0.9674220963172805	0.9178571428571428	0.9178200692041523	0.8979238754325259	0.9118773946360154	0.8987889273356401	0.9057093425605537	0.8927335640138409	0.9048442906574394	0.9126297577854672	0.907439446366782	0.9091695501730104	0.9195501730103807	0.9264705882352942	0.8901384083044983	0.8901384083044983	0.8978723404255319	
0.9314115308151093	0.8634651600753296	0.9468468468468468	0.8900343642611683	0.8711072664359861	0	0.9111328125	0.8710843373493976	0.9096209912536443	0.946236559139785	0.8333333333333334	0.9199134199134199	0.9176672384219554	0.9058823529411765	0.8979166666666667	0.9262435677530018	0.9210977701543739	0.9688385269121813	0.9285714285714286	0.9168096054888508	0.8996569468267581	0.9233716475095786	0.9073756432246999	0.8953687821612349	0.9142367066895368	0.9219554030874786	0.902229845626072	0.8910806174957119	0.9236706689536878	0.91852487135506	0.934819897084048	0.888507718696398	0.9099485420240138	0.9010638297872341	
0.9363817097415507	0.9013671875	0.939453125	0.9091796875	0.8984375	0.9111328125	0	0.8771084337349397	0.922740524781341	0.946236559139785	0.8298245614035088	0.9242424242424242	0.91796875	0.9	0.8895833333333333	0.8740234375	0.91796875	0.9617563739376771	0.921875	0.8408203125	0.90625	0.921875	0.892578125	0.90625	0.8837890625	0.8828125	0.900390625	0.8935546875	0.9111328125	0.8876953125	0.9384765625	0.8935546875	0.90234375	0.898936170212766	
0.8855421686746988	0.8566265060240964	0.9289156626506024	0.8686746987951808	0.8722891566265061	0.8710843373493976	0.8771084337349397	0	0.9081632653061225	0.9336917562724014	0.8649122807017544	0.9112554112554112	0.9072289156626506	0.8891566265060241	0.8855421686746988	0.8795180722891566	0.8614457831325302	0.9560906515580736	0.9156626506024096	0.8759036144578313	0.846987951807229	0.9156626506024096	0.8759036144578313	0.8698795180722891	0.8855421686746988	0.8963855421686747	0.8698795180722891	0.8843373493975903	0.8963855421686747	0.8879518072289156	0.9156626506024096	0.8843373493975903	0.8542168674698796	0.9012048192771084	
0.9183673469387755	0.9256559766763849	0.9154518950437318	0.8790087463556852	0.892128279883382	0.9096209912536443	0.922740524781341	0.9081632653061225	0	1.0	0.9087719298245615	0.9567099567099567	0.924198250728863	0.9198250728862973	0.9271137026239067	0.8994169096209913	0.922740524781341	0.9620991253644315	0.9285714285714286	0.9300291545189504	0.9052478134110787	0.9285714285714286	0.9271137026239067	0.8760932944606414	0.924198250728863	0.922740524781341	0.9256559766763849	0.9081632653061225	0.9329446064139941	0.9212827988338192	0.9008746355685131	0.902332361516035	0.8965014577259475	0.9300291545189504	
0.96415770609319	0.9372759856630825	0.978494623655914	0.9139784946236559	0.9444444444444444	0.946236559139785	0.946236559139785	0.9336917562724014	1.0	0	0.9354838709677419	0.9329004329004329	0.974910394265233	0.9444444444444444	0.9390681003584229	0.9587813620071685	0.978494623655914	1.0	0.982078853046595	0.946236559139785	0.9444444444444444	0.982078853046595	0.9498207885304659	0.9354838709677419	0.9444444444444444	0.9516129032258065	0.899641577060932	0.9516129032258065	0.942652329749104	0.9444444444444444	0.9802867383512545	0.942652329749104	0.9336917562724014	0.9802867383512545	
0.9298245614035088	0.8824561403508772	0.9368421052631579	0.8631578947368421	0.8122807017543859	0.8333333333333334	0.8298245614035088	0.8649122807017544	0.9087719298245615	0.9354838709677419	0	0.9242424242424242	0.9017543859649123	0.856140350877193	0.856140350877193	0.887719298245614	0.9070175438596492	0.9543859649122807	0.9	0.8666666666666667	0.8666666666666667	0.9	0.8631578947368421	0.8543859649122807	0.8842105263157894	0.8421052631578947	0.8649122807017544	0.8824561403508772	0.8421052631578947	0.8719298245614036	0.9	0.8824561403508772	0.875438596491228	0.8912280701754386	
0.9696969696969697	0.9199134199134199	0.974025974025974	0.9242424242424242	0.9134199134199135	0.9199134199134199	0.9242424242424242	0.9112554112554112	0.9567099567099567	0.9329004329004329	0.9242424242424242	0	0.961038961038961	0.9242424242424242	0.922077922077922	0.9588744588744589	0.961038961038961	0.9978354978354979	0.961038961038961	0.9242424242424242	0.922077922077922	0.961038961038961	0.9177489177489178	0.9242424242424242	0.9242424242424242	0.9177489177489178	0.9134199134199135	0.9155844155844156	0.9242424242424242	0.9242424242424242	0.948051948051948	0.9155844155844156	0.9177489177489178	0.961038961038961	
0.9264413518886679	0.8879472693032016	0.9468468468468468	0.929553264604811	0.9152249134948097	0.9176672384219554	0.91796875	0.9072289156626506	0.924198250728863	0.974910394265233	0.9017543859649123	0.961038961038961	0	0.9235294117647059	0.9104166666666667	0.9352134146341463	0.8739279588336192	0.9490084985835694	0.8803571428571428	0.9362818590704648	0.926829268292683	0.8773946360153256	0.9006211180124224	0.9296551724137931	0.9046961325966851	0.94375	0.9457417582417582	0.9247135842880524	0.9318181818181818	0.9155290102389079	0.9612005856515373	0.9306318681318682	0.9407988587731811	0.7627659574468085	
0.941351888667992	0.9068627450980392	0.9362745098039216	0.9068627450980392	0.8990196078431373	0.9058823529411765	0.9	0.8891566265060241	0.9198250728862973	0.9444444444444444	0.856140350877193	0.9242424242424242	0.9235294117647059	0	0.8583333333333333	0.9127450980392157	0.9254901960784314	0.9688385269121813	0.9186274509803921	0.9098039215686274	0.9098039215686274	0.9186274509803921	0.9049019607843137	0.9029411764705882	0.8901960784313725	0.8794117647058823	0.9049019607843137	0.9009803921568628	0.9068627450980392	0.9049019607843137	0.9343137254901961	0.9009803921568628	0.9068627450980392	0.9202127659574468	
0.9291666666666667	0.8989583333333333	0.9333333333333333	0.8916666666666667	0.896875	0.8979166666666667	0.8895833333333333	0.8855421686746988	0.9271137026239067	0.9390681003584229	0.856140350877193	0.922077922077922	0.9104166666666667	0.8583333333333333	0	0.9197916666666667	0.9197916666666667	0.9631728045325779	0.9145833333333333	0.8947916666666667	0.8927083333333333	0.9145833333333333	0.8989583333333333	0.8677083333333333	0.8697916666666666	0.8854166666666666	0.878125	0.88125	0.9104166666666667	0.8770833333333333	0.9197916666666667	0.88125	0.884375	0.9138297872340425	
0.9403578528827038	0.8879472693032016	0.9459459459459459	0.9201030927835051	0.9282006920415224	0.9262435677530018	0.8740234375	0.8795180722891566	0.8994169096209913	0.9587813620071685	0.887719298245614	0.9588744588744589	0.9352134146341463	0.9127450980392157	0.9197916666666667	0	0.934819897084048	0.9730878186968839	0.9544642857142858	0.9024390243902439	0.926829268292683	0.9511494252873564	0.8835403726708074	0.9214939024390244	0.9291158536585366	0.9329268292682927	0.9230182926829268	0.9263502454991817	0.9397865853658537	0.9308873720136519	0.9565548780487805	0.9253048780487805	0.9291158536585366	0.9297872340425531	
0.9075546719681908	0.896421845574388	0.9531531531531532	0.9235395189003437	0.9282006920415224	0.9210977701543739	0.91796875	0.8614457831325302	0.922740524781341	0.978494623655914	0.9070175438596492	0.961038961038961	0.8739279588336192	0.9254901960784314	0.9197916666666667	0.934819897084048	0	0.9631728045325779	0.90625	0.9262435677530018	0.9228130360205832	0.89272030651341	0.9219554030874786	0.9279588336192109	0.9288164665523156	0.9356775300171527	0.9339622641509434	0.9313893653516295	0.9356775300171527	0.9382504288164666	0.9554030874785592	0.9262435677530018	0.9099485420240138	0.7893617021276595	
0.9645892351274787	0.9518413597733711	0.9660056657223796	0.9674220963172805	0.9674220963172805	0.9688385269121813	0.9617563739376771	0.9560906515580736	0.9620991253644315	1.0	0.9543859649122807	0.9978354978354979	0.9490084985835694	0.9688385269121813	0.9631728045325779	0.9730878186968839	0.9631728045325779	0	0.9631728045325779	0.9660056657223796	0.9504249291784702	0.9631728045325779	0.9631728045325779	0.9688385269121813	0.9645892351274787	0.9674220963172805	0.9575070821529745	0.943342776203966	0.9645892351274787	0.9688385269121813	0.9688385269121813	0.943342776203966	0.9688385269121813	0.9490084985835694	
0.952286282306163	0.9369114877589454	0.9531531531531532	0.9383928571428571	0.9178571428571428	0.9285714285714286	0.921875	0.9156626506024096	0.9285714285714286	0.982078853046595	0.9	0.961038961038961	0.8803571428571428	0.9186274509803921	0.9145833333333333	0.9544642857142858	0.90625	0.9631728045325779	0	0.9366071428571429	0.9383928571428571	0.37547892720306514	0.9089285714285714	0.9401785714285714	0.9330357142857143	0.9053571428571429	0.9375	0.9410714285714286	0.9383928571428571	0.9366071428571429	0.9473214285714285	0.9410714285714286	0.9321428571428572	0.9010638297872341	
0.9403578528827038	0.9048964218455744	0.9414414414414415	0.9201030927835051	0.9178200692041523	0.9168096054888508	0.8408203125	0.8759036144578313	0.9300291545189504	0.946236559139785	0.8666666666666667	0.9242424242424242	0.9362818590704648	0.9098039215686274	0.8947916666666667	0.9024390243902439	0.9262435677530018	0.9660056657223796	0.9366071428571429	0	0.9226240538267452	0.9319923371647509	0.9021739130434783	0.9280359820089955	0.9220389805097451	0.9257871064467766	0.9137931034482759	0.9189852700490998	0.9310344827586207	0.9163822525597269	0.9527736131934033	0.9242878560719641	0.9295352323838081	0.9095744680851063	
0.9055666003976143	0.8898305084745762	0.9477477477477477	0.9020618556701031	0.8979238754325259	0.8996569468267581	0.90625	0.846987951807229	0.9052478134110787	0.9444444444444444	0.8666666666666667	0.922077922077922	0.926829268292683	0.9098039215686274	0.8927083333333333	0.926829268292683	0.9228130360205832	0.9504249291784702	0.9383928571428571	0.9226240538267452	0	0.9339080459770115	0.9184188393608074	0.9184188393608074	0.9192598822539949	0.9100084104289319	0.9158957106812448	0.9091673675357443	0.9276703111858705	0.9172354948805461	0.9327165685449958	0.9083263246425568	0.894869638351556	0.9191489361702128	
0.952286282306163	0.935823754789272	0.9501915708812261	0.9339080459770115	0.9118773946360154	0.9233716475095786	0.921875	0.9156626506024096	0.9285714285714286	0.982078853046595	0.9	0.961038961038961	0.8773946360153256	0.9186274509803921	0.9145833333333333	0.9511494252873564	0.89272030651341	0.9631728045325779	0.37547892720306514	0.9319923371647509	0.9339080459770115	0	0.9003831417624522	0.9367816091954023	0.9281609195402298	0.8984674329501916	0.9329501915708812	0.9367816091954023	0.9339080459770115	0.9319923371647509	0.9434865900383141	0.9367816091954023	0.9272030651340997	0.898936170212766	
0.9363817097415507	0.89924670433145	0.9351351351351351	0.9089347079037801	0.8987889273356401	0.9073756432246999	0.892578125	0.8759036144578313	0.9271137026239067	0.9498207885304659	0.8631578947368421	0.9177489177489178	0.9006211180124224	0.9049019607843137	0.8989583333333333	0.8835403726708074	0.9219554030874786	0.9631728045325779	0.9089285714285714	0.9021739130434783	0.9184188393608074	0.9003831417624522	0	0.9262422360248447	0.9107142857142857	0.9138198757763976	0.9169254658385093	0.9173486088379705	0.9246894409937888	0.8984641638225256	0.9518633540372671	0.9107142857142857	0.9138198757763976	0.9042553191489362	
0.9174950298210736	0.8851224105461394	0.9486486486486486	0.9166666666666666	0.9057093425605537	0.8953687821612349	0.90625	0.8698795180722891	0.8760932944606414	0.9354838709677419	0.8543859649122807	0.9242424242424242	0.9296551724137931	0.9029411764705882	0.8677083333333333	0.9214939024390244	0.9279588336192109	0.9688385269121813	0.9401785714285714	0.9280359820089955	0.9184188393608074	0.9367816091954023	0.9262422360248447	0	0.9171270718232044	0.9340277777777778	0.9179310344827586	0.8903436988543372	0.9354838709677419	0.9163822525597269	0.9436310395314788	0.9075862068965517	0.9236804564907275	0.9117021276595745	
0.9224652087475149	0.8587570621468926	0.9396396396396396	0.9132302405498282	0.8927335640138409	0.9142367066895368	0.8837890625	0.8855421686746988	0.924198250728863	0.9444444444444444	0.8842105263157894	0.9242424242424242	0.9046961325966851	0.8901960784313725	0.8697916666666666	0.9291158536585366	0.9288164665523156	0.9645892351274787	0.9330357142857143	0.9220389805097451	0.9192598822539949	0.9281609195402298	0.9107142857142857	0.9171270718232044	0	0.91875	0.9219613259668509	0.8944353518821604	0.9164222873900293	0.886518771331058	0.9392386530014641	0.893646408839779	0.9315263908701854	0.9212765957446809	
0.9294234592445328	0.9218455743879472	0.945045045045045	0.9183848797250859	0.9048442906574394	0.9219554030874786	0.8828125	0.8963855421686747	0.922740524781341	0.9516129032258065	0.8421052631578947	0.9177489177489178	0.94375	0.8794117647058823	0.8854166666666666	0.9329268292682927	0.9356775300171527	0.9674220963172805	0.9053571428571429	0.9257871064467766	0.9100084104289319	0.8984674329501916	0.9138198757763976	0.9340277777777778	0.91875	0	0.9423611111111111	0.9042553191489362	0.9347507331378299	0.908703071672355	0.9377745241581259	0.9048611111111111	0.9158345221112696	0.9297872340425531	
0.9274353876739563	0.8973634651600754	0.945045045045045	0.9132302405498282	0.9126297577854672	0.902229845626072	0.900390625	0.8698795180722891	0.9256559766763849	0.899641577060932	0.8649122807017544	0.9134199134199135	0.9457417582417582	0.9049019607843137	0.878125	0.9230182926829268	0.9339622641509434	0.9575070821529745	0.9375	0.9137931034482759	0.9158957106812448	0.9329501915708812	0.9169254658385093	0.9179310344827586	0.9219613259668509	0.9423611111111111	0	0.900163666121113	0.9376832844574781	0.9189419795221843	0.9297218155197657	0.9186666666666666	0.9165477888730386	0.9159574468085107	
0.9333996023856859	0.8757062146892656	0.9459459459459459	0.9140893470790378	0.907439446366782	0.8910806174957119	0.8935546875	0.8843373493975903	0.9081632653061225	0.9516129032258065	0.8824561403508772	0.9155844155844156	0.9247135842880524	0.9009803921568628	0.88125	0.9263502454991817	0.9313893653516295	0.943342776203966	0.9410714285714286	0.9189852700490998	0.9091673675357443	0.9367816091954023	0.9173486088379705	0.8903436988543372	0.8944353518821604	0.9042553191489362	0.900163666121113	0	0.9312602291325696	0.9155290102389079	0.9288052373158756	0.031914893617021274	0.8944353518821604	0.9042553191489362	
0.9473161033797217	0.9096045197740112	0.945045045045045	0.9192439862542955	0.9091695501730104	0.9236706689536878	0.9111328125	0.8963855421686747	0.9329446064139941	0.942652329749104	0.8421052631578947	0.9242424242424242	0.9318181818181818	0.9068627450980392	0.9104166666666667	0.9397865853658537	0.9356775300171527	0.9645892351274787	0.9383928571428571	0.9310344827586207	0.9276703111858705	0.9339080459770115	0.9246894409937888	0.9354838709677419	0.9164222873900293	0.9347507331378299	0.9376832844574781	0.9312602291325696	0	0.9138225255972696	0.9523460410557185	0.9288856304985337	0.9376832844574781	0.9297872340425531	
0.9343936381709742	0.9001883239171374	0.9333333333333333	0.9020618556701031	0.9195501730103807	0.91852487135506	0.8876953125	0.8879518072289156	0.9212827988338192	0.9444444444444444	0.8719298245614036	0.9242424242424242	0.9155290102389079	0.9049019607843137	0.8770833333333333	0.9308873720136519	0.9382504288164666	0.9688385269121813	0.9366071428571429	0.9163822525597269	0.9172354948805461	0.9319923371647509	0.8984641638225256	0.9163822525597269	0.886518771331058	0.908703071672355	0.9189419795221843	0.9155290102389079	0.9138225255972696	0	0.931740614334471	0.9069965870307167	0.9163822525597269	0.9212765957446809	
0.9622266401590457	0.9378531073446328	0.9621621621621622	0.9115120274914089	0.9264705882352942	0.934819897084048	0.9384765625	0.9156626506024096	0.9008746355685131	0.9802867383512545	0.9	0.948051948051948	0.9612005856515373	0.9343137254901961	0.9197916666666667	0.9565548780487805	0.9554030874785592	0.9688385269121813	0.9473214285714285	0.9527736131934033	0.9327165685449958	0.9434865900383141	0.9518633540372671	0.9436310395314788	0.9392386530014641	0.9377745241581259	0.9297218155197657	0.9288052373158756	0.9523460410557185	0.931740614334471	0	0.9363103953147877	0.9524158125915081	0.9446808510638298	
0.9333996023856859	0.8578154425612052	0.9432432432432433	0.9097938144329897	0.8901384083044983	0.888507718696398	0.8935546875	0.8843373493975903	0.902332361516035	0.942652329749104	0.8824561403508772	0.9155844155844156	0.9306318681318682	0.9009803921568628	0.88125	0.9253048780487805	0.9262435677530018	0.943342776203966	0.9410714285714286	0.9242878560719641	0.9083263246425568	0.9367816091954023	0.9107142857142857	0.9075862068965517	0.893646408839779	0.9048611111111111	0.9186666666666666	0.031914893617021274	0.9288856304985337	0.9069965870307167	0.9363103953147877	0	0.890870185449358	0.9042553191489362	
0.9125248508946322	0.8822975517890772	0.9324324324324325	0.9140893470790378	0.8901384083044983	0.9099485420240138	0.90234375	0.8542168674698796	0.8965014577259475	0.9336917562724014	0.875438596491228	0.9177489177489178	0.9407988587731811	0.9068627450980392	0.884375	0.9291158536585366	0.9099485420240138	0.9688385269121813	0.9321428571428572	0.9295352323838081	0.894869638351556	0.9272030651340997	0.9138198757763976	0.9236804564907275	0.9315263908701854	0.9158345221112696	0.9165477888730386	0.8944353518821604	0.9376832844574781	0.9163822525597269	0.9524158125915081	0.890870185449358	0	0.9127659574468086	
0.9191489361702128	0.8957446808510638	0.9446808510638298	0.9159574468085107	0.8978723404255319	0.9010638297872341	0.898936170212766	0.9012048192771084	0.9300291545189504	0.9802867383512545	0.8912280701754386	0.961038961038961	0.7627659574468085	0.9202127659574468	0.9138297872340425	0.9297872340425531	0.7893617021276595	0.9490084985835694	0.9010638297872341	0.9095744680851063	0.9191489361702128	0.898936170212766	0.9042553191489362	0.9117021276595745	0.9212765957446809	0.9297872340425531	0.9159574468085107	0.9042553191489362	0.9297872340425531	0.9212765957446809	0.9446808510638298	0.9042553191489362	0.9127659574468086	0	
