0	0.9280155642023347	0.9797979797979798	0.9546742209631728	0.95703125	0.9767676767676767	0.9720744680851063	0.9754672897196262	0.9326241134751773	0.9868686868686869	0.9497422680412371	0.9686868686868687	0.9514824797843666	0.9544270833333334	0.9767676767676767	0.9858585858585859	0.9656565656565657	0.9747474747474747	0.9868686868686869	0.9707070707070707	0.9474747474747475	0.9797979797979798	0.9771505376344086	0.9799764428739693	0.9604166666666667	0.9808080808080808	0.996969696969697	0.9838383838383838	0.9949494949494949	0.9737373737373738	0.9696969696969697	
0.9280155642023347	0	0.9299610894941635	0.896887159533074	0.8715953307392996	0.9669260700389105	0.9552529182879378	0.9163424124513618	0.8832684824902723	0.9883268482490273	0.8793774319066148	0.9260700389105059	0.877431906614786	0.8793774319066148	0.9494163424124513	0.9922178988326849	0.9105058365758755	0.9494163424124513	0.9688715953307393	0.9649805447470817	0.9105058365758755	0.933852140077821	0.9571984435797666	0.9785992217898832	0.8793774319066148	0.914396887159533	0.9630350194552529	0.9747081712062257	0.9747081712062257	0.9085603112840467	0.914396887159533	
0.9797979797979798	0.9299610894941635	0	0.9475920679886686	0.9205729166666666	0.9744597249508841	0.910904255319149	0.9626168224299065	0.9343971631205674	0.9498069498069498	0.9317010309278351	0.9478764478764479	0.9097035040431267	0.9375	0.9584942084942085	0.9913127413127413	0.9314671814671814	0.9575289575289575	0.9884169884169884	0.9671814671814671	0.9372586872586872	0.9391891891891891	0.9690860215053764	0.9564193168433451	0.9239583333333333	0.9457831325301205	0.971042471042471	0.971042471042471	0.9913127413127413	0.9498069498069498	0.944980694980695	
0.9546742209631728	0.896887159533074	0.9475920679886686	0	0.8781869688385269	0.9730878186968839	0.9688385269121813	0.8824362606232294	0.8581560283687943	0.9815864022662889	0.8711048158640227	0.9235127478753541	0.8696883852691218	0.8711048158640227	0.9660056657223796	0.9971671388101983	0.9490084985835694	0.9660056657223796	0.9745042492917847	0.9660056657223796	0.9050991501416431	0.9192634560906515	0.9631728045325779	0.9745042492917847	0.9036827195467422	0.9291784702549575	0.9815864022662889	0.9801699716713881	0.9886685552407932	0.8909348441926346	0.9291784702549575	
0.95703125	0.8715953307392996	0.9205729166666666	0.8781869688385269	0	0.9401041666666666	0.9428191489361702	0.9192708333333334	0.8776595744680851	0.953125	0.8424479166666666	0.9388020833333334	0.8005390835579514	0.859375	0.9596354166666666	0.9856770833333334	0.8893229166666666	0.9583333333333334	0.98046875	0.9674479166666666	0.9361979166666666	0.9583333333333334	0.9704301075268817	0.9752604166666666	0.8971354166666666	0.9166666666666666	0.9674479166666666	0.9661458333333334	0.9908854166666666	0.8997395833333334	0.9166666666666666	
0.9767676767676767	0.9669260700389105	0.9744597249508841	0.9730878186968839	0.9401041666666666	0	0.9468085106382979	0.9801401869158879	0.9769503546099291	0.9508840864440079	0.979381443298969	0.9597249508840865	0.944743935309973	0.9817708333333334	0.9803536345776032	0.9685658153241651	0.9508840864440079	0.9666011787819253	0.9666011787819253	0.9341846758349706	0.9332023575638507	0.9607072691552063	0.9475806451612904	0.9717314487632509	0.9541666666666667	0.9467871485943775	0.9990176817288802	0.9891944990176817	0.9960707269155207	0.9872298624754421	0.9469548133595285	
0.9720744680851063	0.9552529182879378	0.910904255319149	0.9688385269121813	0.9428191489361702	0.9468085106382979	0	0.9813829787234043	0.9680851063829787	0.9401595744680851	0.9547872340425532	0.9361702127659575	0.9326145552560647	0.961436170212766	0.875	0.9973404255319149	0.910904255319149	0.8656914893617021	0.9920212765957447	0.9547872340425532	0.8909574468085106	0.9321808510638298	0.9838709677419355	0.9627659574468085	0.9321808510638298	0.9441489361702128	0.976063829787234	0.9680851063829787	0.9893617021276596	0.9654255319148937	0.9441489361702128	
0.9754672897196262	0.9163424124513618	0.9626168224299065	0.8824362606232294	0.9192708333333334	0.9801401869158879	0.9813829787234043	0	0.9060283687943262	0.9824766355140186	0.9252577319587629	0.9602803738317757	0.9123989218328841	0.9244791666666666	0.9883177570093458	0.9929906542056075	0.9602803738317757	0.9871495327102804	0.977803738317757	0.9661214953271028	0.9661214953271028	0.9707943925233645	0.9516129032258065	0.967020023557126	0.947429906542056	0.9532710280373832	0.9953271028037384	0.9824766355140186	0.9953271028037384	0.8983644859813084	0.9532710280373832	
0.9326241134751773	0.8832684824902723	0.9343971631205674	0.8581560283687943	0.8776595744680851	0.9769503546099291	0.9680851063829787	0.9060283687943262	0	0.9414893617021277	0.8226950354609929	0.9202127659574468	0.8670212765957447	0.7943262411347518	0.9627659574468085	0.9645390070921985	0.9166666666666666	0.9627659574468085	0.9663120567375887	0.9414893617021277	0.9095744680851063	0.9397163120567376	0.9556737588652482	0.9450354609929078	0.8723404255319149	0.9078014184397163	0.9609929078014184	0.9769503546099291	0.9804964539007093	0.8900709219858156	0.8918439716312057	
0.9868686868686869	0.9883268482490273	0.9498069498069498	0.9815864022662889	0.953125	0.9508840864440079	0.9401595744680851	0.9824766355140186	0.9414893617021277	0	0.961340206185567	0.9073724007561437	0.9474393530997305	0.9674479166666666	0.9773156899810964	0.9130434782608695	0.8979206049149339	0.9773156899810964	0.9848771266540642	0.9120982986767486	0.9650283553875236	0.9688090737240076	0.9811827956989247	0.9552414605418139	0.9552083333333333	0.9578313253012049	0.9905482041587902	0.9603024574669187	1.0	0.9829867674858223	0.9536862003780718	
0.9497422680412371	0.8793774319066148	0.9317010309278351	0.8711048158640227	0.8424479166666666	0.979381443298969	0.9547872340425532	0.9252577319587629	0.8226950354609929	0.961340206185567	0	0.9458762886597938	0.8140161725067385	0.17708333333333334	0.9716494845360825	0.9664948453608248	0.9149484536082474	0.9716494845360825	0.9780927835051546	0.9626288659793815	0.9445876288659794	0.9600515463917526	0.9717741935483871	0.9716494845360825	0.8904639175257731	0.9007731958762887	0.970360824742268	0.9639175257731959	0.9742268041237113	0.9188144329896907	0.9007731958762887	
0.9686868686868687	0.9260700389105059	0.9478764478764479	0.9235127478753541	0.9388020833333334	0.9597249508840865	0.9361702127659575	0.9602803738317757	0.9202127659574468	0.9073724007561437	0.9458762886597938	0	0.9380053908355795	0.9466145833333334	0.9453781512605042	0.9351851851851852	0.858274647887324	0.9402356902356902	0.9819168173598554	0.8786496350364964	0.9369527145359019	0.9625585023400937	0.9556451612903226	0.9564193168433451	0.9385416666666667	0.9467871485943775	0.9694444444444444	0.9779286926994907	0.9919499105545617	0.9681303116147308	0.9434470377019749	
0.9514824797843666	0.877431906614786	0.9097035040431267	0.8696883852691218	0.8005390835579514	0.944743935309973	0.9326145552560647	0.9123989218328841	0.8670212765957447	0.9474393530997305	0.8140161725067385	0.9380053908355795	0	0.8234501347708895	0.9555256064690026	0.9811320754716981	0.8827493261455526	0.9487870619946092	0.9568733153638814	0.9730458221024259	0.9070080862533693	0.9407008086253369	0.9582210242587601	0.9407008086253369	0.8584905660377359	0.871967654986523	0.9757412398921833	0.954177897574124	0.9892183288409704	0.8962264150943396	0.871967654986523	
0.9544270833333334	0.8793774319066148	0.9375	0.8711048158640227	0.859375	0.9817708333333334	0.961436170212766	0.9244791666666666	0.7943262411347518	0.9674479166666666	0.17708333333333334	0.9466145833333334	0.8234501347708895	0	0.97265625	0.9713541666666666	0.9231770833333334	0.97265625	0.9778645833333334	0.9622395833333334	0.9440104166666666	0.9596354166666666	0.9717741935483871	0.9661458333333334	0.8919270833333334	0.9166666666666666	0.9700520833333334	0.96875	0.9739583333333334	0.91796875	0.9166666666666666	
0.9767676767676767	0.9494163424124513	0.9584942084942085	0.9660056657223796	0.9596354166666666	0.9803536345776032	0.875	0.9883177570093458	0.9627659574468085	0.9773156899810964	0.9716494845360825	0.9453781512605042	0.9555256064690026	0.97265625	0	0.9935185185185185	0.9586267605633803	0.8594276094276094	0.9972875226039783	0.9762773722627737	0.9430823117338003	0.9689075630252101	0.9865591397849462	0.9717314487632509	0.9625	0.9688755020080321	0.9879629629629629	0.9889643463497453	0.9928443649373881	0.9815126050420168	0.9712746858168761	
0.9858585858585859	0.9922178988326849	0.9913127413127413	0.9971671388101983	0.9856770833333334	0.9685658153241651	0.9973404255319149	0.9929906542056075	0.9645390070921985	0.9130434782608695	0.9664948453608248	0.9351851851851852	0.9811320754716981	0.9713541666666666	0.9935185185185185	0	0.9222222222222223	0.9935185185185185	0.9879629629629629	0.937962962962963	0.9777777777777777	0.9888888888888889	0.9758064516129032	0.9799764428739693	0.99375	0.9668674698795181	0.9953703703703703	0.987037037037037	1.0	0.9935185185185185	0.950925925925926	
0.9656565656565657	0.9105058365758755	0.9314671814671814	0.9490084985835694	0.8893229166666666	0.9508840864440079	0.910904255319149	0.9602803738317757	0.9166666666666666	0.8979206049149339	0.9149484536082474	0.858274647887324	0.8827493261455526	0.9231770833333334	0.9586267605633803	0.9222222222222223	0	0.9559859154929577	0.984629294755877	0.8576642335766423	0.9181338028169014	0.9551056338028169	0.956989247311828	0.9729093050647821	0.9364583333333333	0.9236947791164659	0.9712962962962963	0.9815140845070423	0.9803220035778175	0.9621478873239436	0.9290843806104129	
0.9747474747474747	0.9494163424124513	0.9575289575289575	0.9660056657223796	0.9583333333333334	0.9666011787819253	0.8656914893617021	0.9871495327102804	0.9627659574468085	0.9773156899810964	0.9716494845360825	0.9402356902356902	0.9487870619946092	0.97265625	0.8594276094276094	0.9935185185185185	0.9559859154929577	0	0.9945750452079566	0.9735401459854015	0.9387040280210157	0.9629629629629629	0.9825268817204301	0.9646643109540636	0.9552083333333333	0.963855421686747	0.9879629629629629	0.9889643463497453	0.9928443649373881	0.9806397306397306	0.9658886894075404	
0.9868686868686869	0.9688715953307393	0.9884169884169884	0.9745042492917847	0.98046875	0.9666011787819253	0.9920212765957447	0.977803738317757	0.9663120567375887	0.9848771266540642	0.9780927835051546	0.9819168173598554	0.9568733153638814	0.9778645833333334	0.9972875226039783	0.9879629629629629	0.984629294755877	0.9945750452079566	0	0.9735401459854015	0.9792043399638336	0.9837251356238698	0.9448924731182796	0.9858657243816255	0.9708333333333333	0.9698795180722891	1.0	0.9936708860759493	1.0	0.9864376130198915	0.972875226039783	
0.9707070707070707	0.9649805447470817	0.9671814671814671	0.9660056657223796	0.9674479166666666	0.9341846758349706	0.9547872340425532	0.9661214953271028	0.9414893617021277	0.9120982986767486	0.9626288659793815	0.8786496350364964	0.9730458221024259	0.9622395833333334	0.9762773722627737	0.937962962962963	0.8576642335766423	0.9735401459854015	0.9735401459854015	0	0.9397810218978102	0.9653284671532847	0.9650537634408602	0.9681978798586572	0.9416666666666667	0.9267068273092369	0.9824074074074074	0.9927007299270073	1.0	0.968065693430657	0.926094890510949	
0.9474747474747475	0.9105058365758755	0.9372586872586872	0.9050991501416431	0.9361979166666666	0.9332023575638507	0.8909574468085106	0.9661214953271028	0.9095744680851063	0.9650283553875236	0.9445876288659794	0.9369527145359019	0.9070080862533693	0.9440104166666666	0.9430823117338003	0.9777777777777777	0.9181338028169014	0.9387040280210157	0.9792043399638336	0.9397810218978102	0	0.9185639229422067	0.9301075268817204	0.9493521790341578	0.9239583333333333	0.929718875502008	0.9833333333333333	0.9807355516637478	0.9856887298747764	0.957968476357268	0.9210053859964094	
0.9797979797979798	0.933852140077821	0.9391891891891891	0.9192634560906515	0.9583333333333334	0.9607072691552063	0.9321808510638298	0.9707943925233645	0.9397163120567376	0.9688090737240076	0.9600515463917526	0.9625585023400937	0.9407008086253369	0.9596354166666666	0.9689075630252101	0.9888888888888889	0.9551056338028169	0.9629629629629629	0.9837251356238698	0.9653284671532847	0.9185639229422067	0	0.9502688172043011	0.950530035335689	0.9364583333333333	0.9417670682730924	0.9833333333333333	0.9872665534804754	0.9919499105545617	0.96801872074883	0.9425493716337523	
0.9771505376344086	0.9571984435797666	0.9690860215053764	0.9631728045325779	0.9704301075268817	0.9475806451612904	0.9838709677419355	0.9516129032258065	0.9556737588652482	0.9811827956989247	0.9717741935483871	0.9556451612903226	0.9582210242587601	0.9717741935483871	0.9865591397849462	0.9758064516129032	0.956989247311828	0.9825268817204301	0.9448924731182796	0.9650537634408602	0.9301075268817204	0.9502688172043011	0	0.9758064516129032	0.9408602150537635	0.9408602150537635	0.9959677419354839	0.9905913978494624	0.9973118279569892	0.9704301075268817	0.9395161290322581	
0.9799764428739693	0.9785992217898832	0.9564193168433451	0.9745042492917847	0.9752604166666666	0.9717314487632509	0.9627659574468085	0.967020023557126	0.9450354609929078	0.9552414605418139	0.9716494845360825	0.9564193168433451	0.9407008086253369	0.9661458333333334	0.9717314487632509	0.9799764428739693	0.9729093050647821	0.9646643109540636	0.9858657243816255	0.9681978798586572	0.9493521790341578	0.950530035335689	0.9758064516129032	0	0.9363957597173145	0.9493521790341578	0.9952885747938751	0.9752650176678446	1.0	0.9740871613663133	0.9352179034157833	
0.9604166666666667	0.8793774319066148	0.9239583333333333	0.9036827195467422	0.8971354166666666	0.9541666666666667	0.9321808510638298	0.947429906542056	0.8723404255319149	0.9552083333333333	0.8904639175257731	0.9385416666666667	0.8584905660377359	0.8919270833333334	0.9625	0.99375	0.9364583333333333	0.9552083333333333	0.9708333333333333	0.9416666666666667	0.9239583333333333	0.9364583333333333	0.9408602150537635	0.9363957597173145	0	0.9020833333333333	0.9697916666666667	0.96875	0.98125	0.946875	0.9020833333333333	
0.9808080808080808	0.914396887159533	0.9457831325301205	0.9291784702549575	0.9166666666666666	0.9467871485943775	0.9441489361702128	0.9532710280373832	0.9078014184397163	0.9578313253012049	0.9007731958762887	0.9467871485943775	0.871967654986523	0.9166666666666666	0.9688755020080321	0.9668674698795181	0.9236947791164659	0.963855421686747	0.9698795180722891	0.9267068273092369	0.929718875502008	0.9417670682730924	0.9408602150537635	0.9493521790341578	0.9020833333333333	0	0.9859437751004017	0.9859437751004017	0.9919678714859438	0.9508032128514057	0.0	
0.996969696969697	0.9630350194552529	0.971042471042471	0.9815864022662889	0.9674479166666666	0.9990176817288802	0.976063829787234	0.9953271028037384	0.9609929078014184	0.9905482041587902	0.970360824742268	0.9694444444444444	0.9757412398921833	0.9700520833333334	0.9879629629629629	0.9953703703703703	0.9712962962962963	0.9879629629629629	1.0	0.9824074074074074	0.9833333333333333	0.9833333333333333	0.9959677419354839	0.9952885747938751	0.9697916666666667	0.9859437751004017	0	0.9953703703703703	0.9824074074074074	0.9861111111111112	0.9851851851851852	
0.9838383838383838	0.9747081712062257	0.971042471042471	0.9801699716713881	0.9661458333333334	0.9891944990176817	0.9680851063829787	0.9824766355140186	0.9769503546099291	0.9603024574669187	0.9639175257731959	0.9779286926994907	0.954177897574124	0.96875	0.9889643463497453	0.987037037037037	0.9815140845070423	0.9889643463497453	0.9936708860759493	0.9927007299270073	0.9807355516637478	0.9872665534804754	0.9905913978494624	0.9752650176678446	0.96875	0.9859437751004017	0.9953703703703703	0	1.0	0.9889643463497453	0.9856373429084381	
0.9949494949494949	0.9747081712062257	0.9913127413127413	0.9886685552407932	0.9908854166666666	0.9960707269155207	0.9893617021276596	0.9953271028037384	0.9804964539007093	1.0	0.9742268041237113	0.9919499105545617	0.9892183288409704	0.9739583333333334	0.9928443649373881	1.0	0.9803220035778175	0.9928443649373881	1.0	1.0	0.9856887298747764	0.9919499105545617	0.9973118279569892	1.0	0.98125	0.9919678714859438	0.9824074074074074	1.0	0	0.9928443649373881	0.992818671454219	
0.9737373737373738	0.9085603112840467	0.9498069498069498	0.8909348441926346	0.8997395833333334	0.9872298624754421	0.9654255319148937	0.8983644859813084	0.8900709219858156	0.9829867674858223	0.9188144329896907	0.9681303116147308	0.8962264150943396	0.91796875	0.9815126050420168	0.9935185185185185	0.9621478873239436	0.9806397306397306	0.9864376130198915	0.968065693430657	0.957968476357268	0.96801872074883	0.9704301075268817	0.9740871613663133	0.946875	0.9508032128514057	0.9861111111111112	0.9889643463497453	0.9928443649373881	0	0.9515260323159784	
0.9696969696969697	0.914396887159533	0.944980694980695	0.9291784702549575	0.9166666666666666	0.9469548133595285	0.9441489361702128	0.9532710280373832	0.8918439716312057	0.9536862003780718	0.9007731958762887	0.9434470377019749	0.871967654986523	0.9166666666666666	0.9712746858168761	0.950925925925926	0.9290843806104129	0.9658886894075404	0.972875226039783	0.926094890510949	0.9210053859964094	0.9425493716337523	0.9395161290322581	0.9352179034157833	0.9020833333333333	0.0	0.9851851851851852	0.9856373429084381	0.992818671454219	0.9515260323159784	0	
