0	0.9329896907216495	0.9690721649484536	0.918552036199095	0.9673539518900344	0.9690721649484536	0.9914089347079038	1.0	0.9072164948453608	
0.9329896907216495	0	0.9619047619047619	0.8868778280542986	0.9698412698412698	0.9650793650793651	0.9428571428571428	0.9714285714285714	0.8793650793650793	
0.9690721649484536	0.9619047619047619	0	0.9524886877828054	0.9334319526627219	0.9363905325443787	0.9289940828402367	0.977810650887574	0.9393491124260355	
0.918552036199095	0.8868778280542986	0.9524886877828054	0	0.9457013574660633	0.918552036199095	0.9502262443438914	0.9705882352941176	0.7805429864253394	
0.9673539518900344	0.9698412698412698	0.9334319526627219	0.9457013574660633	0	0.9383680555555556	0.9369951534733441	0.9558058925476604	0.9634655532359081	
0.9690721649484536	0.9650793650793651	0.9363905325443787	0.918552036199095	0.9383680555555556	0	0.9366319444444444	0.96875	0.9467640918580376	
0.9914089347079038	0.9428571428571428	0.9289940828402367	0.9502262443438914	0.9369951534733441	0.9366319444444444	0	0.9566724436741768	0.975991649269311	
1.0	0.9714285714285714	0.977810650887574	0.9705882352941176	0.9558058925476604	0.96875	0.9566724436741768	0	0.9864300626304802	
0.9072164948453608	0.8793650793650793	0.9393491124260355	0.7805429864253394	0.9634655532359081	0.9467640918580376	0.975991649269311	0.9864300626304802	0	
