0	0.9708249496981891	0.8722986247544204	0.930062630480167	0.922360248447205	0.9414414414414415	0.8933566433566433	0.8801916932907349	0.9558270676691729	0.931390977443609	0.909957627118644	0.9172259507829977	0.9407894736842105	0.9256965944272446	0.9492481203007519	0.9624060150375939	0.9351503759398496	0.931390977443609	0.9351503759398496	0.9539473684210527	0.9389097744360902	0.9304511278195489	0.9793233082706767	0.924812030075188	0.943609022556391	0.985279685966634	0.9078947368421053	0.9324853228962818	0.8916666666666667	0.8709016393442623	1.0	0.9370300751879699	0.9219924812030075	0.9351503759398496	0.9125939849624061	0.966304347826087	0.9340490797546013	
0.9708249496981891	0	0.9778672032193159	0.9603340292275574	0.9699792960662525	0.9752252252252253	0.951048951048951	0.950479233226837	0.9778672032193159	0.9778672032193159	0.9703389830508474	0.9686800894854586	0.9778672032193159	0.9659442724458205	0.9879275653923542	0.9859154929577465	0.9758551307847082	0.9778672032193159	0.9748490945674044	0.9778672032193159	0.9748490945674044	0.9678068410462777	0.9849094567404426	0.9708249496981891	0.9778672032193159	0.9979879275653923	0.9778672032193159	0.9768611670020121	0.9569444444444445	0.9426229508196722	1.0	0.9748490945674044	0.9758551307847082	0.9768611670020121	0.9708249496981891	0.9869565217391304	0.9815950920245399	
0.8722986247544204	0.9778672032193159	0	0.9175365344467641	0.8809523809523809	0.8963963963963963	0.8776223776223776	0.8738019169329073	0.9381139489194499	0.9351669941060904	0.9120762711864406	0.8859060402684564	0.8860510805500982	0.913312693498452	0.9381139489194499	0.9459724950884086	0.9469548133595285	0.9322200392927309	0.8860510805500982	0.9292730844793713	0.8870333988212181	0.8850687622789783	0.9656188605108055	0.8840864440078585	0.918467583497053	0.9705304518664047	0.8978388998035364	0.9106090373280943	0.9	0.8852459016393442	1.0	0.912573673870334	0.787819253438114	0.9106090373280943	0.9155206286836935	0.9619565217391305	0.911042944785276	
0.930062630480167	0.9603340292275574	0.9175365344467641	0	0.9269311064718163	0.9369369369369369	0.8251748251748252	0.8386581469648562	0.9488517745302714	0.9363256784968684	0.8834745762711864	0.8847874720357942	0.9384133611691023	0.9071207430340558	0.9457202505219207	0.9634655532359081	0.9498956158663883	0.9530271398747391	0.9311064718162839	0.9561586638830898	0.9311064718162839	0.930062630480167	0.9770354906054279	0.9133611691022965	0.9436325678496869	0.9832985386221295	0.8883089770354906	0.9436325678496869	0.8708333333333333	0.8381147540983607	1.0	0.9164926931106472	0.9112734864300627	0.9436325678496869	0.9384133611691023	0.9630434782608696	0.9187116564417178	
0.922360248447205	0.9699792960662525	0.8809523809523809	0.9269311064718163	0	0.8806306306306306	0.8881118881118881	0.8913738019169329	0.9472049689440993	0.9420289855072463	0.9247881355932204	0.930648769574944	0.922360248447205	0.913312693498452	0.9606625258799172	0.9637681159420289	0.9440993788819876	0.9347826086956522	0.9057971014492754	0.9316770186335404	0.9057971014492754	0.8954451345755694	0.9699792960662525	0.8768115942028986	0.943064182194617	0.9855072463768116	0.9420289855072463	0.9347826086956522	0.8930555555555556	0.8545081967213115	1.0	0.9409937888198758	0.8778467908902692	0.9347826086956522	0.8861283643892339	0.9532608695652174	0.9371165644171779	
0.9414414414414415	0.9752252252252253	0.8963963963963963	0.9369369369369369	0.8806306306306306	0	0.8968531468531469	0.9249201277955271	0.9403153153153153	0.9177927927927928	0.9290540540540541	0.9391891891891891	0.8975225225225225	0.8931888544891641	0.9617117117117117	0.9605855855855856	0.9403153153153153	0.9313063063063063	0.8603603603603603	0.9279279279279279	0.8603603603603603	0.8682432432432432	0.9662162162162162	0.9009009009009009	0.9290540540540541	0.9842342342342343	0.9481981981981982	0.9042792792792793	0.9125	0.8135245901639344	1.0	0.9358108108108109	0.8885135135135135	0.9042792792792793	0.9268018018018018	0.954954954954955	0.9447852760736196	
0.8933566433566433	0.951048951048951	0.8776223776223776	0.8251748251748252	0.8881118881118881	0.8968531468531469	0	0.8391608391608392	0.916083916083916	0.9003496503496503	0.8076923076923077	0.8286713286713286	0.9125874125874126	0.9003496503496503	0.9265734265734266	0.9283216783216783	0.9195804195804196	0.9143356643356644	0.9038461538461539	0.9265734265734266	0.9038461538461539	0.8828671328671329	0.9615384615384616	0.8531468531468531	0.9178321678321678	0.9772727272727273	0.8881118881118881	0.9143356643356644	0.8426573426573427	0.8114754098360656	1.0	0.8863636363636364	0.8811188811188811	0.9143356643356644	0.9038461538461539	0.9388111888111889	0.9265734265734266	
0.8801916932907349	0.950479233226837	0.8738019169329073	0.8386581469648562	0.8913738019169329	0.9249201277955271	0.8391608391608392	0	0.9361022364217252	0.9105431309904153	0.902555910543131	0.8865814696485623	0.9345047923322684	0.9217252396166135	0.8977635782747604	0.9297124600638977	0.9376996805111821	0.9313099041533547	0.9233226837060703	0.9488817891373802	0.9233226837060703	0.9073482428115016	0.9792332268370607	0.8626198083067093	0.939297124600639	0.9920127795527156	0.9105431309904153	0.9345047923322684	0.8434504792332268	0.8278688524590164	1.0	0.9345047923322684	0.8402555910543131	0.9345047923322684	0.9169329073482428	0.9424920127795527	0.9073482428115016	
0.9558270676691729	0.9778672032193159	0.9381139489194499	0.9488517745302714	0.9472049689440993	0.9403153153153153	0.916083916083916	0.9361022364217252	0	0.9541800643086816	0.940677966101695	0.9485458612975392	0.9485530546623794	0.9226006191950464	0.97508038585209	0.967128027681661	0.9598070739549839	0.9606109324758842	0.9485530546623794	0.9598070739549839	0.9432234432234432	0.9469453376205788	0.980072463768116	0.957286432160804	0.9477491961414791	0.971540726202159	0.9513201320132013	0.9354207436399217	0.9347222222222222	0.9016393442622951	1.0	0.9533762057877814	0.9453376205787781	0.9469453376205788	0.9461414790996785	0.9684782608695652	0.9524539877300614	
0.931390977443609	0.9778672032193159	0.9351669941060904	0.9363256784968684	0.9420289855072463	0.9177927927927928	0.9003496503496503	0.9105431309904153	0.9541800643086816	0	0.9396186440677966	0.9351230425055929	0.9610194902548725	0.09597523219814241	0.93993993993994	0.9541522491349481	0.9471153846153846	0.949438202247191	0.9498480243161094	0.9677661169415293	0.9395604395604396	0.9442748091603054	0.9764492753623188	0.9463986599664992	0.9633956386292835	0.9833169774288518	0.9579207920792079	0.9422700587084148	0.9138888888888889	0.8729508196721312	1.0	0.9572981366459627	0.9430284857571214	0.95390625	0.9625187406296851	0.9304347826086956	0.8911042944785276	
0.909957627118644	0.9703389830508474	0.9120762711864406	0.8834745762711864	0.9247881355932204	0.9290540540540541	0.8076923076923077	0.902555910543131	0.940677966101695	0.9396186440677966	0	0.8411633109619687	0.923728813559322	0.9117647058823529	0.9565677966101694	0.9533898305084746	0.9502118644067796	0.9491525423728814	0.9163135593220338	0.9396186440677966	0.9173728813559322	0.909957627118644	0.9766949152542372	0.9194915254237288	0.9322033898305084	0.9766949152542372	0.909957627118644	0.9279661016949152	0.8930555555555556	0.8422131147540983	1.0	0.9036016949152542	0.9120762711864406	0.9279661016949152	0.9110169491525424	0.9543478260869566	0.9233128834355828	
0.9172259507829977	0.9686800894854586	0.8859060402684564	0.8847874720357942	0.930648769574944	0.9391891891891891	0.8286713286713286	0.8865814696485623	0.9485458612975392	0.9351230425055929	0.8411633109619687	0	0.9384787472035794	0.9164086687306502	0.9429530201342282	0.9485458612975392	0.9474272930648769	0.9451901565995525	0.930648769574944	0.9552572706935123	0.930648769574944	0.9194630872483222	0.9765100671140939	0.8993288590604027	0.9463087248322147	0.9865771812080537	0.9161073825503355	0.9451901565995525	0.9027777777777778	0.8668032786885246	1.0	0.9205816554809844	0.8847874720357942	0.9451901565995525	0.9362416107382551	0.9619686800894854	0.9233128834355828	
0.9407894736842105	0.9778672032193159	0.8860510805500982	0.9384133611691023	0.922360248447205	0.8975225225225225	0.9125874125874126	0.9345047923322684	0.9485530546623794	0.9610194902548725	0.923728813559322	0.9384787472035794	0	0.9210526315789473	0.9744744744744744	0.9636678200692042	0.9551282051282052	0.9446227929373997	0.8829787234042553	0.9494799405646359	0.8598901098901099	0.9137404580152672	0.9601449275362319	0.9380234505862647	0.8901869158878505	0.9705593719332679	0.9224422442244224	0.901174168297456	0.9291666666666667	0.8729508196721312	1.0	0.9262422360248447	0.9182763744427934	0.92109375	0.9336810730253353	0.9652173913043478	0.9478527607361963	
0.9256965944272446	0.9659442724458205	0.913312693498452	0.9071207430340558	0.913312693498452	0.8931888544891641	0.9003496503496503	0.9217252396166135	0.9226006191950464	0.09597523219814241	0.9117647058823529	0.9164086687306502	0.9210526315789473	0	0.9040247678018576	0.9195046439628483	0.9256965944272446	0.9303405572755418	0.8993808049535603	0.934984520123839	0.8993808049535603	0.891640866873065	0.9659442724458205	0.9117647058823529	0.9287925696594427	0.9798761609907121	0.9256965944272446	0.9102167182662538	0.9040247678018576	0.8811475409836066	1.0	0.9148606811145511	0.8962848297213623	0.9102167182662538	0.9226006191950464	0.9009287925696594	0.9009287925696594	
0.9492481203007519	0.9879275653923542	0.9381139489194499	0.9457202505219207	0.9606625258799172	0.9617117117117117	0.9265734265734266	0.8977635782747604	0.97508038585209	0.93993993993994	0.9565677966101694	0.9429530201342282	0.9744744744744744	0.9040247678018576	0	0.9091695501730104	0.9671474358974359	0.9662921348314607	0.973404255319149	0.9819819819819819	0.967948717948718	0.9618320610687023	0.9954710144927537	0.9413735343383585	0.9766355140186916	0.9950932286555446	0.971947194719472	0.961839530332681	0.9430555555555555	0.9323770491803278	1.0	0.9759316770186336	0.954954954954955	0.96953125	0.9774774774774775	0.8956521739130435	0.848159509202454	
0.9624060150375939	0.9859154929577465	0.9459724950884086	0.9634655532359081	0.9637681159420289	0.9605855855855856	0.9283216783216783	0.9297124600638977	0.967128027681661	0.9541522491349481	0.9533898305084746	0.9485458612975392	0.9636678200692042	0.9195046439628483	0.9091695501730104	0	0.9749134948096886	0.972318339100346	0.9610726643598616	0.9714532871972318	0.9587912087912088	0.9437716262975778	0.9954710144927537	0.9584775086505191	0.9662629757785467	0.985279685966634	0.9662629757785467	0.961839530332681	0.9430555555555555	0.930327868852459	1.0	0.967128027681661	0.9524221453287197	0.9662629757785467	0.9662629757785467	0.9	0.8665644171779141	
0.9351503759398496	0.9758551307847082	0.9469548133595285	0.9498956158663883	0.9440993788819876	0.9403153153153153	0.9195804195804196	0.9376996805111821	0.9598070739549839	0.9471153846153846	0.9502118644067796	0.9474272930648769	0.9551282051282052	0.9256965944272446	0.9671474358974359	0.9749134948096886	0	0.862760834670947	0.9431089743589743	0.967948717948718	0.934981684981685	0.9567307692307693	0.9773550724637681	0.9556113902847572	0.9559294871794872	0.9901864573110893	0.9603960396039604	0.9481409001956947	0.9305555555555556	0.9057377049180327	1.0	0.9599358974358975	0.9543269230769231	0.9575320512820513	0.9599358974358975	0.9684782608695652	0.950920245398773	
0.931390977443609	0.9778672032193159	0.9322200392927309	0.9530271398747391	0.9347826086956522	0.9313063063063063	0.9143356643356644	0.9313099041533547	0.9606109324758842	0.949438202247191	0.9491525423728814	0.9451901565995525	0.9446227929373997	0.9303405572755418	0.9662921348314607	0.972318339100346	0.862760834670947	0	0.9406099518459069	0.9646869983948636	0.9322344322344323	0.9534510433386838	0.9710144927536232	0.949748743718593	0.949438202247191	0.9911678115799804	0.9620462046204621	0.9471624266144814	0.9291666666666667	0.9077868852459017	1.0	0.9590690208667737	0.9470304975922953	0.956661316211878	0.9574638844301766	0.9684782608695652	0.950920245398773	
0.9351503759398496	0.9748490945674044	0.8860510805500982	0.9311064718162839	0.9057971014492754	0.8603603603603603	0.9038461538461539	0.9233226837060703	0.9485530546623794	0.9498480243161094	0.9163135593220338	0.930648769574944	0.8829787234042553	0.8993808049535603	0.973404255319149	0.9610726643598616	0.9431089743589743	0.9406099518459069	0	0.9566869300911854	0.029304029304029304	0.8862595419847328	0.9592391304347826	0.9346733668341709	0.9143302180685359	0.9656526005888125	0.9331683168316832	0.8933463796477495	0.9180555555555555	0.8790983606557377	1.0	0.9316770186335404	0.9034954407294833	0.91484375	0.9354103343465046	0.9619565217391305	0.941717791411043	
0.9539473684210527	0.9778672032193159	0.9292730844793713	0.9561586638830898	0.9316770186335404	0.9279279279279279	0.9265734265734266	0.9488817891373802	0.9598070739549839	0.9677661169415293	0.9396186440677966	0.9552572706935123	0.9494799405646359	0.934984520123839	0.9819819819819819	0.9714532871972318	0.967948717948718	0.9646869983948636	0.9566869300911854	0	0.9478021978021978	0.9419847328244275	0.9746376811594203	0.9430485762144054	0.9532710280373832	0.9774288518155054	0.9554455445544554	0.9295499021526419	0.9291666666666667	0.8995901639344263	1.0	0.9324534161490683	0.9494799405646359	0.94375	0.9478390461997019	0.9608695652173913	0.9616564417177914	
0.9389097744360902	0.9748490945674044	0.8870333988212181	0.9311064718162839	0.9057971014492754	0.8603603603603603	0.9038461538461539	0.9233226837060703	0.9432234432234432	0.9395604395604396	0.9173728813559322	0.930648769574944	0.8598901098901099	0.8993808049535603	0.967948717948718	0.9587912087912088	0.934981684981685	0.9322344322344323	0.029304029304029304	0.9478021978021978	0	0.8653846153846154	0.9587912087912088	0.9285714285714286	0.9010989010989011	0.9676153091265947	0.9267399267399268	0.8943248532289628	0.9180555555555555	0.8790983606557377	1.0	0.9212454212454212	0.8864468864468864	0.9010989010989011	0.923992673992674	0.9619565217391305	0.941717791411043	
0.9304511278195489	0.9678068410462777	0.8850687622789783	0.930062630480167	0.8954451345755694	0.8682432432432432	0.8828671328671329	0.9073482428115016	0.9469453376205788	0.9442748091603054	0.909957627118644	0.9194630872483222	0.9137404580152672	0.891640866873065	0.9618320610687023	0.9437716262975778	0.9567307692307693	0.9534510433386838	0.8862595419847328	0.9419847328244275	0.8653846153846154	0	0.970108695652174	0.9020100502512562	0.9252336448598131	0.9656526005888125	0.9282178217821783	0.8796477495107632	0.9111111111111111	0.8831967213114754	1.0	0.9270186335403726	0.8938931297709923	0.90390625	0.9206106870229007	0.9532608695652174	0.9202453987730062	
0.9793233082706767	0.9849094567404426	0.9656188605108055	0.9770354906054279	0.9699792960662525	0.9662162162162162	0.9615384615384616	0.9792332268370607	0.980072463768116	0.9764492753623188	0.9766949152542372	0.9765100671140939	0.9601449275362319	0.9659442724458205	0.9954710144927537	0.9954710144927537	0.9773550724637681	0.9710144927536232	0.9592391304347826	0.9746376811594203	0.9587912087912088	0.970108695652174	0	0.9728260869565217	0.9619565217391305	0.9882237487733072	0.9755434782608695	0.9726027397260274	0.9708333333333333	0.9549180327868853	1.0	0.9755434782608695	0.9682971014492754	0.9746376811594203	0.9755434782608695	0.9945652173913043	0.9923312883435583	
0.924812030075188	0.9708249496981891	0.8840864440078585	0.9133611691022965	0.8768115942028986	0.9009009009009009	0.8531468531468531	0.8626198083067093	0.957286432160804	0.9463986599664992	0.9194915254237288	0.8993288590604027	0.9380234505862647	0.9117647058823529	0.9413735343383585	0.9584775086505191	0.9556113902847572	0.949748743718593	0.9346733668341709	0.9430485762144054	0.9285714285714286	0.9020100502512562	0.9728260869565217	0	0.9547738693467337	0.9862610402355251	0.9547738693467337	0.9373776908023483	0.9027777777777778	0.8688524590163934	1.0	0.948073701842546	0.9003350083752094	0.9463986599664992	0.9380234505862647	0.9597826086956521	0.901840490797546	
0.943609022556391	0.9778672032193159	0.918467583497053	0.9436325678496869	0.943064182194617	0.9290540540540541	0.9178321678321678	0.939297124600639	0.9477491961414791	0.9633956386292835	0.9322033898305084	0.9463087248322147	0.8901869158878505	0.9287925696594427	0.9766355140186916	0.9662629757785467	0.9559294871794872	0.949438202247191	0.9143302180685359	0.9532710280373832	0.9010989010989011	0.9252336448598131	0.9619565217391305	0.9547738693467337	0	0.971540726202159	0.9207920792079208	0.8904109589041096	0.9333333333333333	0.9036885245901639	1.0	0.9384735202492211	0.9369158878504673	0.9125	0.9174454828660437	0.9684782608695652	0.9539877300613497	
0.985279685966634	0.9979879275653923	0.9705304518664047	0.9832985386221295	0.9855072463768116	0.9842342342342343	0.9772727272727273	0.9920127795527156	0.971540726202159	0.9833169774288518	0.9766949152542372	0.9865771812080537	0.9705593719332679	0.9798761609907121	0.9950932286555446	0.985279685966634	0.9901864573110893	0.9911678115799804	0.9656526005888125	0.9774288518155054	0.9676153091265947	0.9656526005888125	0.9882237487733072	0.9862610402355251	0.971540726202159	0	0.97252208047105	0.97252208047105	0.9833333333333333	0.9733606557377049	1.0	0.971540726202159	0.9685966633954858	0.97252208047105	0.9685966633954858	0.9934782608695653	0.9923312883435583	
0.9078947368421053	0.9778672032193159	0.8978388998035364	0.8883089770354906	0.9420289855072463	0.9481981981981982	0.8881118881118881	0.9105431309904153	0.9513201320132013	0.9579207920792079	0.909957627118644	0.9161073825503355	0.9224422442244224	0.9256965944272446	0.971947194719472	0.9662629757785467	0.9603960396039604	0.9620462046204621	0.9331683168316832	0.9554455445544554	0.9267399267399268	0.9282178217821783	0.9755434782608695	0.9547738693467337	0.9207920792079208	0.97252208047105	0	0.9158512720156555	0.9083333333333333	0.889344262295082	1.0	0.9306930693069307	0.900990099009901	0.929042904290429	0.9331683168316832	0.9684782608695652	0.950920245398773	
0.9324853228962818	0.9768611670020121	0.9106090373280943	0.9436325678496869	0.9347826086956522	0.9042792792792793	0.9143356643356644	0.9345047923322684	0.9354207436399217	0.9422700587084148	0.9279661016949152	0.9451901565995525	0.901174168297456	0.9102167182662538	0.961839530332681	0.961839530332681	0.9481409001956947	0.9471624266144814	0.8933463796477495	0.9295499021526419	0.8943248532289628	0.8796477495107632	0.9726027397260274	0.9373776908023483	0.8904109589041096	0.97252208047105	0.9158512720156555	0	0.9305555555555556	0.8975409836065574	1.0	0.910958904109589	0.8972602739726028	0.021526418786692758	0.8923679060665362	0.9684782608695652	0.950920245398773	
0.8916666666666667	0.9569444444444445	0.9	0.8708333333333333	0.8930555555555556	0.9125	0.8426573426573427	0.8434504792332268	0.9347222222222222	0.9138888888888889	0.8930555555555556	0.9027777777777778	0.9291666666666667	0.9040247678018576	0.9430555555555555	0.9430555555555555	0.9305555555555556	0.9291666666666667	0.9180555555555555	0.9291666666666667	0.9180555555555555	0.9111111111111111	0.9708333333333333	0.9027777777777778	0.9333333333333333	0.9833333333333333	0.9083333333333333	0.9305555555555556	0	0.7950819672131147	1.0	0.9277777777777778	0.8972222222222223	0.9305555555555556	0.8986111111111111	0.9416666666666667	0.9309815950920245	
0.8709016393442623	0.9426229508196722	0.8852459016393442	0.8381147540983607	0.8545081967213115	0.8135245901639344	0.8114754098360656	0.8278688524590164	0.9016393442622951	0.8729508196721312	0.8422131147540983	0.8668032786885246	0.8729508196721312	0.8811475409836066	0.9323770491803278	0.930327868852459	0.9057377049180327	0.9077868852459017	0.8790983606557377	0.8995901639344263	0.8790983606557377	0.8831967213114754	0.9549180327868853	0.8688524590163934	0.9036885245901639	0.9733606557377049	0.889344262295082	0.8975409836065574	0.7950819672131147	0	1.0	0.8934426229508197	0.8831967213114754	0.8975409836065574	0.8709016393442623	0.9200819672131147	0.9282786885245902	
1.0	1.0	1.0	1.0	1.0	1.0	1.0	1.0	1.0	1.0	1.0	1.0	1.0	1.0	1.0	1.0	1.0	1.0	1.0	1.0	1.0	1.0	1.0	1.0	1.0	1.0	1.0	1.0	1.0	1.0	0	1.0	1.0	1.0	1.0	1.0	1.0	
0.9370300751879699	0.9748490945674044	0.912573673870334	0.9164926931106472	0.9409937888198758	0.9358108108108109	0.8863636363636364	0.9345047923322684	0.9533762057877814	0.9572981366459627	0.9036016949152542	0.9205816554809844	0.9262422360248447	0.9148606811145511	0.9759316770186336	0.967128027681661	0.9599358974358975	0.9590690208667737	0.9316770186335404	0.9324534161490683	0.9212454212454212	0.9270186335403726	0.9755434782608695	0.948073701842546	0.9384735202492211	0.971540726202159	0.9306930693069307	0.910958904109589	0.9277777777777778	0.8934426229508197	1.0	0	0.9316770186335404	0.92890625	0.9363354037267081	0.9641304347826087	0.9447852760736196	
0.9219924812030075	0.9758551307847082	0.787819253438114	0.9112734864300627	0.8778467908902692	0.8885135135135135	0.8811188811188811	0.8402555910543131	0.9453376205787781	0.9430284857571214	0.9120762711864406	0.8847874720357942	0.9182763744427934	0.8962848297213623	0.954954954954955	0.9524221453287197	0.9543269230769231	0.9470304975922953	0.9034954407294833	0.9494799405646359	0.8864468864468864	0.8938931297709923	0.9682971014492754	0.9003350083752094	0.9369158878504673	0.9685966633954858	0.900990099009901	0.8972602739726028	0.8972222222222223	0.8831967213114754	1.0	0.9316770186335404	0	0.91796875	0.9314456035767511	0.9619565217391305	0.9079754601226994	
0.9351503759398496	0.9768611670020121	0.9106090373280943	0.9436325678496869	0.9347826086956522	0.9042792792792793	0.9143356643356644	0.9345047923322684	0.9469453376205788	0.95390625	0.9279661016949152	0.9451901565995525	0.92109375	0.9102167182662538	0.96953125	0.9662629757785467	0.9575320512820513	0.956661316211878	0.91484375	0.94375	0.9010989010989011	0.90390625	0.9746376811594203	0.9463986599664992	0.9125	0.97252208047105	0.929042904290429	0.021526418786692758	0.9305555555555556	0.8975409836065574	1.0	0.92890625	0.91796875	0	0.9140625	0.9684782608695652	0.950920245398773	
0.9125939849624061	0.9708249496981891	0.9155206286836935	0.9384133611691023	0.8861283643892339	0.9268018018018018	0.9038461538461539	0.9169329073482428	0.9461414790996785	0.9625187406296851	0.9110169491525424	0.9362416107382551	0.9336810730253353	0.9226006191950464	0.9774774774774775	0.9662629757785467	0.9599358974358975	0.9574638844301766	0.9354103343465046	0.9478390461997019	0.923992673992674	0.9206106870229007	0.9755434782608695	0.9380234505862647	0.9174454828660437	0.9685966633954858	0.9331683168316832	0.8923679060665362	0.8986111111111111	0.8709016393442623	1.0	0.9363354037267081	0.9314456035767511	0.9140625	0	0.9597826086956521	0.9524539877300614	
0.966304347826087	0.9869565217391304	0.9619565217391305	0.9630434782608696	0.9532608695652174	0.954954954954955	0.9388111888111889	0.9424920127795527	0.9684782608695652	0.9304347826086956	0.9543478260869566	0.9619686800894854	0.9652173913043478	0.9009287925696594	0.8956521739130435	0.9	0.9684782608695652	0.9684782608695652	0.9619565217391305	0.9608695652173913	0.9619565217391305	0.9532608695652174	0.9945652173913043	0.9597826086956521	0.9684782608695652	0.9934782608695653	0.9684782608695652	0.9684782608695652	0.9416666666666667	0.9200819672131147	1.0	0.9641304347826087	0.9619565217391305	0.9684782608695652	0.9597826086956521	0	0.8236196319018405	
0.9340490797546013	0.9815950920245399	0.911042944785276	0.9187116564417178	0.9371165644171779	0.9447852760736196	0.9265734265734266	0.9073482428115016	0.9524539877300614	0.8911042944785276	0.9233128834355828	0.9233128834355828	0.9478527607361963	0.9009287925696594	0.848159509202454	0.8665644171779141	0.950920245398773	0.950920245398773	0.941717791411043	0.9616564417177914	0.941717791411043	0.9202453987730062	0.9923312883435583	0.901840490797546	0.9539877300613497	0.9923312883435583	0.950920245398773	0.950920245398773	0.9309815950920245	0.9282786885245902	1.0	0.9447852760736196	0.9079754601226994	0.950920245398773	0.9524539877300614	0.8236196319018405	0	
