0	0.9378109452736318	0.9107142857142857	0.9161073825503355	0.9221491228070176	0.9199561403508771	0.9168539325842696	0.8988888888888888	0.8958333333333334	0.8656957928802589	0.9320175438596491	0.9067982456140351	0.9287280701754386	0.9396929824561403	0.893640350877193	0.9298245614035088	0.9385964912280702	0.9166666666666666	0.9221491228070176	0.8848684210526315	0.8881578947368421	0.9296482412060302	0.9225888324873096	0.9495614035087719	0.9089912280701754	0.8607456140350878	0.9111842105263158	0.8892543859649122	
0.9378109452736318	0	0.8532338308457711	0.9191542288557214	0.9340796019900498	0.8992537313432836	0.8980099502487562	0.8967661691542289	0.8880597014925373	0.901294498381877	0.9328358208955224	0.9104477611940298	0.8420398009950248	0.9129353233830846	0.9266169154228856	0.9017412935323383	0.9266169154228856	0.9029850746268657	0.8992537313432836	0.8905472636815921	0.8706467661691543	0.8454773869346733	0.9060913705583756	0.9365671641791045	0.8893034825870647	0.9266169154228856	0.8980099502487562	0.914179104477612	
0.9107142857142857	0.8532338308457711	0	0.9071588366890381	0.9229910714285714	0.921875	0.8786516853932584	0.8805803571428571	0.9185267857142857	0.8770226537216829	0.9520089285714286	0.9162946428571429	0.9029017857142857	0.9274553571428571	0.9196428571428571	0.9185267857142857	0.9274553571428571	0.9185267857142857	0.8928571428571429	0.8404017857142857	0.8526785714285714	0.8417085427135679	0.9086294416243654	0.9386160714285714	0.9285714285714286	0.9162946428571429	0.9006696428571429	0.8939732142857143	
0.9161073825503355	0.9191542288557214	0.9071588366890381	0	0.9172259507829977	0.9172259507829977	0.902247191011236	0.8769574944071589	0.8870246085011185	0.8317152103559871	0.9317673378076062	0.883668903803132	0.9060402684563759	0.9049217002237137	0.9038031319910514	0.8903803131991052	0.9161073825503355	0.8769574944071589	0.9105145413870246	0.8825503355704698	0.8948545861297539	0.9158291457286433	0.9035532994923858	0.9407158836689038	0.9172259507829977	0.9116331096196868	0.8914988814317674	0.9183445190156599	
0.9221491228070176	0.9340796019900498	0.9229910714285714	0.9172259507829977	0	0.8966597077244259	0.9314606741573034	0.9188888888888889	0.8977035490605428	0.8559870550161812	0.941544885177453	0.8987473903966597	0.9175365344467641	0.9039665970772442	0.9269311064718163	0.9290187891440501	0.9426751592356688	0.9269311064718163	0.9340425531914893	0.8977035490605428	0.8987473903966597	0.9221105527638191	0.9098984771573604	0.9592901878914405	0.9352818371607515	0.9457202505219207	0.9008350730688935	0.9478079331941545	
0.9199561403508771	0.8992537313432836	0.921875	0.9172259507829977	0.8966597077244259	0	0.9078651685393259	0.9055555555555556	0.8561904761904762	0.8770226537216829	0.9074427480916031	0.8552380952380952	0.8247619047619048	0.8380952380952381	0.9238095238095239	0.8961904761904762	0.9182590233545648	0.9003944773175543	0.9138297872340425	0.8990476190476191	0.9076190476190477	0.8982412060301508	0.8769035532994924	0.9476190476190476	0.9066666666666666	0.9485714285714286	0.8914285714285715	0.9323809523809524	
0.9168539325842696	0.8980099502487562	0.8786516853932584	0.902247191011236	0.9314606741573034	0.9078651685393259	0	0.755056179775281	0.9011235955056179	0.8543689320388349	0.9483146067415731	0.902247191011236	0.9089887640449438	0.9179775280898876	0.9325842696629213	0.8808988764044944	0.9314606741573034	0.8797752808988764	0.9247191011235955	0.8966292134831461	0.9011235955056179	0.9045226130653267	0.9035532994923858	0.9404494382022472	0.9213483146067416	0.9213483146067416	0.8921348314606742	0.9089887640449438	
0.8988888888888888	0.8967661691542289	0.8805803571428571	0.8769574944071589	0.9188888888888889	0.9055555555555556	0.755056179775281	0	0.8677777777777778	0.813915857605178	0.9466666666666667	0.8722222222222222	0.9022222222222223	0.9088888888888889	0.8933333333333333	0.88	0.9155555555555556	0.8666666666666667	0.8911111111111111	0.89	0.8677777777777778	0.8919597989949749	0.9035532994923858	0.9411111111111111	0.9044444444444445	0.8977777777777778	0.8833333333333333	0.8988888888888888	
0.8958333333333334	0.8880597014925373	0.9185267857142857	0.8870246085011185	0.8977035490605428	0.8561904761904762	0.9011235955056179	0.8677777777777778	0	0.8155339805825242	0.8893129770992366	0.8351449275362319	0.8362521891418564	0.8636363636363636	0.8828671328671329	0.8723776223776224	0.910828025477707	0.8382642998027613	0.9212765957446809	0.8752293577981651	0.8380681818181818	0.8756281407035176	0.8769035532994924	0.951048951048951	0.8828671328671329	0.923951048951049	0.8809946714031972	0.8942307692307693	
0.8656957928802589	0.901294498381877	0.8770226537216829	0.8317152103559871	0.8559870550161812	0.8770226537216829	0.8543689320388349	0.813915857605178	0.8155339805825242	0	0.9158576051779935	0.813915857605178	0.8802588996763754	0.8673139158576052	0.8559870550161812	0.8462783171521036	0.8867313915857605	0.8300970873786407	0.872168284789644	0.7831715210355987	0.8074433656957929	0.8381877022653722	0.8689320388349514	0.912621359223301	0.8559870550161812	0.8656957928802589	0.7686084142394822	0.8203883495145631	
0.9320175438596491	0.9328358208955224	0.9520089285714286	0.9317673378076062	0.941544885177453	0.9074427480916031	0.9483146067415731	0.9466666666666667	0.8893129770992366	0.9158576051779935	0	0.9217557251908397	0.8902671755725191	0.9169847328244275	0.8769083969465649	0.9236641221374046	0.9363057324840764	0.9211045364891519	0.9457446808510638	0.9236641221374046	0.9389312977099237	0.9233668341708543	0.8921319796954315	0.9685114503816794	0.9055343511450382	0.958969465648855	0.9093511450381679	0.9437022900763359	
0.9067982456140351	0.9104477611940298	0.9162946428571429	0.883668903803132	0.8987473903966597	0.8552380952380952	0.902247191011236	0.8722222222222222	0.8351449275362319	0.813915857605178	0.9217557251908397	0	0.8532608695652174	0.8260869565217391	0.8976449275362319	0.8858695652173914	0.9065817409766455	0.8570019723865878	0.9031914893617021	0.865137614678899	0.8854166666666666	0.8894472361809045	0.8426395939086294	0.9519927536231884	0.9012681159420289	0.9211956521739131	0.8577898550724637	0.9112318840579711	
0.9287280701754386	0.8420398009950248	0.9029017857142857	0.9060402684563759	0.9175365344467641	0.8247619047619048	0.9089887640449438	0.9022222222222223	0.8362521891418564	0.8802588996763754	0.8902671755725191	0.8532608695652174	0	0.8686514886164624	0.9054290718038529	0.8686514886164624	0.9235668789808917	0.873767258382643	0.8978723404255319	0.8853211009174312	0.865530303030303	0.8957286432160804	0.8769035532994924	0.9535901926444834	0.9194395796847635	0.9492119089316988	0.8783303730017762	0.9089316987740805	
0.9396929824561403	0.9129353233830846	0.9274553571428571	0.9049217002237137	0.9039665970772442	0.8380952380952381	0.9179775280898876	0.9088888888888889	0.8636363636363636	0.8673139158576052	0.9169847328244275	0.8260869565217391	0.8686514886164624	0	0.9363166953528399	0.9058721934369602	0.9182590233545648	0.8925049309664694	0.9053191489361702	0.9	0.8929924242424242	0.9384422110552764	0.8401015228426396	0.9561101549053356	0.9255499153976311	0.9568527918781726	0.8783303730017762	0.9509306260575296	
0.893640350877193	0.9266169154228856	0.9196428571428571	0.9038031319910514	0.9269311064718163	0.9238095238095239	0.9325842696629213	0.8933333333333333	0.8828671328671329	0.8559870550161812	0.8769083969465649	0.8976449275362319	0.9054290718038529	0.9363166953528399	0	0.9050086355785838	0.945859872611465	0.8846153846153846	0.9329787234042554	0.9091743119266055	0.8901515151515151	0.8844221105527639	0.8934010152284264	0.9707401032702238	0.9001721170395869	0.9268502581755593	0.8952042628774423	0.9251290877796902	
0.9298245614035088	0.9017412935323383	0.9185267857142857	0.8903803131991052	0.9290187891440501	0.8961904761904762	0.8808988764044944	0.88	0.8723776223776224	0.8462783171521036	0.9236641221374046	0.8858695652173914	0.8686514886164624	0.9058721934369602	0.9050086355785838	0	0.9246284501061571	0.14595660749506903	0.8893617021276595	0.8917431192660551	0.8986742424242424	0.9020100502512562	0.8895939086294417	0.9533678756476683	0.9352331606217616	0.9438687392055267	0.88898756660746	0.9326424870466321	
0.9385964912280702	0.9266169154228856	0.9274553571428571	0.9161073825503355	0.9426751592356688	0.9182590233545648	0.9314606741573034	0.9155555555555556	0.910828025477707	0.8867313915857605	0.9363057324840764	0.9065817409766455	0.9235668789808917	0.9182590233545648	0.945859872611465	0.9246284501061571	0	0.9118895966029724	0.9223404255319149	0.8694267515923567	0.9235668789808917	0.9371859296482412	0.8769035532994924	0.945859872611465	0.9522292993630573	0.940552016985138	0.8927813163481954	0.9437367303609342	
0.9166666666666666	0.9029850746268657	0.9185267857142857	0.8769574944071589	0.9269311064718163	0.9003944773175543	0.8797752808988764	0.8666666666666667	0.8382642998027613	0.8300970873786407	0.9211045364891519	0.8570019723865878	0.873767258382643	0.8925049309664694	0.8846153846153846	0.14595660749506903	0.9118895966029724	0	0.9095744680851063	0.8806706114398422	0.8856015779092702	0.8894472361809045	0.8895939086294417	0.9467455621301775	0.9151873767258383	0.9240631163708086	0.8826429980276134	0.9181459566074951	
0.9221491228070176	0.8992537313432836	0.8928571428571429	0.9105145413870246	0.9340425531914893	0.9138297872340425	0.9247191011235955	0.8911111111111111	0.9212765957446809	0.872168284789644	0.9457446808510638	0.9031914893617021	0.8978723404255319	0.9053191489361702	0.9329787234042554	0.8893617021276595	0.9223404255319149	0.9095744680851063	0	0.8914893617021277	0.9127659574468086	0.928391959798995	0.8959390862944162	0.9457446808510638	0.9478723404255319	0.9446808510638298	0.902127659574468	0.9468085106382979	
0.8848684210526315	0.8905472636815921	0.8404017857142857	0.8825503355704698	0.8977035490605428	0.8990476190476191	0.8966292134831461	0.89	0.8752293577981651	0.7831715210355987	0.9236641221374046	0.865137614678899	0.8853211009174312	0.9	0.9091743119266055	0.8917431192660551	0.8694267515923567	0.8806706114398422	0.8914893617021277	0	0.8778409090909091	0.8128140703517588	0.8439086294416244	0.9513761467889909	0.9247706422018349	0.9284403669724771	0.828440366972477	0.8697247706422019	
0.8881578947368421	0.8706467661691543	0.8526785714285714	0.8948545861297539	0.8987473903966597	0.9076190476190477	0.9011235955056179	0.8677777777777778	0.8380681818181818	0.8074433656957929	0.9389312977099237	0.8854166666666666	0.865530303030303	0.8929924242424242	0.8901515151515151	0.8986742424242424	0.9235668789808917	0.8856015779092702	0.9127659574468086	0.8778409090909091	0	0.8567839195979899	0.9073604060913706	0.946969696969697	0.9356060606060606	0.9289772727272727	0.9034090909090909	0.9232954545454546	
0.9296482412060302	0.8454773869346733	0.8417085427135679	0.9158291457286433	0.9221105527638191	0.8982412060301508	0.9045226130653267	0.8919597989949749	0.8756281407035176	0.8381877022653722	0.9233668341708543	0.8894472361809045	0.8957286432160804	0.9384422110552764	0.8844221105527639	0.9020100502512562	0.9371859296482412	0.8894472361809045	0.928391959798995	0.8128140703517588	0.8567839195979899	0	0.9454314720812182	0.9585427135678392	0.8731155778894473	0.9108040201005025	0.885678391959799	0.8542713567839196	
0.9225888324873096	0.9060913705583756	0.9086294416243654	0.9035532994923858	0.9098984771573604	0.8769035532994924	0.9035532994923858	0.9035532994923858	0.8769035532994924	0.8689320388349514	0.8921319796954315	0.8426395939086294	0.8769035532994924	0.8401015228426396	0.8934010152284264	0.8895939086294417	0.8769035532994924	0.8895939086294417	0.8959390862944162	0.8439086294416244	0.9073604060913706	0.9454314720812182	0	0.9352791878172588	0.916243654822335	0.934010152284264	0.050761421319796954	0.9403553299492385	
0.9495614035087719	0.9365671641791045	0.9386160714285714	0.9407158836689038	0.9592901878914405	0.9476190476190476	0.9404494382022472	0.9411111111111111	0.951048951048951	0.912621359223301	0.9685114503816794	0.9519927536231884	0.9535901926444834	0.9561101549053356	0.9707401032702238	0.9533678756476683	0.945859872611465	0.9467455621301775	0.9457446808510638	0.9513761467889909	0.946969696969697	0.9585427135678392	0.9352791878172588	0	0.9647160068846816	0.9251290877796902	0.9529307282415631	0.963855421686747	
0.9089912280701754	0.8893034825870647	0.9285714285714286	0.9172259507829977	0.9352818371607515	0.9066666666666666	0.9213483146067416	0.9044444444444445	0.8828671328671329	0.8559870550161812	0.9055343511450382	0.9012681159420289	0.9194395796847635	0.9255499153976311	0.9001721170395869	0.9352331606217616	0.9522292993630573	0.9151873767258383	0.9478723404255319	0.9247706422018349	0.9356060606060606	0.8731155778894473	0.916243654822335	0.9647160068846816	0	0.9060402684563759	0.9094138543516874	0.9001677852348994	
0.8607456140350878	0.9266169154228856	0.9162946428571429	0.9116331096196868	0.9457202505219207	0.9485714285714286	0.9213483146067416	0.8977777777777778	0.923951048951049	0.8656957928802589	0.958969465648855	0.9211956521739131	0.9492119089316988	0.9568527918781726	0.9268502581755593	0.9438687392055267	0.940552016985138	0.9240631163708086	0.9446808510638298	0.9284403669724771	0.9289772727272727	0.9108040201005025	0.934010152284264	0.9251290877796902	0.9060402684563759	0	0.9360568383658969	0.9158653846153846	
0.9111842105263158	0.8980099502487562	0.9006696428571429	0.8914988814317674	0.9008350730688935	0.8914285714285715	0.8921348314606742	0.8833333333333333	0.8809946714031972	0.7686084142394822	0.9093511450381679	0.8577898550724637	0.8783303730017762	0.8783303730017762	0.8952042628774423	0.88898756660746	0.8927813163481954	0.8826429980276134	0.902127659574468	0.828440366972477	0.9034090909090909	0.885678391959799	0.050761421319796954	0.9529307282415631	0.9094138543516874	0.9360568383658969	0	0.8792184724689165	
0.8892543859649122	0.914179104477612	0.8939732142857143	0.9183445190156599	0.9478079331941545	0.9323809523809524	0.9089887640449438	0.8988888888888888	0.8942307692307693	0.8203883495145631	0.9437022900763359	0.9112318840579711	0.9089316987740805	0.9509306260575296	0.9251290877796902	0.9326424870466321	0.9437367303609342	0.9181459566074951	0.9468085106382979	0.8697247706422019	0.9232954545454546	0.8542713567839196	0.9403553299492385	0.963855421686747	0.9001677852348994	0.9158653846153846	0.8792184724689165	0	
