0	0.9737903225806451	0.967741935483871	0.9416846652267818	0.9747983870967742	0.9318706697459584	0.9279918864097363	0.9314516129032258	0.9405241935483871	0.9556451612903226	0.9445564516129032	0.9536290322580645	0.9637096774193549	0.9445564516129032	0.9445564516129032	0.9304435483870968	0.9707661290322581	0.9717741935483871	0.9506048387096774	0.9274193548387096	0.9497907949790795	0.9660421545667447	0.9300411522633745	0.9717741935483871	0.9465725806451613	0.9778225806451613	0.936491935483871	0.9516129032258065	0.9657258064516129	
0.9737903225806451	0	0.9935483870967742	0.9956803455723542	0.98	0.9745958429561201	0.9716024340770791	0.9656188605108055	0.9708171206225681	0.9737354085603113	0.9776264591439688	0.9523346303501945	0.9649805447470817	0.9610894941634242	0.9630350194552529	0.97568093385214	0.9708171206225681	0.9815175097276264	0.9737354085603113	0.97568093385214	0.9560669456066946	0.9461358313817331	0.977366255144033	0.9659533073929961	0.9571984435797666	0.9649805447470817	0.9766536964980544	0.9591439688715954	0.9640077821011673	
0.967741935483871	0.9935483870967742	0	0.9306451612903226	0.9419354838709677	0.9790322580645161	0.9709677419354839	0.9806451612903225	0.9806451612903225	0.9822580645161291	0.9774193548387097	0.9903225806451613	0.9758064516129032	0.9838709677419355	0.9806451612903225	0.9564516129032258	0.9419354838709677	0.9548387096774194	0.9806451612903225	0.9516129032258065	0.9822580645161291	0.9338709677419355	0.9218106995884774	0.9532258064516129	0.9806451612903225	0.9548387096774194	0.9370967741935484	0.9822580645161291	0.9419354838709677	
0.9416846652267818	0.9956803455723542	0.9306451612903226	0	0.9816414686825053	0.9618937644341802	0.958963282937365	0.9546436285097192	0.9654427645788337	0.9524838012958964	0.9622030237580994	0.9708423326133909	0.9719222462203023	0.9654427645788337	0.9676025917926566	0.9600431965442765	0.9881209503239741	0.9773218142548596	0.9665226781857451	0.9524838012958964	0.9676025917926566	0.9742388758782201	0.9135802469135802	0.9924406047516199	0.9676025917926566	0.9838012958963283	0.9708423326133909	0.9676025917926566	0.9416846652267818	
0.9747983870967742	0.98	0.9419354838709677	0.9816414686825053	0	0.9757505773672055	0.9482758620689655	0.954	0.981	0.986	0.98	0.973	0.982	0.939	0.98	0.982	0.95	0.983	0.968	0.966	0.9633891213389121	0.9461358313817331	0.977366255144033	0.966	0.98	0.961	0.945	0.965	0.98	
0.9318706697459584	0.9745958429561201	0.9790322580645161	0.9618937644341802	0.9757505773672055	0	0.9422632794457275	0.9341801385681293	0.8602771362586605	0.9214780600461894	0.8833718244803695	0.9330254041570438	0.9249422632794457	0.9041570438799076	0.9133949191685913	0.9214780600461894	0.9353348729792148	0.9480369515011547	0.8926096997690531	0.941108545034642	0.8972286374133949	0.9672131147540983	0.9506172839506173	0.9699769053117783	0.9341801385681293	0.9745958429561201	0.9653579676674365	0.8972286374133949	0.9422632794457275	
0.9279918864097363	0.9716024340770791	0.9709677419354839	0.958963282937365	0.9482758620689655	0.9422632794457275	0	0.8995943204868154	0.949290060851927	0.9563894523326572	0.9523326572008114	0.947261663286004	0.9726166328600405	0.9269776876267748	0.9523326572008114	0.9503042596348884	0.9614604462474645	0.9756592292089249	0.9371196754563894	0.9036511156186613	0.9173640167364017	0.9601873536299765	0.9176954732510288	0.9665314401622718	0.9503042596348884	0.9766734279918864	0.9563894523326572	0.9198782961460447	0.9584178498985801	
0.9314516129032258	0.9656188605108055	0.9806451612903225	0.9546436285097192	0.954	0.9341801385681293	0.8995943204868154	0	0.9459724950884086	0.9508840864440079	0.9479371316306483	0.9420432220039293	0.9715127701375246	0.9145383104125737	0.9508840864440079	0.9469548133595285	0.9567779960707269	0.9607072691552063	0.9341846758349706	0.9115913555992141	0.9267782426778243	0.9508196721311475	0.9156378600823045	0.9695481335952849	0.9489194499017681	0.9783889980353635	0.9577603143418467	0.931237721021611	0.9469548133595285	
0.9405241935483871	0.9708171206225681	0.9806451612903225	0.9654427645788337	0.981	0.8602771362586605	0.949290060851927	0.9459724950884086	0	0.8620689655172413	0.8588039867109635	0.8047839506172839	0.8807266982622433	0.9182098765432098	0.8397435897435898	0.8626543209876543	0.9262981574539364	0.9440993788819876	0.9057632398753894	0.9508771929824561	0.8640167364016736	0.9180327868852459	0.9506172839506173	0.9436728395061729	0.9012345679012346	0.9364406779661016	0.9748700173310225	0.8580645161290322	0.9012345679012346	
0.9556451612903226	0.9737354085603113	0.9822580645161291	0.9524838012958964	0.986	0.9214780600461894	0.9563894523326572	0.9508840864440079	0.8620689655172413	0	0.8820598006644518	0.8667711598746082	0.909952606635071	0.9263322884012539	0.875801282051282	0.859717868338558	0.9346733668341709	0.9561128526645768	0.9122257053291536	0.962280701754386	0.8859832635983264	0.9203747072599532	0.9506172839506173	0.9427899686520376	0.9184952978056427	0.9364406779661016	0.9800693240901213	0.8782258064516129	0.9067398119122257	
0.9445564516129032	0.9776264591439688	0.9774193548387097	0.9622030237580994	0.98	0.8833718244803695	0.9523326572008114	0.9479371316306483	0.8588039867109635	0.8820598006644518	0	0.8729235880398671	0.8795681063122923	0.9102990033222591	0.8704318936877077	0.8712624584717608	0.9078726968174204	0.9601328903654485	0.9169435215946844	0.9535087719298245	0.9267782426778243	0.9391100702576113	0.9506172839506173	0.9493355481727574	0.920265780730897	0.9372881355932203	0.9748700173310225	0.9053156146179402	0.9335548172757475	
0.9536290322580645	0.9523346303501945	0.9903225806451613	0.9708423326133909	0.973	0.9330254041570438	0.947261663286004	0.9420432220039293	0.8047839506172839	0.8667711598746082	0.8729235880398671	0	0.8925750394944708	0.9074923547400612	0.8597756410256411	0.8555045871559633	0.9279731993299832	0.9409937888198758	0.9322429906542056	0.956140350877193	0.8817991631799164	0.8852459016393442	0.9506172839506173	0.9327217125382263	0.9036697247706422	0.9203389830508475	0.9722703639514731	0.875	0.9097859327217125	
0.9637096774193549	0.9649805447470817	0.9758064516129032	0.9719222462203023	0.982	0.9249422632794457	0.9726166328600405	0.9715127701375246	0.8807266982622433	0.909952606635071	0.8795681063122923	0.8925750394944708	0	0.9383886255924171	0.9014423076923077	0.8902053712480252	0.9279731993299832	0.9368088467614534	0.9360189573459715	0.9675438596491228	0.9225941422594143	0.9192037470725996	0.9814814814814815	0.9486571879936809	0.9328593996840442	0.9423728813559322	0.9766031195840554	0.9024193548387097	0.9391785150078988	
0.9445564516129032	0.9610894941634242	0.9838709677419355	0.9654427645788337	0.939	0.9041570438799076	0.9269776876267748	0.9145383104125737	0.9182098765432098	0.9263322884012539	0.9102990033222591	0.9074923547400612	0.9383886255924171	0	0.9078525641025641	0.9276018099547512	0.923785594639866	0.953416149068323	0.911993769470405	0.9482456140350877	0.8755230125523012	0.9039812646370023	0.9382716049382716	0.9550898203592815	0.9266467065868264	0.9440677966101695	0.9653379549393414	0.8943548387096775	0.9341317365269461	
0.9445564516129032	0.9630350194552529	0.9806451612903225	0.9676025917926566	0.98	0.9133949191685913	0.9523326572008114	0.9508840864440079	0.8397435897435898	0.875801282051282	0.8704318936877077	0.8597756410256411	0.9014423076923077	0.9078525641025641	0	0.8878205128205128	0.9246231155778895	0.9511217948717948	0.9399038461538461	0.95	0.9069037656903766	0.9086651053864169	0.9506172839506173	0.9334935897435898	0.9142628205128205	0.9296610169491526	0.9748700173310225	0.8935483870967742	0.9134615384615384	
0.9304435483870968	0.97568093385214	0.9564516129032258	0.9600431965442765	0.982	0.9214780600461894	0.9503042596348884	0.9469548133595285	0.8626543209876543	0.859717868338558	0.8712624584717608	0.8555045871559633	0.8902053712480252	0.9276018099547512	0.8878205128205128	0	0.9212730318257957	0.9541925465838509	0.9384735202492211	0.9526315789473684	0.9194560669456067	0.9203747072599532	0.911522633744856	0.9441930618401206	0.9117647058823529	0.9338983050847458	0.9740034662045061	0.9032258064516129	0.9298642533936652	
0.9707661290322581	0.9708171206225681	0.9419354838709677	0.9881209503239741	0.95	0.9353348729792148	0.9614604462474645	0.9567779960707269	0.9262981574539364	0.9346733668341709	0.9078726968174204	0.9279731993299832	0.9279731993299832	0.923785594639866	0.9246231155778895	0.9212730318257957	0	0.949748743718593	0.9463986599664992	0.9394736842105263	0.9382845188284519	0.9016393442622951	0.9753086419753086	0.9204355108877722	0.9195979899497487	0.9203389830508475	0.9506065857885615	0.9262981574539364	0.9606365159128978	
0.9717741935483871	0.9815175097276264	0.9548387096774194	0.9773218142548596	0.983	0.9480369515011547	0.9756592292089249	0.9607072691552063	0.9440993788819876	0.9561128526645768	0.9601328903654485	0.9409937888198758	0.9368088467614534	0.953416149068323	0.9511217948717948	0.9541925465838509	0.949748743718593	0	0.9618380062305296	0.9798245614035088	0.9456066945606695	0.9473067915690867	0.9917695473251029	0.9712732919254659	0.952639751552795	0.9584745762711865	0.9818024263431543	0.9370967741935484	0.9635093167701864	
0.9506048387096774	0.9737354085603113	0.9806451612903225	0.9665226781857451	0.968	0.8926096997690531	0.9371196754563894	0.9341846758349706	0.9057632398753894	0.9122257053291536	0.9169435215946844	0.9322429906542056	0.9360189573459715	0.911993769470405	0.9399038461538461	0.9384735202492211	0.9463986599664992	0.9618380062305296	0	0.9447368421052632	0.8430962343096234	0.9332552693208431	0.9506172839506173	0.9758566978193146	0.9447040498442367	0.976271186440678	0.9679376083188909	0.8790322580645161	0.9439252336448598	
0.9274193548387096	0.97568093385214	0.9516129032258065	0.9524838012958964	0.966	0.941108545034642	0.9036511156186613	0.9115913555992141	0.9508771929824561	0.962280701754386	0.9535087719298245	0.956140350877193	0.9675438596491228	0.9482456140350877	0.95	0.9526315789473684	0.9394736842105263	0.9798245614035088	0.9447368421052632	0	0.9246861924686193	0.9519906323185011	0.9053497942386831	0.9780701754385965	0.9456140350877194	0.980701754385965	0.95	0.9368421052631579	0.9675438596491228	
0.9497907949790795	0.9560669456066946	0.9822580645161291	0.9676025917926566	0.9633891213389121	0.8972286374133949	0.9173640167364017	0.9267782426778243	0.8640167364016736	0.8859832635983264	0.9267782426778243	0.8817991631799164	0.9225941422594143	0.8755230125523012	0.9069037656903766	0.9194560669456067	0.9382845188284519	0.9456066945606695	0.8430962343096234	0.9246861924686193	0	0.9086651053864169	0.9506172839506173	0.9560669456066946	0.9100418410041841	0.9456066945606695	0.9612970711297071	0.07112970711297072	0.8640167364016736	
0.9660421545667447	0.9461358313817331	0.9338709677419355	0.9742388758782201	0.9461358313817331	0.9672131147540983	0.9601873536299765	0.9508196721311475	0.9180327868852459	0.9203747072599532	0.9391100702576113	0.8852459016393442	0.9192037470725996	0.9039812646370023	0.9086651053864169	0.9203747072599532	0.9016393442622951	0.9473067915690867	0.9332552693208431	0.9519906323185011	0.9086651053864169	0	0.9897119341563786	0.8864168618266979	0.9133489461358314	0.9086651053864169	0.9402810304449649	0.8957845433255269	0.8957845433255269	
0.9300411522633745	0.977366255144033	0.9218106995884774	0.9135802469135802	0.977366255144033	0.9506172839506173	0.9176954732510288	0.9156378600823045	0.9506172839506173	0.9506172839506173	0.9506172839506173	0.9506172839506173	0.9814814814814815	0.9382716049382716	0.9506172839506173	0.911522633744856	0.9753086419753086	0.9917695473251029	0.9506172839506173	0.9053497942386831	0.9506172839506173	0.9897119341563786	0	0.9897119341563786	0.9320987654320988	0.9897119341563786	0.9711934156378601	0.9506172839506173	0.9176954732510288	
0.9717741935483871	0.9659533073929961	0.9532258064516129	0.9924406047516199	0.966	0.9699769053117783	0.9665314401622718	0.9695481335952849	0.9436728395061729	0.9427899686520376	0.9493355481727574	0.9327217125382263	0.9486571879936809	0.9550898203592815	0.9334935897435898	0.9441930618401206	0.9204355108877722	0.9712732919254659	0.9758566978193146	0.9780701754385965	0.9560669456066946	0.8864168618266979	0.9897119341563786	0	0.9445255474452555	0.923728813559322	0.9618717504332756	0.9483870967741935	0.9468562874251497	
0.9465725806451613	0.9571984435797666	0.9806451612903225	0.9676025917926566	0.98	0.9341801385681293	0.9503042596348884	0.9489194499017681	0.9012345679012346	0.9184952978056427	0.920265780730897	0.9036697247706422	0.9328593996840442	0.9266467065868264	0.9142628205128205	0.9117647058823529	0.9195979899497487	0.952639751552795	0.9447040498442367	0.9456140350877194	0.9100418410041841	0.9133489461358314	0.9320987654320988	0.9445255474452555	0	0.9305084745762712	0.9670710571923743	0.9185483870967742	0.9356287425149701	
0.9778225806451613	0.9649805447470817	0.9548387096774194	0.9838012958963283	0.961	0.9745958429561201	0.9766734279918864	0.9783889980353635	0.9364406779661016	0.9364406779661016	0.9372881355932203	0.9203389830508475	0.9423728813559322	0.9440677966101695	0.9296610169491526	0.9338983050847458	0.9203389830508475	0.9584745762711865	0.976271186440678	0.980701754385965	0.9456066945606695	0.9086651053864169	0.9897119341563786	0.923728813559322	0.9305084745762712	0	0.9636048526863085	0.902542372881356	0.9330508474576271	
0.936491935483871	0.9766536964980544	0.9370967741935484	0.9708423326133909	0.945	0.9653579676674365	0.9563894523326572	0.9577603143418467	0.9748700173310225	0.9800693240901213	0.9748700173310225	0.9722703639514731	0.9766031195840554	0.9653379549393414	0.9748700173310225	0.9740034662045061	0.9506065857885615	0.9818024263431543	0.9679376083188909	0.95	0.9612970711297071	0.9402810304449649	0.9711934156378601	0.9618717504332756	0.9670710571923743	0.9636048526863085	0	0.9679376083188909	0.9913344887348353	
0.9516129032258065	0.9591439688715954	0.9822580645161291	0.9676025917926566	0.965	0.8972286374133949	0.9198782961460447	0.931237721021611	0.8580645161290322	0.8782258064516129	0.9053156146179402	0.875	0.9024193548387097	0.8943548387096775	0.8935483870967742	0.9032258064516129	0.9262981574539364	0.9370967741935484	0.8790322580645161	0.9368421052631579	0.07112970711297072	0.8957845433255269	0.9506172839506173	0.9483870967741935	0.9185483870967742	0.902542372881356	0.9679376083188909	0	0.8443548387096774	
0.9657258064516129	0.9640077821011673	0.9419354838709677	0.9416846652267818	0.98	0.9422632794457275	0.9584178498985801	0.9469548133595285	0.9012345679012346	0.9067398119122257	0.9335548172757475	0.9097859327217125	0.9391785150078988	0.9341317365269461	0.9134615384615384	0.9298642533936652	0.9606365159128978	0.9635093167701864	0.9439252336448598	0.9675438596491228	0.8640167364016736	0.8957845433255269	0.9176954732510288	0.9468562874251497	0.9356287425149701	0.9330508474576271	0.9913344887348353	0.8443548387096774	0	
