0	0.927170868347339	0.9549689440993789	0.9461206896551724	0.9643799472295514	0.9676674364896074	0.9516460905349794	0.9320987654320988	0.9434156378600823	0.9176954732510288	0.9742798353909465	0.9331275720164609	0.9516460905349794	0.9753086419753086	0.9681069958847737	0.9444444444444444	0.9506172839506173	0.9660804020100503	0.941358024691358	0.9475308641975309	0.9516460905349794	0.9537037037037037	0.9320987654320988	0.9176954732510288	0.9372427983539094	0.9691358024691358	0.9629629629629629	0.9372427983539094	0.948559670781893	
0.927170868347339	0	0.9518633540372671	0.8865546218487395	0.9593837535014006	0.957983193277311	0.9019607843137255	0.8711484593837535	0.9453781512605042	0.8781512605042017	0.9635854341736695	0.8781512605042017	0.9411764705882353	0.9565826330532213	0.9285714285714286	0.9467787114845938	0.9733893557422969	0.9467787114845938	0.9453781512605042	0.9355742296918768	0.9397759103641457	0.9243697478991597	0.9173669467787114	0.8781512605042017	0.9257703081232493	0.9621848739495799	0.9537815126050421	0.9257703081232493	0.9705882352941176	
0.9549689440993789	0.9518633540372671	0	0.9332298136645962	0.9751552795031055	0.967391304347826	0.9347826086956522	0.9549689440993789	0.967391304347826	0.9425465838509317	0.967391304347826	0.9425465838509317	0.967391304347826	0.9472049689440993	0.9798136645962733	0.967391304347826	0.9704968944099379	0.967391304347826	0.9798136645962733	0.967391304347826	0.9642857142857143	0.9782608695652174	0.9285714285714286	0.9409937888198758	0.9440993788819876	0.9627329192546584	0.9580745341614907	0.9440993788819876	0.9394409937888198	
0.9461206896551724	0.8865546218487395	0.9332298136645962	0	0.9696569920844327	0.9653579676674365	0.9364224137931034	0.8802469135802469	0.9493534482758621	0.9224137931034483	0.9762931034482759	0.9224137931034483	0.9536637931034483	0.9762931034482759	0.9536637931034483	0.9579741379310345	0.9838362068965517	0.9522613065326633	0.9568965517241379	0.9568965517241379	0.9698275862068966	0.9558189655172413	0.9375	0.8976293103448276	0.9407327586206896	0.9709051724137931	0.9547413793103449	0.9407327586206896	0.9816810344827587	
0.9643799472295514	0.9593837535014006	0.9751552795031055	0.9696569920844327	0	0.9313984168865436	0.9670184696569921	0.9393139841688655	0.9234828496042217	0.9604221635883905	0.924802110817942	0.9604221635883905	0.920844327176781	0.920844327176781	0.9221635883905013	0.9287598944591029	0.9511873350923483	0.9287598944591029	0.9234828496042217	0.9485488126649076	0.899736147757256	0.9327176781002638	0.9736147757255936	0.945910290237467	0.9353562005277045	0.9564643799472295	0.9511873350923483	0.9353562005277045	0.91688654353562	
0.9676674364896074	0.957983193277311	0.967391304347826	0.9653579676674365	0.9313984168865436	0	0.9711316397228638	0.9580246913580247	0.8187066974595842	0.941108545034642	0.8845265588914549	0.941108545034642	0.7528868360277137	0.9330254041570438	0.8764434180138568	0.7413394919168591	0.9387990762124712	0.7185929648241206	0.8937644341801386	0.8464203233256351	0.9434180138568129	0.9260969976905312	0.9515011547344111	0.9665127020785219	0.9157043879907621	0.9757505773672055	0.9676674364896074	0.9157043879907621	0.953810623556582	
0.9516460905349794	0.9019607843137255	0.9347826086956522	0.9364224137931034	0.9670184696569921	0.9711316397228638	0	0.928395061728395	0.9733727810650887	0.9506903353057199	0.9783037475345168	0.9506903353057199	0.9684418145956607	0.9783037475345168	0.9704142011834319	0.9733727810650887	0.985207100591716	0.9660804020100503	0.9733727810650887	0.9635108481262328	0.9674556213017751	0.9487179487179487	0.9595660749506904	0.9299802761341223	0.9694280078895463	0.9733727810650887	0.9674556213017751	0.9694280078895463	0.9822485207100592	
0.9320987654320988	0.8711484593837535	0.9549689440993789	0.8802469135802469	0.9393139841688655	0.9580246913580247	0.928395061728395	0	0.937037037037037	0.9160493827160494	0.9506172839506173	0.9160493827160494	0.9345679012345679	0.9543209876543209	0.9345679012345679	0.9518518518518518	0.971604938271605	0.9510050251256281	0.9358024691358025	0.9567901234567902	0.9209876543209876	0.9506172839506173	0.9333333333333333	0.8876543209876543	0.945679012345679	0.9493827160493827	0.9333333333333333	0.945679012345679	0.9555555555555556	
0.9434156378600823	0.9453781512605042	0.967391304347826	0.9493534482758621	0.9234828496042217	0.8187066974595842	0.9733727810650887	0.937037037037037	0	0.9346026490066225	0.8757530120481928	0.9479495268138801	0.8309859154929577	0.9377777777777778	0.8622262773722628	0.8532934131736527	0.9471726190476191	0.7964824120603015	0.7372881355932204	0.8237037037037037	0.9378787878787879	0.9481481481481482	0.9316888045540797	0.945925925925926	0.9063492063492063	0.9649446494464945	0.9714714714714715	0.9043760129659644	0.9370199692780338	
0.9176954732510288	0.8781512605042017	0.9425465838509317	0.9224137931034483	0.9604221635883905	0.941108545034642	0.9506903353057199	0.9160493827160494	0.9346026490066225	0	0.9677152317880795	0.3269867549668874	0.9304635761589404	0.9660596026490066	0.9279197080291971	0.9304635761589404	0.9412251655629139	0.9296482412060302	0.9340866290018832	0.9420529801324503	0.9536423841059603	0.9478476821192053	0.9222011385199241	0.9205298013245033	0.9354304635761589	0.9575645756457565	0.9668874172185431	0.9354304635761589	0.9644039735099338	
0.9742798353909465	0.9635854341736695	0.967391304347826	0.9762931034482759	0.924802110817942	0.8845265588914549	0.9783037475345168	0.9506172839506173	0.8757530120481928	0.9677152317880795	0	0.9739747634069401	0.8959311424100157	0.9134036144578314	0.875	0.8704819277108434	0.9435240963855421	0.8153266331658291	0.8860640301318268	0.9194277108433735	0.9303030303030303	0.963855421686747	0.9753320683111955	0.9683734939759037	0.953968253968254	0.9649446494464945	0.9713855421686747	0.9497568881685575	0.9600614439324117	
0.9331275720164609	0.8781512605042017	0.9425465838509317	0.9224137931034483	0.9604221635883905	0.941108545034642	0.9506903353057199	0.9160493827160494	0.9479495268138801	0.3269867549668874	0.9739747634069401	0	0.9518927444794952	0.973186119873817	0.9343065693430657	0.9518927444794952	0.9605678233438486	0.9296482412060302	0.9463276836158192	0.9542586750788643	0.9700315457413249	0.9645110410094637	0.9316888045540797	0.9376971608832808	0.9484126984126984	0.9704797047970479	0.9684542586750788	0.9473257698541329	0.9771293375394322	
0.9516460905349794	0.9411764705882353	0.967391304347826	0.9536637931034483	0.920844327176781	0.7528868360277137	0.9684418145956607	0.9345679012345679	0.8309859154929577	0.9304635761589404	0.8959311424100157	0.9518927444794952	0	0.9327073552425665	0.8740875912408759	0.7222222222222222	0.9413145539906104	0.6758793969849246	0.8634651600753296	0.8755868544600939	0.9256651017214398	0.9162754303599374	0.9165085388994307	0.9428794992175273	0.9015873015873016	0.9833948339483395	0.9796557120500783	0.899513776337115	0.9538341158059468	
0.9753086419753086	0.9565826330532213	0.9472049689440993	0.9762931034482759	0.920844327176781	0.9330254041570438	0.9783037475345168	0.9543209876543209	0.9377777777777778	0.9660596026490066	0.9134036144578314	0.973186119873817	0.9327073552425665	0	0.8713503649635036	0.9341317365269461	0.9672619047619048	0.9108040201005025	0.931261770244821	0.9525179856115108	0.9401515151515152	0.959499263622975	0.9743833017077799	0.9605839416058394	0.953968253968254	0.9714022140221402	0.9744744744744744	0.9546191247974068	0.9516129032258065	
0.9681069958847737	0.9285714285714286	0.9798136645962733	0.9536637931034483	0.9221635883905013	0.8764434180138568	0.9704142011834319	0.9345679012345679	0.8622262773722628	0.9279197080291971	0.875	0.9343065693430657	0.8740875912408759	0.8713503649635036	0	0.8658759124087592	0.9525547445255474	0.8391959798994975	0.8662900188323918	0.8895985401459854	0.9324817518248175	0.9306569343065694	0.9658444022770398	0.9361313868613139	0.9306569343065694	0.9695571955719557	0.9662408759124088	0.9315693430656934	0.9525547445255474	
0.9444444444444444	0.9467787114845938	0.967391304347826	0.9579741379310345	0.9287598944591029	0.7413394919168591	0.9733727810650887	0.9518518518518518	0.8532934131736527	0.9304635761589404	0.8704819277108434	0.9518927444794952	0.7222222222222222	0.9341317365269461	0.8658759124087592	0	0.9393712574850299	0.0	0.8465160075329566	0.8630239520958084	0.9348484848484848	0.9288922155688623	0.9335863377609108	0.9573353293413174	0.9111111111111111	0.9833948339483395	0.9804804804804805	0.9092382495948136	0.945468509984639	
0.9506172839506173	0.9733893557422969	0.9704968944099379	0.9838362068965517	0.9511873350923483	0.9387990762124712	0.985207100591716	0.971604938271605	0.9471726190476191	0.9412251655629139	0.9435240963855421	0.9605678233438486	0.9413145539906104	0.9672619047619048	0.9525547445255474	0.9393712574850299	0	0.9371859296482412	0.9350282485875706	0.9464285714285714	0.9515151515151515	0.9605654761904762	0.9667931688804554	0.9650297619047619	0.930952380952381	0.977859778597786	0.9842342342342343	0.9294975688816856	0.9531490015360983	
0.9660804020100503	0.9467787114845938	0.967391304347826	0.9522613065326633	0.9287598944591029	0.7185929648241206	0.9660804020100503	0.9510050251256281	0.7964824120603015	0.9296482412060302	0.8153266331658291	0.9296482412060302	0.6758793969849246	0.9108040201005025	0.8391959798994975	0.0	0.9371859296482412	0	0.8618090452261307	0.8329145728643216	0.9409547738693468	0.9082914572864321	0.9384422110552764	0.9560301507537688	0.8982412060301508	0.9773869346733668	0.9673366834170855	0.8982412060301508	0.9535175879396985	
0.941358024691358	0.9453781512605042	0.9798136645962733	0.9568965517241379	0.9234828496042217	0.8937644341801386	0.9733727810650887	0.9358024691358025	0.7372881355932204	0.9340866290018832	0.8860640301318268	0.9463276836158192	0.8634651600753296	0.931261770244821	0.8662900188323918	0.8465160075329566	0.9350282485875706	0.8618090452261307	0	0.8116760828625236	0.916195856873823	0.9340866290018832	0.9411764705882353	0.9303201506591338	0.9105461393596986	0.9642184557438794	0.9642184557438794	0.9105461393596986	0.9180790960451978	
0.9475308641975309	0.9355742296918768	0.967391304347826	0.9568965517241379	0.9485488126649076	0.8464203233256351	0.9635108481262328	0.9567901234567902	0.8237037037037037	0.9420529801324503	0.9194277108433735	0.9542586750788643	0.8755868544600939	0.9525179856115108	0.8895985401459854	0.8630239520958084	0.9464285714285714	0.8329145728643216	0.8116760828625236	0	0.9522727272727273	0.9403534609720177	0.9478178368121443	0.9591240875912409	0.9285714285714286	0.9787822878228782	0.9827327327327328	0.9270664505672609	0.9539170506912442	
0.9516460905349794	0.9397759103641457	0.9642857142857143	0.9698275862068966	0.899736147757256	0.9434180138568129	0.9674556213017751	0.9209876543209876	0.9378787878787879	0.9536423841059603	0.9303030303030303	0.9700315457413249	0.9256651017214398	0.9401515151515152	0.9324817518248175	0.9348484848484848	0.9515151515151515	0.9409547738693468	0.916195856873823	0.9522727272727273	0	0.95	0.9449715370018975	0.953030303030303	0.9293650793650794	0.9677121771217713	0.9719696969696969	0.9278768233387358	0.9201228878648233	
0.9537037037037037	0.9243697478991597	0.9782608695652174	0.9558189655172413	0.9327176781002638	0.9260969976905312	0.9487179487179487	0.9506172839506173	0.9481481481481482	0.9478476821192053	0.963855421686747	0.9645110410094637	0.9162754303599374	0.959499263622975	0.9306569343065694	0.9288922155688623	0.9605654761904762	0.9082914572864321	0.9340866290018832	0.9403534609720177	0.95	0	0.9222011385199241	0.9550810014727541	0.9103174603174603	0.9843173431734318	0.9834834834834835	0.9092382495948136	0.9623655913978495	
0.9320987654320988	0.9173669467787114	0.9285714285714286	0.9375	0.9736147757255936	0.9515011547344111	0.9595660749506904	0.9333333333333333	0.9316888045540797	0.9222011385199241	0.9753320683111955	0.9316888045540797	0.9165085388994307	0.9743833017077799	0.9658444022770398	0.9335863377609108	0.9667931688804554	0.9384422110552764	0.9411764705882353	0.9478178368121443	0.9449715370018975	0.9222011385199241	0	0.8994307400379506	0.8045540796963947	0.9734345351043643	0.9715370018975332	0.8045540796963947	0.967741935483871	
0.9176954732510288	0.8781512605042017	0.9409937888198758	0.8976293103448276	0.945910290237467	0.9665127020785219	0.9299802761341223	0.8876543209876543	0.945925925925926	0.9205298013245033	0.9683734939759037	0.9376971608832808	0.9428794992175273	0.9605839416058394	0.9361313868613139	0.9573353293413174	0.9650297619047619	0.9560301507537688	0.9303201506591338	0.9591240875912409	0.953030303030303	0.9550810014727541	0.8994307400379506	0	0.9063492063492063	0.9612546125461254	0.9662162162162162	0.9043760129659644	0.9600614439324117	
0.9372427983539094	0.9257703081232493	0.9440993788819876	0.9407327586206896	0.9353562005277045	0.9157043879907621	0.9694280078895463	0.945679012345679	0.9063492063492063	0.9354304635761589	0.953968253968254	0.9484126984126984	0.9015873015873016	0.953968253968254	0.9306569343065694	0.9111111111111111	0.930952380952381	0.8982412060301508	0.9105461393596986	0.9285714285714286	0.9293650793650794	0.9103174603174603	0.8045540796963947	0.9063492063492063	0	0.9750922509225092	0.9746031746031746	0.15721231766612642	0.9507936507936507	
0.9691358024691358	0.9621848739495799	0.9627329192546584	0.9709051724137931	0.9564643799472295	0.9757505773672055	0.9733727810650887	0.9493827160493827	0.9649446494464945	0.9575645756457565	0.9649446494464945	0.9704797047970479	0.9833948339483395	0.9714022140221402	0.9695571955719557	0.9833948339483395	0.977859778597786	0.9773869346733668	0.9642184557438794	0.9787822878228782	0.9677121771217713	0.9843173431734318	0.9734345351043643	0.9612546125461254	0.9750922509225092	0	0.9621771217712177	0.9750922509225092	0.9649446494464945	
0.9629629629629629	0.9537815126050421	0.9580745341614907	0.9547413793103449	0.9511873350923483	0.9676674364896074	0.9674556213017751	0.9333333333333333	0.9714714714714715	0.9668874172185431	0.9713855421686747	0.9684542586750788	0.9796557120500783	0.9744744744744744	0.9662408759124088	0.9804804804804805	0.9842342342342343	0.9673366834170855	0.9642184557438794	0.9827327327327328	0.9719696969696969	0.9834834834834835	0.9715370018975332	0.9662162162162162	0.9746031746031746	0.9621771217712177	0	0.9740680713128039	0.9754224270353302	
0.9372427983539094	0.9257703081232493	0.9440993788819876	0.9407327586206896	0.9353562005277045	0.9157043879907621	0.9694280078895463	0.945679012345679	0.9043760129659644	0.9354304635761589	0.9497568881685575	0.9473257698541329	0.899513776337115	0.9546191247974068	0.9315693430656934	0.9092382495948136	0.9294975688816856	0.8982412060301508	0.9105461393596986	0.9270664505672609	0.9278768233387358	0.9092382495948136	0.8045540796963947	0.9043760129659644	0.15721231766612642	0.9750922509225092	0.9740680713128039	0	0.9497568881685575	
0.948559670781893	0.9705882352941176	0.9394409937888198	0.9816810344827587	0.91688654353562	0.953810623556582	0.9822485207100592	0.9555555555555556	0.9370199692780338	0.9644039735099338	0.9600614439324117	0.9771293375394322	0.9538341158059468	0.9516129032258065	0.9525547445255474	0.945468509984639	0.9531490015360983	0.9535175879396985	0.9180790960451978	0.9539170506912442	0.9201228878648233	0.9623655913978495	0.967741935483871	0.9600614439324117	0.9507936507936507	0.9649446494464945	0.9754224270353302	0.9497568881685575	0	
