0	0.9926253687315634	1.0	0.9945054945054945	0.9725274725274725	0.9945054945054945	0.9917582417582418	
0.9926253687315634	0	0.9941002949852508	0.9631268436578171	0.9734513274336283	0.9970501474926253	0.976401179941003	
1.0	0.9941002949852508	0	0.9918981481481481	0.9955257270693513	1.0	0.9923469387755102	
0.9945054945054945	0.9631268436578171	0.9918981481481481	0	1.0	1.0	0.9537037037037037	
0.9725274725274725	0.9734513274336283	0.9955257270693513	1.0	0	1.0	0.9888143176733781	
0.9945054945054945	0.9970501474926253	1.0	1.0	1.0	0	1.0	
0.9917582417582418	0.976401179941003	0.9923469387755102	0.9537037037037037	0.9888143176733781	1.0	0	
