0	0.8898128898128899	0.9103260869565217	0.9163568773234201	0.9201680672268907	0.9008403361344538	0.9252100840336135	0.915126050420168	0.8949152542372881	0.934453781512605	0.9109243697478991	0.926890756302521	0.9445378151260504	0.9201680672268907	0.9126050420168067	0.9142857142857143	0.9076376554174067	0.9285714285714286	0.9327731092436975	0.9320083682008368	0.8951048951048951	0.8848739495798319	0.9100840336134454	0.9106628242074928	0.9176470588235294	0.9025210084033614	0.9243243243243243	0.9210084033613445	0.9705882352941176	0.9058823529411765	0.9504201680672268	0.9495798319327731	0.9252100840336135	0.9277310924369748	
0.8898128898128899	0	0.9137214137214137	0.893970893970894	0.8503118503118503	0.8804573804573804	0.8918918918918919	0.8482328482328483	0.8544698544698545	0.8929313929313929	0.8274428274428275	0.9365904365904366	0.895010395010395	0.9002079002079002	0.8794178794178794	0.8877338877338877	0.8794178794178794	0.9137214137214137	0.8752598752598753	0.9142259414225942	0.87995337995338	0.8201663201663202	0.8908523908523909	0.8933717579250721	0.867983367983368	0.8222453222453222	0.8461538461538461	0.8856548856548857	0.9542619542619543	0.8471933471933472	0.8970893970893971	0.8908523908523909	0.83991683991684	0.9002079002079002	
0.9103260869565217	0.9137214137214137	0	0.8912639405204461	0.8768115942028986	0.875	0.8976449275362319	0.9302536231884058	0.9130434782608695	0.9067028985507246	0.917572463768116	0.8922101449275363	0.9030797101449275	0.8623188405797102	0.907608695652174	0.8985507246376812	0.9085144927536232	0.8659420289855072	0.8867753623188406	0.8451882845188284	0.8927738927738927	0.8867753623188406	0.8903985507246377	0.8904899135446686	0.8922101449275363	0.9148550724637681	0.9085144927536232	0.8967391304347826	0.9483695652173914	0.8913043478260869	0.9501811594202898	0.8958333333333334	0.9030797101449275	0.9030797101449275	
0.9163568773234201	0.893970893970894	0.8912639405204461	0	0.8550185873605948	0.8949814126394052	0.854089219330855	0.8968401486988847	0.8587360594795539	0.8633828996282528	0.8605947955390335	0.8949814126394052	0.8652416356877324	0.8838289962825279	0.8596654275092936	0.8884758364312267	0.8615241635687733	0.8977695167286245	0.8410780669144982	0.8870292887029289	0.8356643356643356	0.8466542750929368	0.887546468401487	0.8054755043227666	0.9014869888475836	0.8643122676579925	0.8986988847583643	0.8745353159851301	0.9553903345724907	0.8828996282527881	0.9163568773234201	0.8680297397769516	0.8986988847583643	0.8921933085501859	
0.9201680672268907	0.8503118503118503	0.8768115942028986	0.8550185873605948	0	0.8766233766233766	0.8962722852512156	0.8905996758508914	0.8415254237288136	0.8897893030794165	0.8643926788685524	0.9351701782820098	0.9051863857374393	0.8849270664505673	0.8897893030794165	0.8638573743922204	0.8801065719360568	0.8849270664505673	0.8857374392220422	0.8598326359832636	0.8543123543123543	0.8484602917341977	0.8654781199351702	0.8659942363112392	0.8816855753646677	0.826580226904376	0.8522522522522522	0.8849270664505673	0.9627228525121556	0.8646677471636953	0.9303079416531604	0.8970826580226904	0.8646677471636953	0.8946515397082658	
0.9008403361344538	0.8804573804573804	0.875	0.8949814126394052	0.8766233766233766	0	0.8741883116883117	0.9034090909090909	0.8788135593220339	0.8717532467532467	0.8935108153078203	0.877435064935065	0.8717532467532467	0.8798701298701299	0.8871753246753247	0.825487012987013	0.8818827708703375	0.8920454545454546	0.8417207792207793	0.8723849372384938	0.8682983682983683	0.8506493506493507	0.8287337662337663	0.8040345821325648	0.8238636363636364	0.8814935064935064	0.8972972972972973	0.9172077922077922	0.9496753246753247	0.9042207792207793	0.9366883116883117	0.8806818181818182	0.9050324675324676	0.8685064935064936	
0.9252100840336135	0.8918918918918919	0.8976449275362319	0.854089219330855	0.8962722852512156	0.8741883116883117	0	0.8800623052959502	0.9008474576271186	0.8566978193146417	0.8660565723793677	0.8629283489096573	0.7671339563862928	0.8138629283489096	0.7445482866043613	0.8878504672897196	0.7380106571936057	0.822429906542056	0.8154205607476636	0.7918410041841004	0.7004662004662005	0.8551401869158879	0.8621495327102804	0.7564841498559077	0.807632398753894	0.8792834890965732	0.818018018018018	0.8713592233009708	0.9439252336448598	0.8964174454828661	0.927570093457944	0.8839563862928349	0.8317757009345794	0.8862928348909658	
0.915126050420168	0.8482328482328483	0.9302536231884058	0.8968401486988847	0.8905996758508914	0.9034090909090909	0.8800623052959502	0	0.8423728813559322	0.910958904109589	0.8560732113144759	0.936834094368341	0.8995433789954338	0.9200913242009132	0.8797564687975646	0.893455098934551	0.8596802841918295	0.9315068493150684	0.895738203957382	0.9100418410041841	0.831002331002331	0.8622526636225266	0.9033485540334856	0.8487031700288185	0.8706240487062404	0.8356164383561644	0.8639639639639639	0.8867313915857605	0.969558599695586	0.8904109589041096	0.9269406392694064	0.9223744292237442	0.8835616438356164	0.9003044140030442	
0.8949152542372881	0.8544698544698545	0.9130434782608695	0.8587360594795539	0.8415254237288136	0.8788135593220339	0.9008474576271186	0.8423728813559322	0	0.8661016949152542	0.823728813559322	0.9211864406779661	0.8889830508474577	0.885593220338983	0.8694915254237288	0.8466101694915255	0.8801065719360568	0.8720338983050847	0.8686440677966102	0.8702928870292888	0.8543123543123543	0.8288135593220339	0.8771186440677966	0.8386167146974063	0.8550847457627119	0.788135593220339	0.8729729729729729	0.8686440677966102	0.9542372881355933	0.847457627118644	0.8957627118644068	0.8864406779661017	0.8711864406779661	0.8720338983050847	
0.934453781512605	0.8929313929313929	0.9067028985507246	0.8633828996282528	0.8897893030794165	0.8717532467532467	0.8566978193146417	0.910958904109589	0.8661016949152542	0	0.8718801996672213	0.7889182058047494	0.7862796833773087	0.8012211668928086	0.8225593667546174	0.871866295264624	0.8312611012433393	0.8075342465753425	0.746971736204576	0.8148535564853556	0.7995337995337995	0.8113456464379947	0.8522427440633246	0.2723342939481268	0.8021108179419525	0.8564753004005341	0.8783783783783784	0.9037216828478964	0.9525065963060686	0.8839050131926122	0.933377308707124	0.8937994722955145	0.8584779706275033	0.8766490765171504	
0.9109243697478991	0.8274428274428275	0.917572463768116	0.8605947955390335	0.8643926788685524	0.8935108153078203	0.8660565723793677	0.8560732113144759	0.823728813559322	0.8718801996672213	0	0.9159733777038269	0.8801996672212978	0.9051580698835274	0.8652246256239601	0.8444259567387687	0.8570159857904085	0.9126455906821963	0.8743760399334443	0.9110878661087866	0.8333333333333334	0.8410981697171381	0.8793677204658902	0.8573487031700289	0.8652246256239601	0.8219633943427621	0.8648648648648649	0.8835274542429284	0.9559068219633944	0.8494176372712147	0.908485856905158	0.8960066555740432	0.872712146422629	0.8885191347753744	
0.926890756302521	0.9365904365904366	0.8922101449275363	0.8949814126394052	0.9351701782820098	0.877435064935065	0.8629283489096573	0.936834094368341	0.9211864406779661	0.7889182058047494	0.9159733777038269	0	0.8250636132315522	0.8208955223880597	0.8555979643765903	0.9073816155988857	0.8463587921847247	0.7342465753424657	0.8028263795423957	0.7269874476987448	0.8193473193473193	0.8893129770992366	0.8795103092783505	0.7593659942363112	0.8517811704834606	0.8985313751668892	0.881981981981982	0.8794498381877023	0.9460154241645244	0.9071246819338422	0.943384223918575	0.9096692111959288	0.8664886515353805	0.9013994910941476	
0.9445378151260504	0.895010395010395	0.9030797101449275	0.8652416356877324	0.9051863857374393	0.8717532467532467	0.7671339563862928	0.8995433789954338	0.8889830508474577	0.7862796833773087	0.8801996672212978	0.8250636132315522	0	0.8175033921302578	0.7560532687651331	0.8767409470752089	0.7264653641207816	0.8267123287671233	0.7664872139973082	0.7939330543933054	0.7237762237762237	0.8401442307692307	0.8608247422680413	0.7363112391930836	0.8074074074074075	0.842456608811749	0.8324324324324325	0.8584142394822006	0.9415167095115681	0.8904358353510896	0.9366786140979689	0.9064362336114422	0.8371161548731643	0.8828996282527881	
0.9201680672268907	0.9002079002079002	0.8623188405797102	0.8838289962825279	0.8849270664505673	0.8798701298701299	0.8138629283489096	0.9200913242009132	0.885593220338983	0.8012211668928086	0.9051580698835274	0.8208955223880597	0.8175033921302578	0	0.8046132971506106	0.8871866295264624	0.8081705150976909	0.7554794520547945	0.7652645861601085	0.7719665271966527	0.8123543123543123	0.8426051560379919	0.8398914518317503	0.7377521613832853	0.8263229308005428	0.8704206241519674	0.8396396396396396	0.86084142394822	0.9484396200814111	0.8710990502035278	0.9436906377204884	0.9029850746268657	0.8385345997286295	0.8860244233378561	
0.9126050420168067	0.8794178794178794	0.907608695652174	0.8596654275092936	0.8897893030794165	0.8871753246753247	0.7445482866043613	0.8797564687975646	0.8694915254237288	0.8225593667546174	0.8652246256239601	0.8555979643765903	0.7560532687651331	0.8046132971506106	0	0.871866295264624	0.0	0.8205479452054795	0.7886944818304172	0.805439330543933	0.03496503496503497	0.8401937046004843	0.8569587628865979	0.776657060518732	0.828395061728395	0.8464619492656876	0.8153153153153153	0.8341423948220065	0.9562982005141388	0.8898305084745762	0.9309927360774818	0.9261501210653753	0.8117489986648865	0.8636926889714994	
0.9142857142857143	0.8877338877338877	0.8985507246376812	0.8884758364312267	0.8638573743922204	0.825487012987013	0.8878504672897196	0.893455098934551	0.8466101694915255	0.871866295264624	0.8444259567387687	0.9073816155988857	0.8767409470752089	0.8871866295264624	0.871866295264624	0	0.8552397868561279	0.8746518105849582	0.8725626740947076	0.8619246861924686	0.8414918414918415	0.8154596100278552	0.83008356545961	0.8170028818443804	0.8530640668523677	0.8426183844011143	0.8738738738738738	0.8923948220064725	0.9561281337047354	0.8976323119777159	0.91991643454039	0.9171309192200557	0.8906685236768802	0.8642061281337048	
0.9076376554174067	0.8794178794178794	0.9085144927536232	0.8615241635687733	0.8801065719360568	0.8818827708703375	0.7380106571936057	0.8596802841918295	0.8801065719360568	0.8312611012433393	0.8570159857904085	0.8463587921847247	0.7264653641207816	0.8081705150976909	0.0	0.8552397868561279	0	0.8037300177619894	0.7957371225577264	0.805439330543933	0.2913752913752914	0.8339253996447602	0.8570159857904085	0.776657060518732	0.8117229129662522	0.8534635879218473	0.8153153153153153	0.8241563055062167	0.9431616341030196	0.8765541740674956	0.9085257548845471	0.8916518650088809	0.8028419182948491	0.8614564831261101	
0.9285714285714286	0.9137214137214137	0.8659420289855072	0.8977695167286245	0.8849270664505673	0.8920454545454546	0.822429906542056	0.9315068493150684	0.8720338983050847	0.8075342465753425	0.9126455906821963	0.7342465753424657	0.8267123287671233	0.7554794520547945	0.8205479452054795	0.8746518105849582	0.8037300177619894	0	0.8253424657534246	0.04184100418410042	0.7972027972027972	0.8835616438356164	0.8698630136986302	0.770893371757925	0.8006849315068493	0.8849315068493151	0.8081081081081081	0.8754045307443366	0.9376712328767123	0.8849315068493151	0.936986301369863	0.9034246575342466	0.8239726027397261	0.8958904109589041	
0.9327731092436975	0.8752598752598753	0.8867753623188406	0.8410780669144982	0.8857374392220422	0.8417207792207793	0.8154205607476636	0.895738203957382	0.8686440677966102	0.746971736204576	0.8743760399334443	0.8028263795423957	0.7664872139973082	0.7652645861601085	0.7886944818304172	0.8725626740947076	0.7957371225577264	0.8253424657534246	0	0.8158995815899581	0.7878787878787878	0.8041722745625841	0.8371467025572006	0.3962536023054755	0.7947510094212651	0.8526244952893675	0.8468468468468469	0.8794498381877023	0.9542395693135935	0.8728129205921938	0.9394347240915208	0.8714670255720054	0.8344549125168237	0.8728129205921938	
0.9320083682008368	0.9142259414225942	0.8451882845188284	0.8870292887029289	0.8598326359832636	0.8723849372384938	0.7918410041841004	0.9100418410041841	0.8702928870292888	0.8148535564853556	0.9110878661087866	0.7269874476987448	0.7939330543933054	0.7719665271966527	0.805439330543933	0.8619246861924686	0.805439330543933	0.04184100418410042	0.8158995815899581	0	0.7832167832167832	0.8870292887029289	0.8723849372384938	0.7881844380403458	0.7876569037656904	0.8891213389121339	0.8138075313807531	0.8608786610878661	0.9246861924686193	0.8943514644351465	0.9299163179916318	0.852510460251046	0.8117154811715481	0.9016736401673641	
0.8951048951048951	0.87995337995338	0.8927738927738927	0.8356643356643356	0.8543123543123543	0.8682983682983683	0.7004662004662005	0.831002331002331	0.8543123543123543	0.7995337995337995	0.8333333333333334	0.8193473193473193	0.7237762237762237	0.8123543123543123	0.03496503496503497	0.8414918414918415	0.2913752913752914	0.7972027972027972	0.7878787878787878	0.7832167832167832	0	0.8205128205128205	0.8496503496503497	0.8198847262247838	0.7972027972027972	0.8275058275058275	0.8053613053613053	0.7937062937062938	0.9300699300699301	0.8613053613053613	0.8962703962703963	0.8578088578088578	0.7937062937062938	0.8717948717948718	
0.8848739495798319	0.8201663201663202	0.8867753623188406	0.8466542750929368	0.8484602917341977	0.8506493506493507	0.8551401869158879	0.8622526636225266	0.8288135593220339	0.8113456464379947	0.8410981697171381	0.8893129770992366	0.8401442307692307	0.8426051560379919	0.8401937046004843	0.8154596100278552	0.8339253996447602	0.8835616438356164	0.8041722745625841	0.8870292887029289	0.8205128205128205	0	0.8073453608247423	0.7953890489913544	0.8037037037037037	0.7870493991989319	0.7954954954954955	0.8478964401294499	0.9588688946015425	0.8589588377723971	0.9230769230769231	0.9200721153846154	0.8197596795727636	0.8500619578686494	
0.9100840336134454	0.8908523908523909	0.8903985507246377	0.887546468401487	0.8654781199351702	0.8287337662337663	0.8621495327102804	0.9033485540334856	0.8771186440677966	0.8522427440633246	0.8793677204658902	0.8795103092783505	0.8608247422680413	0.8398914518317503	0.8569587628865979	0.83008356545961	0.8570159857904085	0.8698630136986302	0.8371467025572006	0.8723849372384938	0.8496503496503497	0.8073453608247423	0	0.8256484149855908	0.8028350515463918	0.8384512683578104	0.8639639639639639	0.8802588996763754	0.9587628865979382	0.8698453608247423	0.9342783505154639	0.9188144329896907	0.869826435246996	0.8466494845360825	
0.9106628242074928	0.8933717579250721	0.8904899135446686	0.8054755043227666	0.8659942363112392	0.8040345821325648	0.7564841498559077	0.8487031700288185	0.8386167146974063	0.2723342939481268	0.8573487031700289	0.7593659942363112	0.7363112391930836	0.7377521613832853	0.776657060518732	0.8170028818443804	0.776657060518732	0.770893371757925	0.3962536023054755	0.7881844380403458	0.8198847262247838	0.7953890489913544	0.8256484149855908	0	0.7536023054755043	0.840057636887608	0.8472622478386167	0.8861671469740634	0.952449567723343	0.8659942363112392	0.9048991354466859	0.7795389048991355	0.8443804034582133	0.8357348703170029	
0.9176470588235294	0.867983367983368	0.8922101449275363	0.9014869888475836	0.8816855753646677	0.8238636363636364	0.807632398753894	0.8706240487062404	0.8550847457627119	0.8021108179419525	0.8652246256239601	0.8517811704834606	0.8074074074074075	0.8263229308005428	0.828395061728395	0.8530640668523677	0.8117229129662522	0.8006849315068493	0.7947510094212651	0.7876569037656904	0.7972027972027972	0.8037037037037037	0.8028350515463918	0.7536023054755043	0	0.8404539385847797	0.7828828828828829	0.8519417475728155	0.9421593830334191	0.8783950617283951	0.9314814814814815	0.9104938271604939	0.7423230974632844	0.8519206939281289	
0.9025210084033614	0.8222453222453222	0.9148550724637681	0.8643122676579925	0.826580226904376	0.8814935064935064	0.8792834890965732	0.8356164383561644	0.788135593220339	0.8564753004005341	0.8219633943427621	0.8985313751668892	0.842456608811749	0.8704206241519674	0.8464619492656876	0.8426183844011143	0.8534635879218473	0.8849315068493151	0.8526244952893675	0.8891213389121339	0.8275058275058275	0.7870493991989319	0.8384512683578104	0.840057636887608	0.8404539385847797	0	0.8441441441441442	0.8284789644012945	0.9539385847797063	0.8371161548731643	0.9118825100133512	0.9058744993324432	0.8431241655540721	0.8578104138851802	
0.9243243243243243	0.8461538461538461	0.9085144927536232	0.8986988847583643	0.8522522522522522	0.8972972972972973	0.818018018018018	0.8639639639639639	0.8729729729729729	0.8783783783783784	0.8648648648648649	0.881981981981982	0.8324324324324325	0.8396396396396396	0.8153153153153153	0.8738738738738738	0.8153153153153153	0.8081081081081081	0.8468468468468469	0.8138075313807531	0.8053613053613053	0.7954954954954955	0.8639639639639639	0.8472622478386167	0.7828828828828829	0.8441441441441442	0	0.8666666666666667	0.9351351351351351	0.8396396396396396	0.9	0.9081081081081082	0.17747747747747747	0.8576576576576577	
0.9210084033613445	0.8856548856548857	0.8967391304347826	0.8745353159851301	0.8849270664505673	0.9172077922077922	0.8713592233009708	0.8867313915857605	0.8686440677966102	0.9037216828478964	0.8835274542429284	0.8794498381877023	0.8584142394822006	0.86084142394822	0.8341423948220065	0.8923948220064725	0.8241563055062167	0.8754045307443366	0.8794498381877023	0.8608786610878661	0.7937062937062938	0.8478964401294499	0.8802588996763754	0.8861671469740634	0.8519417475728155	0.8284789644012945	0.8666666666666667	0	0.9530744336569579	0.9061488673139159	0.9223300970873787	0.9021035598705501	0.866504854368932	0.9134304207119741	
0.9705882352941176	0.9542619542619543	0.9483695652173914	0.9553903345724907	0.9627228525121556	0.9496753246753247	0.9439252336448598	0.969558599695586	0.9542372881355933	0.9525065963060686	0.9559068219633944	0.9460154241645244	0.9415167095115681	0.9484396200814111	0.9562982005141388	0.9561281337047354	0.9431616341030196	0.9376712328767123	0.9542395693135935	0.9246861924686193	0.9300699300699301	0.9588688946015425	0.9587628865979382	0.952449567723343	0.9421593830334191	0.9539385847797063	0.9351351351351351	0.9530744336569579	0	0.9595115681233933	0.9440874035989717	0.949228791773779	0.9485981308411215	0.9665809768637532	
0.9058823529411765	0.8471933471933472	0.8913043478260869	0.8828996282527881	0.8646677471636953	0.9042207792207793	0.8964174454828661	0.8904109589041096	0.847457627118644	0.8839050131926122	0.8494176372712147	0.9071246819338422	0.8904358353510896	0.8710990502035278	0.8898305084745762	0.8976323119777159	0.8765541740674956	0.8849315068493151	0.8728129205921938	0.8943514644351465	0.8613053613053613	0.8589588377723971	0.8698453608247423	0.8659942363112392	0.8783950617283951	0.8371161548731643	0.8396396396396396	0.9061488673139159	0.9595115681233933	0	0.9279661016949152	0.9334140435835351	0.8484646194926568	0.8816604708798017	
0.9504201680672268	0.8970893970893971	0.9501811594202898	0.9163568773234201	0.9303079416531604	0.9366883116883117	0.927570093457944	0.9269406392694064	0.8957627118644068	0.933377308707124	0.908485856905158	0.943384223918575	0.9366786140979689	0.9436906377204884	0.9309927360774818	0.91991643454039	0.9085257548845471	0.936986301369863	0.9394347240915208	0.9299163179916318	0.8962703962703963	0.9230769230769231	0.9342783505154639	0.9048991354466859	0.9314814814814815	0.9118825100133512	0.9	0.9223300970873787	0.9440874035989717	0.9279661016949152	0	0.9599761051373955	0.9198931909212283	0.9355638166047088	
0.9495798319327731	0.8908523908523909	0.8958333333333334	0.8680297397769516	0.8970826580226904	0.8806818181818182	0.8839563862928349	0.9223744292237442	0.8864406779661017	0.8937994722955145	0.8960066555740432	0.9096692111959288	0.9064362336114422	0.9029850746268657	0.9261501210653753	0.9171309192200557	0.8916518650088809	0.9034246575342466	0.8714670255720054	0.852510460251046	0.8578088578088578	0.9200721153846154	0.9188144329896907	0.7795389048991355	0.9104938271604939	0.9058744993324432	0.9081081081081082	0.9021035598705501	0.949228791773779	0.9334140435835351	0.9599761051373955	0	0.931909212283044	0.9380421313506815	
0.9252100840336135	0.83991683991684	0.9030797101449275	0.8986988847583643	0.8646677471636953	0.9050324675324676	0.8317757009345794	0.8835616438356164	0.8711864406779661	0.8584779706275033	0.872712146422629	0.8664886515353805	0.8371161548731643	0.8385345997286295	0.8117489986648865	0.8906685236768802	0.8028419182948491	0.8239726027397261	0.8344549125168237	0.8117154811715481	0.7937062937062938	0.8197596795727636	0.869826435246996	0.8443804034582133	0.7423230974632844	0.8431241655540721	0.17747747747747747	0.866504854368932	0.9485981308411215	0.8484646194926568	0.9198931909212283	0.931909212283044	0	0.8564753004005341	
0.9277310924369748	0.9002079002079002	0.9030797101449275	0.8921933085501859	0.8946515397082658	0.8685064935064936	0.8862928348909658	0.9003044140030442	0.8720338983050847	0.8766490765171504	0.8885191347753744	0.9013994910941476	0.8828996282527881	0.8860244233378561	0.8636926889714994	0.8642061281337048	0.8614564831261101	0.8958904109589041	0.8728129205921938	0.9016736401673641	0.8717948717948718	0.8500619578686494	0.8466494845360825	0.8357348703170029	0.8519206939281289	0.8578104138851802	0.8576576576576577	0.9134304207119741	0.9665809768637532	0.8816604708798017	0.9355638166047088	0.9380421313506815	0.8564753004005341	0	
