0	0.8929889298892989	0.846441947565543	0.8477859778597786	0.8966789667896679	0.9206642066420664	0.7616033755274262	0.856	0.8468013468013468	0.922509225092251	0.8773062730627307	0.9215867158671587	0.8717712177121771	0.8847150259067358	0.933579335793358	0.8920664206642066	0.9317343173431735	0.8985239852398524	0.8920664206642066	0.8985239852398524	0.9040590405904059	0.9169741697416974	0.9029850746268657	0.9261992619926199	0.8911439114391144	0.8533210332103321	0.8754612546125461	0.8920664206642066	0.9105166051660517	0.8671586715867159	0.8726937269372693	0.8754612546125461	0.9105166051660517	0.966789667896679	
0.8929889298892989	0	0.899812734082397	0.8887900355871886	0.9269293924466339	0.9538714991762768	0.8818565400843882	0.879	0.898989898989899	0.9507389162561576	0.9203612479474549	0.9441707717569786	0.9106239460370995	0.9106217616580311	0.9638752052545156	0.9417077175697866	0.9573070607553367	0.9408866995073891	0.9261083743842364	0.9408866995073891	0.9499178981937603	0.922824302134647	0.9440298507462687	0.9573070607553367	0.9458128078817734	0.8809523809523809	0.9169407894736842	0.9129720853858785	0.916256157635468	0.9121510673234812	0.9105090311986864	0.916256157635468	0.9351395730706076	0.9583333333333334	
0.846441947565543	0.899812734082397	0	0.850187265917603	0.850187265917603	0.9176029962546817	0.8333333333333334	0.848	0.9057239057239057	0.9054307116104869	0.8548689138576779	0.8979400749063671	0.8764044943820225	0.8536269430051814	0.897003745318352	0.8810861423220974	0.899812734082397	0.8913857677902621	0.8698501872659176	0.8979400749063671	0.8848314606741573	0.8895131086142322	0.9166666666666666	0.8895131086142322	0.8773408239700374	0.8099250936329588	0.851123595505618	0.8595505617977528	0.8352059925093633	0.8305243445692884	0.8576779026217228	0.8146067415730337	0.8689138576779026	0.9550561797752809	
0.8477859778597786	0.8887900355871886	0.850187265917603	0	0.9030249110320284	0.9252669039145908	0.7943037974683544	0.859	0.8737373737373737	0.9386120996441281	0.9083629893238434	0.9163701067615658	0.902135231316726	0.883419689119171	0.9395017793594306	0.8887900355871886	0.943950177935943	0.9252669039145908	0.8923487544483986	0.9252669039145908	0.9145907473309609	0.902135231316726	0.9225746268656716	0.9154804270462633	0.9039145907473309	0.8825622775800712	0.8709964412811388	0.8852313167259787	0.9012455516014235	0.8638790035587188	0.8647686832740213	0.8701067615658363	0.9128113879003559	0.9697508896797153	
0.8966789667896679	0.9269293924466339	0.850187265917603	0.9030249110320284	0	0.8978583196046128	0.8681434599156118	0.873	0.8872053872053872	0.8781446540880503	0.8977987421383647	0.8922955974842768	0.9072512647554806	0.9132124352331606	0.8915094339622641	0.8748031496062992	0.8875786163522013	0.860062893081761	0.910377358490566	0.8630573248407644	0.8742138364779874	0.8616352201257862	0.878731343283582	0.8954402515723271	0.8411949685534591	0.8852201257861635	0.8651315789473685	0.9001572327044025	0.8797169811320755	0.8985849056603774	0.8946540880503144	0.845125786163522	0.9135220125786163	0.9414893617021277	
0.9206642066420664	0.9538714991762768	0.9176029962546817	0.9252669039145908	0.8978583196046128	0	0.8987341772151899	0.907	0.9225589225589226	0.8879736408566722	0.943986820428336	0.8624382207578254	0.9443507588532883	0.9222797927461139	0.85667215815486	0.8542009884678748	0.8912685337726524	0.841845140032949	0.9365733113673805	0.8492586490939045	0.8698517298187809	0.8467874794069192	0.8526119402985075	0.913509060955519	0.9044481054365733	0.9176276771004942	0.886326194398682	0.9390444810543658	0.9233937397034596	0.9126853377265239	0.913509060955519	0.886326194398682	0.943163097199341	0.9317375886524822	
0.7616033755274262	0.8818565400843882	0.8333333333333334	0.7943037974683544	0.8681434599156118	0.8987341772151899	0	0.8481012658227848	0.8552188552188552	0.8966244725738397	0.8312236286919831	0.8850210970464135	0.8238396624472574	0.8458549222797928	0.9177215189873418	0.8459915611814346	0.8839662447257384	0.8660337552742616	0.8723628691983122	0.8660337552742616	0.8818565400843882	0.8829113924050633	0.8818565400843882	0.9018987341772152	0.8438818565400844	0.8280590717299579	0.819620253164557	0.8491561181434599	0.880801687763713	0.8175105485232067	0.8080168776371308	0.819620253164557	0.8966244725738397	0.9535864978902954	
0.856	0.879	0.848	0.859	0.873	0.907	0.8481012658227848	0	0.7525252525252525	0.907	0.872	0.906	0.872	0.8484455958549223	0.916	0.861	0.9	0.902	0.889	0.902	0.903	0.881	0.903	0.865	0.879	0.841	0.842	0.854	0.867	0.875	0.83	0.842	0.885	0.95	
0.8468013468013468	0.898989898989899	0.9057239057239057	0.8737373737373737	0.8872053872053872	0.9225589225589226	0.8552188552188552	0.7525252525252525	0	0.930976430976431	0.936026936026936	0.9292929292929293	0.9461279461279462	0.9814814814814815	0.930976430976431	0.8686868686868687	0.9663299663299664	0.9023569023569024	0.9057239057239057	0.9158249158249159	0.9276094276094277	0.9158249158249159	0.9276094276094277	0.9225589225589226	0.8602693602693603	0.8686868686868687	0.8569023569023569	0.9292929292929293	0.9242424242424242	0.898989898989899	0.877104377104377	0.8569023569023569	0.9023569023569024	0.9865319865319865	
0.922509225092251	0.9507389162561576	0.9054307116104869	0.9386120996441281	0.8781446540880503	0.8879736408566722	0.8966244725738397	0.907	0.930976430976431	0	0.8894297635605007	0.8304172274562585	0.9005059021922428	0.905440414507772	0.8894101876675603	0.8503937007874016	0.8176392572944297	0.8401585204755614	0.9103585657370518	0.85828025477707	0.8079561042524005	0.8400556328233658	0.8097014925373134	0.9074605451936872	0.8746290801186943	0.868560105680317	0.8782894736842105	0.9258409785932722	0.911504424778761	0.8996036988110965	0.9446666666666667	0.8500660501981506	0.8943196829590488	0.9299645390070922	
0.8773062730627307	0.9203612479474549	0.8548689138576779	0.9083629893238434	0.8977987421383647	0.943986820428336	0.8312236286919831	0.872	0.936026936026936	0.8894297635605007	0	0.9207232267037552	0.1239460370994941	0.8277202072538861	0.9360222531293463	0.9181102362204724	0.8936022253129347	0.8956884561891516	0.9089012517385258	0.9004777070063694	0.9075104311543811	0.9144645340751043	0.9197761194029851	0.9426111908177905	0.9013353115727003	0.8456189151599444	0.8700657894736842	0.9090214067278287	0.9041297935103245	0.8407510431154381	0.9179415855354659	0.844923504867872	0.9075104311543811	0.9406028368794326	
0.9215867158671587	0.9441707717569786	0.8979400749063671	0.9163701067615658	0.8922955974842768	0.8624382207578254	0.8850210970464135	0.906	0.9292929292929293	0.8304172274562585	0.9207232267037552	0	0.9376053962900506	0.8898963730569949	0.895693135935397	0.8669291338582678	0.8485868102288021	0.845222072678331	0.9347240915208613	0.8558917197452229	0.8381344307270233	0.7990264255910987	0.8339552238805971	0.9110473457675753	0.8456973293768546	0.8808882907133243	0.8889802631578947	0.9334862385321101	0.9247787610619469	0.9024226110363391	0.923956931359354	0.8627187079407806	0.9205921938088829	0.9388297872340425	
0.8717712177121771	0.9106239460370995	0.8764044943820225	0.902135231316726	0.9072512647554806	0.9443507588532883	0.8238396624472574	0.872	0.9461279461279462	0.9005059021922428	0.1239460370994941	0.9376053962900506	0	0.8277202072538861	0.9502529510961214	0.9139966273187183	0.9148397976391232	0.9047217537942664	0.9156829679595279	0.9047217537942664	0.9224283305227656	0.9300168634064081	0.9197761194029851	0.9342327150084317	0.9173693086003373	0.8591905564924115	0.8743676222596964	0.8996627318718381	0.9114671163575042	0.8608768971332209	0.9005059021922428	0.8659359190556493	0.9156829679595279	0.9406028368794326	
0.8847150259067358	0.9106217616580311	0.8536269430051814	0.883419689119171	0.9132124352331606	0.9222797927461139	0.8458549222797928	0.8484455958549223	0.9814814814814815	0.905440414507772	0.8277202072538861	0.8898963730569949	0.8277202072538861	0	0.9326424870466321	0.9041450777202072	0.8808290155440415	0.8950777202072538	0.9145077720207254	0.8950777202072538	0.8950777202072538	0.9015544041450777	0.8950777202072538	0.8639896373056994	0.9015544041450777	0.8406735751295337	0.8393782383419689	0.8484455958549223	0.8691709844559585	0.8860103626943006	0.8562176165803109	0.8393782383419689	0.9132124352331606	0.9261658031088082	
0.933579335793358	0.9638752052545156	0.897003745318352	0.9395017793594306	0.8915094339622641	0.85667215815486	0.9177215189873418	0.916	0.930976430976431	0.8894101876675603	0.9360222531293463	0.895693135935397	0.9502529510961214	0.9326424870466321	0	0.8992125984251969	0.896112600536193	0.8378016085790885	0.9463806970509383	0.8296178343949044	0.8984910836762688	0.8720445062586927	0.8880597014925373	0.9347202295552367	0.8775964391691394	0.92828418230563	0.9235197368421053	0.9273700305810397	0.9277286135693216	0.9202412868632708	0.9463806970509383	0.9075067024128687	0.9095174262734584	0.9441489361702128	
0.8920664206642066	0.9417077175697866	0.8810861423220974	0.8887900355871886	0.8748031496062992	0.8542009884678748	0.8459915611814346	0.861	0.8686868686868687	0.8503937007874016	0.9181102362204724	0.8669291338582678	0.9139966273187183	0.9041450777202072	0.8992125984251969	0	0.8661417322834646	0.8582677165354331	0.905511811023622	0.8630573248407644	0.8480314960629921	0.8622047244094488	0.8255597014925373	0.8921259842519685	0.8724409448818897	0.9141732283464566	0.8618421052631579	0.9015748031496063	0.9086614173228347	0.9149606299212598	0.8811023622047244	0.8661417322834646	0.925984251968504	0.9166666666666666	
0.9317343173431735	0.9573070607553367	0.899812734082397	0.943950177935943	0.8875786163522013	0.8912685337726524	0.8839662447257384	0.9	0.9663299663299664	0.8176392572944297	0.8936022253129347	0.8485868102288021	0.9148397976391232	0.8808290155440415	0.896112600536193	0.8661417322834646	0	0.8388594164456233	0.9316069057104913	0.8503184713375797	0.8449931412894376	0.8358831710709318	0.8507462686567164	0.9175035868005739	0.865727002967359	0.8786472148541115	0.8898026315789473	0.9090214067278287	0.9210914454277286	0.9091511936339522	0.9366666666666666	0.8561007957559682	0.9204244031830239	0.9184397163120568	
0.8985239852398524	0.9408866995073891	0.8913857677902621	0.9252669039145908	0.860062893081761	0.841845140032949	0.8660337552742616	0.902	0.9023569023569024	0.8401585204755614	0.8956884561891516	0.845222072678331	0.9047217537942664	0.8950777202072538	0.8378016085790885	0.8582677165354331	0.8388594164456233	0	0.9169986719787516	0.03105095541401274	0.845679012345679	0.8358831710709318	0.8152985074626866	0.9167862266857962	0.8234421364985163	0.8803088803088803	0.8725328947368421	0.9074923547400612	0.911504424778761	0.9060913705583756	0.926	0.8551948051948052	0.8992395437262357	0.9166666666666666	
0.8920664206642066	0.9261083743842364	0.8698501872659176	0.8923487544483986	0.910377358490566	0.9365733113673805	0.8723628691983122	0.889	0.9057239057239057	0.9103585657370518	0.9089012517385258	0.9347240915208613	0.9156829679595279	0.9145077720207254	0.9463806970509383	0.905511811023622	0.9316069057104913	0.9169986719787516	0	0.9235668789808917	0.9314128943758574	0.9214186369958275	0.9281716417910447	0.9483500717360115	0.9154302670623146	0.8824701195219123	0.8569078947368421	0.9281345565749235	0.9085545722713865	0.897078353253652	0.9193333333333333	0.8605577689243028	0.9070385126162018	0.9592198581560284	
0.8985239852398524	0.9408866995073891	0.8979400749063671	0.9252669039145908	0.8630573248407644	0.8492586490939045	0.8660337552742616	0.902	0.9158249158249159	0.85828025477707	0.9004777070063694	0.8558917197452229	0.9047217537942664	0.8950777202072538	0.8296178343949044	0.8630573248407644	0.8503184713375797	0.03105095541401274	0.9235668789808917	0	0.8328025477707006	0.8503184713375797	0.8152985074626866	0.9140127388535032	0.8447452229299363	0.892515923566879	0.8791118421052632	0.9116242038216561	0.9116242038216561	0.9068471337579618	0.9116242038216561	0.8662420382165605	0.9331210191082803	0.9166666666666666	
0.9040590405904059	0.9499178981937603	0.8848314606741573	0.9145907473309609	0.8742138364779874	0.8698517298187809	0.8818565400843882	0.903	0.9276094276094277	0.8079561042524005	0.9075104311543811	0.8381344307270233	0.9224283305227656	0.8950777202072538	0.8984910836762688	0.8480314960629921	0.8449931412894376	0.845679012345679	0.9314128943758574	0.8328025477707006	0	0.8324061196105702	0.2294776119402985	0.9189383070301291	0.8479228486646885	0.8882030178326474	0.8922697368421053	0.9181957186544343	0.9196165191740413	0.9032921810699589	0.9245541838134431	0.879286694101509	0.9355281207133059	0.9157801418439716	
0.9169741697416974	0.922824302134647	0.8895131086142322	0.902135231316726	0.8616352201257862	0.8467874794069192	0.8829113924050633	0.881	0.9158249158249159	0.8400556328233658	0.9144645340751043	0.7990264255910987	0.9300168634064081	0.9015544041450777	0.8720445062586927	0.8622047244094488	0.8358831710709318	0.8358831710709318	0.9214186369958275	0.8503184713375797	0.8324061196105702	0	0.8367537313432836	0.9182209469153515	0.8531157270029673	0.89221140472879	0.8881578947368421	0.9143730886850153	0.911504424778761	0.8831710709318498	0.9193324061196105	0.8713490959666204	0.9075104311543811	0.9299645390070922	
0.9029850746268657	0.9440298507462687	0.9166666666666666	0.9225746268656716	0.878731343283582	0.8526119402985075	0.8818565400843882	0.903	0.9276094276094277	0.8097014925373134	0.9197761194029851	0.8339552238805971	0.9197761194029851	0.8950777202072538	0.8880597014925373	0.8255597014925373	0.8507462686567164	0.8152985074626866	0.9281716417910447	0.8152985074626866	0.2294776119402985	0.8367537313432836	0	0.8992537313432836	0.8367537313432836	0.8992537313432836	0.8796641791044776	0.9169776119402985	0.9216417910447762	0.9104477611940298	0.8973880597014925	0.8796641791044776	0.9402985074626866	0.9113805970149254	
0.9261992619926199	0.9573070607553367	0.8895131086142322	0.9154804270462633	0.8954402515723271	0.913509060955519	0.9018987341772152	0.865	0.9225589225589226	0.9074605451936872	0.9426111908177905	0.9110473457675753	0.9342327150084317	0.8639896373056994	0.9347202295552367	0.8921259842519685	0.9175035868005739	0.9167862266857962	0.9483500717360115	0.9140127388535032	0.9189383070301291	0.9182209469153515	0.8992537313432836	0	0.8813056379821959	0.9182209469153515	0.8774671052631579	0.926605504587156	0.9314159292035398	0.9325681492109039	0.9253945480631277	0.8931133428981348	0.9411764705882353	0.9654255319148937	
0.8911439114391144	0.9458128078817734	0.8773408239700374	0.9039145907473309	0.8411949685534591	0.9044481054365733	0.8438818565400844	0.879	0.8602693602693603	0.8746290801186943	0.9013353115727003	0.8456973293768546	0.9173693086003373	0.9015544041450777	0.8775964391691394	0.8724409448818897	0.865727002967359	0.8234421364985163	0.9154302670623146	0.8447452229299363	0.8479228486646885	0.8531157270029673	0.8367537313432836	0.8813056379821959	0	0.8738872403560831	0.8782894736842105	0.9281345565749235	0.9117210682492581	0.8783382789317508	0.9117210682492581	0.8501483679525222	0.9117210682492581	0.9574468085106383	
0.8533210332103321	0.8809523809523809	0.8099250936329588	0.8825622775800712	0.8852201257861635	0.9176276771004942	0.8280590717299579	0.841	0.8686868686868687	0.868560105680317	0.8456189151599444	0.8808882907133243	0.8591905564924115	0.8406735751295337	0.92828418230563	0.9141732283464566	0.8786472148541115	0.8803088803088803	0.8824701195219123	0.892515923566879	0.8882030178326474	0.89221140472879	0.8992537313432836	0.9182209469153515	0.8738872403560831	0	0.8445723684210527	0.8715596330275229	0.8672566371681416	0.8719433719433719	0.9073333333333333	0.814935064935065	0.8886743886743886	0.9379432624113475	
0.8754612546125461	0.9169407894736842	0.851123595505618	0.8709964412811388	0.8651315789473685	0.886326194398682	0.819620253164557	0.842	0.8569023569023569	0.8782894736842105	0.8700657894736842	0.8889802631578947	0.8743676222596964	0.8393782383419689	0.9235197368421053	0.8618421052631579	0.8898026315789473	0.8725328947368421	0.8569078947368421	0.8791118421052632	0.8922697368421053	0.8881578947368421	0.8796641791044776	0.8774671052631579	0.8782894736842105	0.8445723684210527	0	0.8889802631578947	0.8552631578947368	0.8988486842105263	0.8824013157894737	0.028782894736842105	0.8947368421052632	0.9423758865248227	
0.8920664206642066	0.9129720853858785	0.8595505617977528	0.8852313167259787	0.9001572327044025	0.9390444810543658	0.8491561181434599	0.854	0.9292929292929293	0.9258409785932722	0.9090214067278287	0.9334862385321101	0.8996627318718381	0.8484455958549223	0.9273700305810397	0.9015748031496063	0.9090214067278287	0.9074923547400612	0.9281345565749235	0.9116242038216561	0.9181957186544343	0.9143730886850153	0.9169776119402985	0.926605504587156	0.9281345565749235	0.8715596330275229	0.8889802631578947	0	0.900611620795107	0.8906727828746177	0.8944954128440367	0.8799694189602446	0.9235474006116208	0.9521276595744681	
0.9105166051660517	0.916256157635468	0.8352059925093633	0.9012455516014235	0.8797169811320755	0.9233937397034596	0.880801687763713	0.867	0.9242424242424242	0.911504424778761	0.9041297935103245	0.9247787610619469	0.9114671163575042	0.8691709844559585	0.9277286135693216	0.9086614173228347	0.9210914454277286	0.911504424778761	0.9085545722713865	0.9116242038216561	0.9196165191740413	0.911504424778761	0.9216417910447762	0.9314159292035398	0.9117210682492581	0.8672566371681416	0.8552631578947368	0.900611620795107	0	0.9070796460176991	0.8842182890855457	0.8443952802359882	0.9085545722713865	0.9397163120567376	
0.8671586715867159	0.9121510673234812	0.8305243445692884	0.8638790035587188	0.8985849056603774	0.9126853377265239	0.8175105485232067	0.875	0.898989898989899	0.8996036988110965	0.8407510431154381	0.9024226110363391	0.8608768971332209	0.8860103626943006	0.9202412868632708	0.9149606299212598	0.9091511936339522	0.9060913705583756	0.897078353253652	0.9068471337579618	0.9032921810699589	0.8831710709318498	0.9104477611940298	0.9325681492109039	0.8783382789317508	0.8719433719433719	0.8988486842105263	0.8906727828746177	0.9070796460176991	0	0.9126666666666666	0.8727272727272727	0.9054568527918782	0.9627659574468085	
0.8726937269372693	0.9105090311986864	0.8576779026217228	0.8647686832740213	0.8946540880503144	0.913509060955519	0.8080168776371308	0.83	0.877104377104377	0.9446666666666667	0.9179415855354659	0.923956931359354	0.9005059021922428	0.8562176165803109	0.9463806970509383	0.8811023622047244	0.9366666666666666	0.926	0.9193333333333333	0.9116242038216561	0.9245541838134431	0.9193324061196105	0.8973880597014925	0.9253945480631277	0.9117210682492581	0.9073333333333333	0.8824013157894737	0.8944954128440367	0.8842182890855457	0.9126666666666666	0	0.9046666666666666	0.932	0.9485815602836879	
0.8754612546125461	0.916256157635468	0.8146067415730337	0.8701067615658363	0.845125786163522	0.886326194398682	0.819620253164557	0.842	0.8569023569023569	0.8500660501981506	0.844923504867872	0.8627187079407806	0.8659359190556493	0.8393782383419689	0.9075067024128687	0.8661417322834646	0.8561007957559682	0.8551948051948052	0.8605577689243028	0.8662420382165605	0.879286694101509	0.8713490959666204	0.8796641791044776	0.8931133428981348	0.8501483679525222	0.814935064935065	0.028782894736842105	0.8799694189602446	0.8443952802359882	0.8727272727272727	0.9046666666666666	0	0.8746753246753247	0.9423758865248227	
0.9105166051660517	0.9351395730706076	0.8689138576779026	0.9128113879003559	0.9135220125786163	0.943163097199341	0.8966244725738397	0.885	0.9023569023569024	0.8943196829590488	0.9075104311543811	0.9205921938088829	0.9156829679595279	0.9132124352331606	0.9095174262734584	0.925984251968504	0.9204244031830239	0.8992395437262357	0.9070385126162018	0.9331210191082803	0.9355281207133059	0.9075104311543811	0.9402985074626866	0.9411764705882353	0.9117210682492581	0.8886743886743886	0.8947368421052632	0.9235474006116208	0.9085545722713865	0.9054568527918782	0.932	0.8746753246753247	0	0.9609929078014184	
0.966789667896679	0.9583333333333334	0.9550561797752809	0.9697508896797153	0.9414893617021277	0.9317375886524822	0.9535864978902954	0.95	0.9865319865319865	0.9299645390070922	0.9406028368794326	0.9388297872340425	0.9406028368794326	0.9261658031088082	0.9441489361702128	0.9166666666666666	0.9184397163120568	0.9166666666666666	0.9592198581560284	0.9166666666666666	0.9157801418439716	0.9299645390070922	0.9113805970149254	0.9654255319148937	0.9574468085106383	0.9379432624113475	0.9423758865248227	0.9521276595744681	0.9397163120567376	0.9627659574468085	0.9485815602836879	0.9423758865248227	0.9609929078014184	0	
