0	0.9922779922779923	0.9627249357326478	0.9584942084942085	0.9855072463768116	0.9565826330532213	0.973314606741573	0.9844890510948905	0.9526431718061674	0.9817518248175182	0.9389204545454546	0.968065693430657	0.9844890510948905	0.9817518248175182	0.9835766423357665	0.9890510948905109	0.9863138686131386	0.9917883211678832	0.9872262773722628	0.9878542510121457	0.9799270072992701	0.9726277372262774	0.9908759124087592	0.9908759124087592	0.9552919708029197	0.9908759124087592	0.9753649635036497	0.9756446991404012	
0.9922779922779923	0	0.9832904884318766	0.9874517374517374	0.9637681159420289	0.9761904761904762	0.9803370786516854	0.9777992277992278	0.9812775330396476	0.9903474903474904	0.9758522727272727	0.9816602316602316	0.9816602316602316	0.9855212355212355	0.9604247104247104	0.997104247104247	0.9903474903474904	0.9777992277992278	0.972007722007722	0.9959514170040485	0.9806949806949807	0.9874517374517374	0.9527027027027027	0.9932432432432432	0.9874517374517374	0.9527027027027027	1.0	0.9799426934097422	
0.9627249357326478	0.9832904884318766	0	0.9215938303341902	0.9460154241645244	0.9047619047619048	0.9353932584269663	0.9640102827763496	0.9048843187660668	0.9434447300771208	0.8948863636363636	0.9665809768637532	0.9447300771208226	0.9395886889460154	0.9421593830334191	0.9665809768637532	0.9434447300771208	0.9408740359897172	0.9447300771208226	0.9910025706940874	0.9421593830334191	0.9138817480719794	0.9473007712082262	0.980719794344473	0.9177377892030848	0.9473007712082262	0.9884318766066839	0.9369627507163324	
0.9584942084942085	0.9874517374517374	0.9215938303341902	0	0.9456521739130435	0.9117647058823529	0.9339887640449438	0.9604247104247104	0.9273127753303965	0.9546332046332047	0.90625	0.9691119691119691	0.9536679536679536	0.9536679536679536	0.9565637065637066	0.9777992277992278	0.9527027027027027	0.9555984555984556	0.944980694980695	0.9878542510121457	0.9247104247104247	0.9140926640926641	0.943050193050193	0.974903474903475	0.9198841698841699	0.943050193050193	0.9777992277992278	0.9355300859598854	
0.9855072463768116	0.9637681159420289	0.9460154241645244	0.9456521739130435	0	0.9537815126050421	0.9396067415730337	0.8248792270531401	0.9311594202898551	0.8828502415458938	0.9190340909090909	0.8429951690821256	0.7995169082125604	0.8707729468599034	0.7934782608695652	0.928743961352657	0.8357487922705314	0.8115942028985508	0.821256038647343	0.9541062801932367	0.8454106280193237	0.9480676328502415	0.8321256038647343	0.967391304347826	0.9371980676328503	0.8321256038647343	0.9867149758454107	0.7535816618911175	
0.9565826330532213	0.9761904761904762	0.9047619047619048	0.9117647058823529	0.9537815126050421	0	0.9620786516853933	0.9117647058823529	0.9005602240896359	0.9677871148459384	0.8991477272727273	0.9299719887955182	0.9607843137254902	0.9677871148459384	0.9621848739495799	0.9873949579831933	0.9467787114845938	0.9495798319327731	0.9495798319327731	0.9901960784313726	0.9215686274509803	0.8935574229691877	0.9621848739495799	0.9649859943977591	0.9201680672268907	0.9621848739495799	0.969187675070028	0.9627507163323782	
0.973314606741573	0.9803370786516854	0.9353932584269663	0.9339887640449438	0.9396067415730337	0.9620786516853933	0	0.9536516853932584	0.9353932584269663	0.922752808988764	0.9346590909090909	0.9325842696629213	0.875	0.9424157303370787	0.922752808988764	0.9550561797752809	0.9087078651685393	0.9311797752808989	0.9353932584269663	0.9831460674157303	0.922752808988764	0.9297752808988764	0.922752808988764	0.9789325842696629	0.9325842696629213	0.922752808988764	0.9971910112359551	0.9169054441260746	
0.9844890510948905	0.9777992277992278	0.9640102827763496	0.9604247104247104	0.8248792270531401	0.9117647058823529	0.9536516853932584	0	0.9515418502202643	0.886744966442953	0.9375	0.8322147651006712	0.8581818181818182	0.915268456375839	0.8330536912751678	0.8959731543624161	0.8800335570469798	0.834731543624161	0.8285457809694794	0.9645748987854251	0.787719298245614	0.9790268456375839	0.8884228187919463	0.9748322147651006	0.9781879194630873	0.8859060402684564	0.9958053691275168	0.8123209169054442	
0.9526431718061674	0.9812775330396476	0.9048843187660668	0.9273127753303965	0.9311594202898551	0.9005602240896359	0.9353932584269663	0.9515418502202643	0	0.9427312775330396	0.056818181818181816	0.9570484581497798	0.9328193832599119	0.9416299559471366	0.933920704845815	0.9581497797356828	0.9438325991189427	0.9284140969162996	0.9383259911894273	0.986784140969163	0.9328193832599119	0.9107929515418502	0.9405286343612335	0.9834801762114538	0.9284140969162996	0.9405286343612335	0.987885462555066	0.9154727793696275	
0.9817518248175182	0.9903474903474904	0.9434447300771208	0.9546332046332047	0.8828502415458938	0.9677871148459384	0.922752808988764	0.886744966442953	0.9427312775330396	0	0.9261363636363636	0.8712230215827338	0.8727272727272727	0.8896825396825396	0.8444816053511706	0.9176557863501483	0.8446043165467626	0.9165467625899281	0.8913824057450629	0.9706477732793523	0.8798245614035087	0.9536321483771252	0.9013377926421404	0.9810030395136778	0.9539568345323741	0.9139941690962099	0.9929577464788732	0.8223495702005731	
0.9389204545454546	0.9758522727272727	0.8948863636363636	0.90625	0.9190340909090909	0.8991477272727273	0.9346590909090909	0.9375	0.056818181818181816	0.9261363636363636	0	0.9446022727272727	0.9133522727272727	0.9247159090909091	0.9147727272727273	0.9460227272727273	0.9275568181818182	0.9076704545454546	0.9204545454545454	0.9829545454545454	0.9133522727272727	0.8920454545454546	0.9232954545454546	0.9786931818181818	0.9076704545454546	0.9232954545454546	0.984375	0.9154727793696275	
0.968065693430657	0.9816602316602316	0.9665809768637532	0.9691119691119691	0.8429951690821256	0.9299719887955182	0.9325842696629213	0.8322147651006712	0.9570484581497798	0.8712230215827338	0.9446022727272727	0	0.8372727272727273	0.8976190476190476	0.7909698996655519	0.9258160237388724	0.8560283687943262	0.898581560283688	0.8922800718132855	0.9574898785425101	0.8447368421052631	0.9698608964451314	0.8988294314381271	0.9810030395136778	0.9475177304964539	0.9088921282798834	0.9960876369327074	0.7994269340974212	
0.9844890510948905	0.9816602316602316	0.9447300771208226	0.9536679536679536	0.7995169082125604	0.9607843137254902	0.875	0.8581818181818182	0.9328193832599119	0.8727272727272727	0.9133522727272727	0.8372727272727273	0	0.9018181818181819	0.8327272727272728	0.9081818181818182	0.8454545454545455	0.8063636363636364	0.8736363636363637	0.9544534412955465	0.8409090909090909	0.96	0.88	0.9772727272727273	0.9572727272727273	0.8772727272727273	0.9945454545454545	0.671919770773639	
0.9817518248175182	0.9855212355212355	0.9395886889460154	0.9536679536679536	0.8707729468599034	0.9677871148459384	0.9424157303370787	0.915268456375839	0.9416299559471366	0.8896825396825396	0.9247159090909091	0.8976190476190476	0.9018181818181819	0	0.9013377926421404	0.9396825396825397	0.8817460317460317	0.919047619047619	0.895870736086176	0.9827935222672065	0.9122807017543859	0.957936507936508	0.9155518394648829	0.9793650793650793	0.942063492063492	0.9198412698412698	0.9984126984126984	0.8581661891117478	
0.9835766423357665	0.9604247104247104	0.9421593830334191	0.9565637065637066	0.7934782608695652	0.9621848739495799	0.922752808988764	0.8330536912751678	0.933920704845815	0.8444816053511706	0.9147727272727273	0.7909698996655519	0.8327272727272728	0.9013377926421404	0	0.8921404682274248	0.8394648829431438	0.8327759197324415	0.8447037701974865	0.9504048582995951	0.8254385964912281	0.9640468227424749	0.8620401337792643	0.9790969899665551	0.9464882943143813	0.8620401337792643	0.995819397993311	0.7793696275071633	
0.9890510948905109	0.997104247104247	0.9665809768637532	0.9777992277992278	0.928743961352657	0.9873949579831933	0.9550561797752809	0.8959731543624161	0.9581497797356828	0.9176557863501483	0.9460227272727273	0.9258160237388724	0.9081818181818182	0.9396825396825397	0.8921404682274248	0	0.9228486646884273	0.8968842729970327	0.8868940754039497	0.9838056680161943	0.8736842105263158	0.9768160741885626	0.9372909698996655	0.9916413373860182	0.9740356083086054	0.9310089020771514	0.9812206572769953	0.9068767908309455	
0.9863138686131386	0.9903474903474904	0.9434447300771208	0.9527027027027027	0.8357487922705314	0.9467787114845938	0.9087078651685393	0.8800335570469798	0.9438325991189427	0.8446043165467626	0.9275568181818182	0.8560283687943262	0.8454545454545455	0.8817460317460317	0.8394648829431438	0.9228486646884273	0	0.8977433004231312	0.8868940754039497	0.9696356275303644	0.8710526315789474	0.955177743431221	0.8954849498327759	0.9810030395136778	0.9549237170596394	0.9016034985422741	0.9945226917057903	0.7979942693409742	
0.9917883211678832	0.9777992277992278	0.9408740359897172	0.9555984555984556	0.8115942028985508	0.9495798319327731	0.9311797752808989	0.834731543624161	0.9284140969162996	0.9165467625899281	0.9076704545454546	0.898581560283688	0.8063636363636364	0.919047619047619	0.8327759197324415	0.8968842729970327	0.8977433004231312	0	0.8348294434470377	0.9483805668016194	0.7921052631578948	0.9659969088098919	0.8754180602006689	0.9810030395136778	0.9696755994358252	0.8811953352769679	0.9984350547730829	0.8166189111747851	
0.9872262773722628	0.972007722007722	0.9447300771208226	0.944980694980695	0.821256038647343	0.9495798319327731	0.9353932584269663	0.8285457809694794	0.9383259911894273	0.8913824057450629	0.9204545454545454	0.8922800718132855	0.8736363636363637	0.895870736086176	0.8447037701974865	0.8868940754039497	0.8868940754039497	0.8348294434470377	0	0.9595141700404858	0.8025134649910234	0.9614003590664273	0.8052064631956912	0.9730700179533214	0.9542190305206463	0.8016157989228008	0.9901256732495511	0.8638968481375359	
0.9878542510121457	0.9959514170040485	0.9910025706940874	0.9878542510121457	0.9541062801932367	0.9901960784313726	0.9831460674157303	0.9645748987854251	0.986784140969163	0.9706477732793523	0.9829545454545454	0.9574898785425101	0.9544534412955465	0.9827935222672065	0.9504048582995951	0.9838056680161943	0.9696356275303644	0.9483805668016194	0.9595141700404858	0	0.9676113360323887	0.9908906882591093	0.9807692307692307	0.992914979757085	0.9878542510121457	0.9807692307692307	0.9949392712550608	0.9484240687679083	
0.9799270072992701	0.9806949806949807	0.9421593830334191	0.9247104247104247	0.8454106280193237	0.9215686274509803	0.922752808988764	0.787719298245614	0.9328193832599119	0.8798245614035087	0.9133522727272727	0.8447368421052631	0.8409090909090909	0.9122807017543859	0.8254385964912281	0.8736842105263158	0.8710526315789474	0.7921052631578948	0.8025134649910234	0.9676113360323887	0	0.9447368421052632	0.8236842105263158	0.9692982456140351	0.9473684210526315	0.8052631578947368	0.9850877192982456	0.8180515759312321	
0.9726277372262774	0.9874517374517374	0.9138817480719794	0.9140926640926641	0.9480676328502415	0.8935574229691877	0.9297752808988764	0.9790268456375839	0.9107929515418502	0.9536321483771252	0.8920454545454546	0.9698608964451314	0.96	0.957936507936508	0.9640468227424749	0.9768160741885626	0.955177743431221	0.9659969088098919	0.9614003590664273	0.9908906882591093	0.9447368421052632	0	0.9607023411371237	0.9806800618238022	0.9281298299845441	0.9636785162287481	0.9820031298904538	0.9383954154727794	
0.9908759124087592	0.9527027027027027	0.9473007712082262	0.943050193050193	0.8321256038647343	0.9621848739495799	0.922752808988764	0.8884228187919463	0.9405286343612335	0.9013377926421404	0.9232954545454546	0.8988294314381271	0.88	0.9155518394648829	0.8620401337792643	0.9372909698996655	0.8954849498327759	0.8754180602006689	0.8052064631956912	0.9807692307692307	0.8236842105263158	0.9607023411371237	0	0.9790969899665551	0.9573578595317725	0.10535117056856187	0.9908026755852842	0.8796561604584527	
0.9908759124087592	0.9932432432432432	0.980719794344473	0.974903474903475	0.967391304347826	0.9649859943977591	0.9789325842696629	0.9748322147651006	0.9834801762114538	0.9810030395136778	0.9786931818181818	0.9810030395136778	0.9772727272727273	0.9793650793650793	0.9790969899665551	0.9916413373860182	0.9810030395136778	0.9810030395136778	0.9730700179533214	0.992914979757085	0.9692982456140351	0.9806800618238022	0.9790969899665551	0	0.9810030395136778	0.9810030395136778	0.9913928012519562	0.9641833810888252	
0.9552919708029197	0.9874517374517374	0.9177377892030848	0.9198841698841699	0.9371980676328503	0.9201680672268907	0.9325842696629213	0.9781879194630873	0.9284140969162996	0.9539568345323741	0.9076704545454546	0.9475177304964539	0.9572727272727273	0.942063492063492	0.9464882943143813	0.9740356083086054	0.9549237170596394	0.9696755994358252	0.9542190305206463	0.9878542510121457	0.9473684210526315	0.9281298299845441	0.9573578595317725	0.9810030395136778	0	0.9628279883381924	0.9741784037558685	0.9340974212034384	
0.9908759124087592	0.9527027027027027	0.9473007712082262	0.943050193050193	0.8321256038647343	0.9621848739495799	0.922752808988764	0.8859060402684564	0.9405286343612335	0.9139941690962099	0.9232954545454546	0.9088921282798834	0.8772727272727273	0.9198412698412698	0.8620401337792643	0.9310089020771514	0.9016034985422741	0.8811953352769679	0.8016157989228008	0.9807692307692307	0.8052631578947368	0.9636785162287481	0.10535117056856187	0.9810030395136778	0.9628279883381924	0	0.9913928012519562	0.8796561604584527	
0.9753649635036497	1.0	0.9884318766066839	0.9777992277992278	0.9867149758454107	0.969187675070028	0.9971910112359551	0.9958053691275168	0.987885462555066	0.9929577464788732	0.984375	0.9960876369327074	0.9945454545454545	0.9984126984126984	0.995819397993311	0.9812206572769953	0.9945226917057903	0.9984350547730829	0.9901256732495511	0.9949392712550608	0.9850877192982456	0.9820031298904538	0.9908026755852842	0.9913928012519562	0.9741784037558685	0.9913928012519562	0	0.9928366762177651	
0.9756446991404012	0.9799426934097422	0.9369627507163324	0.9355300859598854	0.7535816618911175	0.9627507163323782	0.9169054441260746	0.8123209169054442	0.9154727793696275	0.8223495702005731	0.9154727793696275	0.7994269340974212	0.671919770773639	0.8581661891117478	0.7793696275071633	0.9068767908309455	0.7979942693409742	0.8166189111747851	0.8638968481375359	0.9484240687679083	0.8180515759312321	0.9383954154727794	0.8796561604584527	0.9641833810888252	0.9340974212034384	0.8796561604584527	0.9928366762177651	0	
