0	0.9403341288782816	0.9315628192032687	0.9549902152641878	0.9380122950819673	0.9182452642073778	0.9368884540117417	0.9091743119266055	0.9284552845528455	0.9103585657370518	0.9271037181996086	0.9217221135029354	0.9388454011741683	0.928082191780822	0.9300391389432485	0.9324853228962818	0.949119373776908	0.9260450160771704	0.9398238747553816	0.9246575342465754	0.9256756756756757	0.9261252446183953	0.9217221135029354	0.9134050880626223	0.9722572509457755	0.9423076923076923	0.9178082191780822	0.9319960861056752	0.9576059850374065	0.9616026711185309	0.9509433962264151	0.9417808219178082	0.9178082191780822	0.912426614481409	
0.9403341288782816	0	0.9212410501193318	0.9236276849642004	0.9325775656324582	0.9403341288782816	0.9457040572792362	0.9229357798165138	0.973170731707317	0.9641434262948207	0.9385441527446301	0.9325775656324582	0.948090692124105	0.9433174224343676	0.9361575178997613	0.9146778042959427	0.9397374701670644	0.9146778042959427	0.9403341288782816	0.9325775656324582	0.9380630630630631	0.9313842482100239	0.9373508353221957	0.9200477326968973	0.9829760403530895	0.9513221153846154	0.9295942720763724	0.9451073985680191	0.9675810473815462	0.986644407345576	0.9433962264150944	0.9307875894988067	0.9295942720763724	0.9397374701670644	
0.9315628192032687	0.9212410501193318	0	0.9136874361593462	0.9098360655737705	0.8998978549540347	0.8932584269662921	0.9174311926605505	0.908130081300813	0.8605577689243028	0.923391215526047	0.9264555669050051	0.9152196118488254	0.9254341164453525	0.9284984678243106	0.8937691521961185	0.9351378958120531	0.8885316184351554	0.9305413687436159	0.8896833503575077	0.920045045045045	0.8947906026557712	0.9223697650663942	0.9029622063329928	0.9476670870113493	0.9344951923076923	0.9065372829417774	0.9366700715015321	0.949501246882793	0.9398998330550918	0.940251572327044	0.8646578140960164	0.9065372829417774	0.8912155260469867	
0.9549902152641878	0.9236276849642004	0.9136874361593462	0	0.9262295081967213	0.9361914257228315	0.9381091617933723	0.9577981651376147	0.9577235772357724	0.9043824701195219	0.9293372319688109	0.9439571150097466	0.9517543859649122	0.9346978557504874	0.9381091617933723	0.9249512670565302	0.9468810916179338	0.917470525187567	0.949317738791423	0.9385964912280702	0.9436936936936937	0.942495126705653	0.9405458089668616	0.9400584795321637	0.9779319041614124	0.9399038461538461	0.9410331384015594	0.9537037037037037	0.9650872817955112	0.9724540901502504	0.9616352201257862	0.9337231968810916	0.9410331384015594	0.9507797270955166	
0.9380122950819673	0.9325775656324582	0.9098360655737705	0.9262295081967213	0	0.8934426229508197	0.9236680327868853	0.9064220183486239	0.9284552845528455	0.9023904382470119	0.8965163934426229	0.9257172131147541	0.9149590163934426	0.9047131147540983	0.9159836065573771	0.9006147540983607	0.9185450819672131	0.8960342979635584	0.9093237704918032	0.8765368852459017	0.8975225225225225	0.8878073770491803	0.8960040983606558	0.899077868852459	0.9646910466582598	0.9362980769230769	0.8970286885245902	0.9328893442622951	0.9413965087281796	0.9465776293823038	0.930188679245283	0.9262295081967213	0.8970286885245902	0.8908811475409836	
0.9182452642073778	0.9403341288782816	0.8998978549540347	0.9361914257228315	0.8934426229508197	0	0.9022931206380858	0.8715596330275229	0.9243902439024391	0.8685258964143426	0.8833499501495513	0.9022931206380858	0.7981056829511466	0.845962113659023	0.8893320039880359	0.8155533399800599	0.9087736789631107	0.8017148981779206	0.9032901296111665	0.7427716849451645	0.865990990990991	0.8454636091724825	0.8359920239282154	0.8339980059820539	0.8997477931904161	0.9272836538461539	0.8305084745762712	0.9411764705882353	0.9033665835411472	0.9432387312186978	0.9389937106918239	0.909272183449651	0.8305084745762712	0.8873379860418744	
0.9368884540117417	0.9457040572792362	0.8932584269662921	0.9381091617933723	0.9236680327868853	0.9022931206380858	0	0.8954128440366973	0.9235772357723577	0.7310756972111554	0.9261201143946616	0.9170638703527169	0.9184938036224977	0.9146806482364156	0.9304099142040038	0.9180171591992373	0.9370829361296473	0.9078242229367631	0.9313632030505243	0.9051477597712106	0.911036036036036	0.9046711153479504	0.9237368922783603	0.9065776930409915	0.9401008827238335	0.9627403846153846	0.9118207816968541	0.9571020019065777	0.9407730673316709	0.9657762938230384	0.9584905660377359	0.8956148713060057	0.9118207816968541	0.9194470924690181	
0.9091743119266055	0.9229357798165138	0.9174311926605505	0.9577981651376147	0.9064220183486239	0.8715596330275229	0.8954128440366973	0	1.0	1.0	0.8788990825688073	0.8385321100917431	0.8788990825688073	0.8697247706422019	0.8642201834862385	0.9100917431192661	0.8990825688073395	0.9100917431192661	0.9045871559633027	0.8752293577981651	0.8828828828828829	0.8899082568807339	0.8688073394495412	0.8807339449541285	1.0	0.9064220183486239	0.8697247706422019	0.9330275229357798	0.8926605504587156	1.0	0.918348623853211	0.8981651376146789	0.8697247706422019	0.908256880733945	
0.9284552845528455	0.973170731707317	0.908130081300813	0.9577235772357724	0.9284552845528455	0.9243902439024391	0.9235772357723577	1.0	0	0.8466135458167331	0.9373983739837398	0.9365853658536586	0.9317073170731708	0.9447154471544715	0.9398373983739837	0.9065040650406504	0.9739837398373984	0.9065040650406504	0.9495934959349593	0.8959349593495934	1.0	0.8934959349593496	0.9398373983739837	0.9065040650406504	0.9138211382113821	1.0	0.916260162601626	0.9317073170731708	1.0	0.9540901502504173	0.9829268292682927	0.9317073170731708	0.916260162601626	0.8845528455284553	
0.9103585657370518	0.9641434262948207	0.8605577689243028	0.9043824701195219	0.9023904382470119	0.8685258964143426	0.7310756972111554	1.0	0.8466135458167331	0	0.8804780876494024	0.8565737051792829	0.8645418326693227	0.8466135458167331	0.9223107569721115	0.8605577689243028	0.9282868525896414	0.8605577689243028	0.9023904382470119	0.8585657370517928	1.0	0.8007968127490039	0.8924302788844621	0.8286852589641435	0.8565737051792829	1.0	0.8605577689243028	0.9043824701195219	1.0	0.9422310756972112	1.0	0.8844621513944223	0.8605577689243028	0.8665338645418327	
0.9271037181996086	0.9385441527446301	0.923391215526047	0.9293372319688109	0.8965163934426229	0.8833499501495513	0.9261201143946616	0.8788990825688073	0.9373983739837398	0.8804780876494024	0	0.8835845896147404	0.8924154987633965	0.8477742448330684	0.8726038338658147	0.9067656765676567	0.9307574598316756	0.894962486602358	0.9145516074450084	0.891125718981101	0.8716216216216216	0.9102773246329527	0.9001663893510815	0.8876611418047882	0.9653215636822194	0.9158653846153846	0.8852242744063324	0.9406504065040651	0.9108478802992519	0.9791318864774624	0.9333333333333333	0.9429992348890589	0.8869453924914675	0.9103194103194103	
0.9217221135029354	0.9325775656324582	0.9264555669050051	0.9439571150097466	0.9257172131147541	0.9022931206380858	0.9170638703527169	0.8385321100917431	0.9365853658536586	0.8565737051792829	0.8835845896147404	0	0.8974036850921273	0.8827470686767169	0.8722780569514238	0.9141541038525963	0.940536013400335	0.902465166130761	0.8883248730964467	0.9053601340033501	0.8569819819819819	0.9141541038525963	0.9158291457286433	0.9060773480662984	0.967843631778058	0.9362980769230769	0.9120492524186455	0.9350921273031826	0.92643391521197	0.9699499165275459	0.9377358490566038	0.9401172529313233	0.9146757679180887	0.9061976549413735	
0.9388454011741683	0.948090692124105	0.9152196118488254	0.9517543859649122	0.9149590163934426	0.7981056829511466	0.9184938036224977	0.8788990825688073	0.9317073170731708	0.8645418326693227	0.8924154987633965	0.8974036850921273	0	0.9006595218466612	0.8928276999175597	0.8543729372937293	0.9249793899422918	0.8483386923901394	0.9137055837563451	0.7967848309975268	0.865990990990991	0.8858202802967848	0.8739600665557404	0.8706261510128913	0.9174022698612863	0.9375	0.8671943711521548	0.9439406430338005	0.9089775561097256	0.9407345575959933	0.9389937106918239	0.9385820280296785	0.871160409556314	0.9101401483924155	
0.928082191780822	0.9433174224343676	0.9254341164453525	0.9346978557504874	0.9047131147540983	0.845962113659023	0.9146806482364156	0.8697247706422019	0.9447154471544715	0.8466135458167331	0.8477742448330684	0.8827470686767169	0.9006595218466612	0	0.8889776357827476	0.8762376237623762	0.9300476947535771	0.852625937834941	0.9056683587140439	0.8578471651602301	0.8671171171171171	0.9033442088091354	0.9076539101497504	0.8720073664825047	0.9596469104665826	0.9242788461538461	0.872471416007036	0.941869918699187	0.9027431421446384	0.9724540901502504	0.940251572327044	0.9455484896661367	0.8732935153583617	0.9180999180999181	
0.9300391389432485	0.9361575178997613	0.9284984678243106	0.9381091617933723	0.9159836065573771	0.8893320039880359	0.9304099142040038	0.8642201834862385	0.9398373983739837	0.9223107569721115	0.8726038338658147	0.8722780569514238	0.8928276999175597	0.8889776357827476	0	0.8886138613861386	0.930111821086262	0.8922829581993569	0.8709813874788495	0.8968775677896467	0.8502252252252253	0.8964110929853181	0.9176372712146422	0.9056169429097606	0.9646910466582598	0.9320913461538461	0.9050131926121372	0.9443089430894309	0.9108478802992519	0.9774624373956594	0.930188679245283	0.9400958466453674	0.9074232081911263	0.8968058968058968	
0.9324853228962818	0.9146778042959427	0.8937691521961185	0.9249512670565302	0.9006147540983607	0.8155533399800599	0.9180171591992373	0.9100917431192661	0.9065040650406504	0.8605577689243028	0.9067656765676567	0.9141541038525963	0.8543729372937293	0.8762376237623762	0.8886138613861386	0	0.9418316831683168	0.04501607717041801	0.8980541455160744	0.8250825082508251	0.8828828828828829	0.8679867986798679	0.8943427620632279	0.8770718232044199	0.9016393442622951	0.9344951923076923	0.8746701846965699	0.9315181518151815	0.9295511221945137	0.9507512520868113	0.9289308176100629	0.91996699669967	0.8767064846416383	0.8910891089108911	
0.949119373776908	0.9397374701670644	0.9351378958120531	0.9468810916179338	0.9185450819672131	0.9087736789631107	0.9370829361296473	0.8990825688073395	0.9739837398373984	0.9282868525896414	0.9307574598316756	0.940536013400335	0.9249793899422918	0.9300476947535771	0.930111821086262	0.9418316831683168	0	0.9244372990353698	0.9361252115059222	0.9272801972062449	0.8783783783783784	0.9347471451876019	0.9297004991680532	0.9152854511970534	0.9722572509457755	0.9411057692307693	0.91688654353562	0.9613821138211383	0.9283042394014963	0.9682804674457429	0.9522012578616352	0.9580265095729014	0.9193686006825939	0.9328419328419328	
0.9260450160771704	0.9146778042959427	0.8885316184351554	0.917470525187567	0.8960342979635584	0.8017148981779206	0.9078242229367631	0.9100917431192661	0.9065040650406504	0.8605577689243028	0.894962486602358	0.902465166130761	0.8483386923901394	0.852625937834941	0.8922829581993569	0.04501607717041801	0.9244372990353698	0	0.8869239013933548	0.8070739549839229	0.8828828828828829	0.8478027867095391	0.8687031082529475	0.8579849946409432	0.9016393442622951	0.9344951923076923	0.8553054662379421	0.92497320471597	0.9295511221945137	0.9507512520868113	0.9377358490566038	0.8965702036441586	0.8553054662379421	0.87513397642015	
0.9398238747553816	0.9403341288782816	0.9305413687436159	0.949317738791423	0.9093237704918032	0.9032901296111665	0.9313632030505243	0.9045871559633027	0.9495934959349593	0.9023904382470119	0.9145516074450084	0.8883248730964467	0.9137055837563451	0.9056683587140439	0.8709813874788495	0.8980541455160744	0.9361252115059222	0.8869239013933548	0	0.9098984771573604	0.0	0.916243654822335	0.9208967851099831	0.9014732965009208	0.9564943253467844	0.9350961538461539	0.9146877748460862	0.9479695431472082	0.9370324189526185	0.9565943238731218	0.9433962264150944	0.944585448392555	0.9172354948805461	0.9158206429780034	
0.9246575342465754	0.9325775656324582	0.8896833503575077	0.9385964912280702	0.8765368852459017	0.7427716849451645	0.9051477597712106	0.8752293577981651	0.8959349593495934	0.8585657370517928	0.891125718981101	0.9053601340033501	0.7967848309975268	0.8578471651602301	0.8968775677896467	0.8250825082508251	0.9272801972062449	0.8070739549839229	0.9098984771573604	0	0.8648648648648649	0.8718159408381265	0.8552412645590682	0.8195211786372008	0.9161412358133669	0.9284855769230769	0.8095866314863677	0.937962202136401	0.9021197007481296	0.9115191986644408	0.9232704402515723	0.9268693508627773	0.8135665529010239	0.8808545603944125	
0.9256756756756757	0.9380630630630631	0.920045045045045	0.9436936936936937	0.8975225225225225	0.865990990990991	0.911036036036036	0.8828828828828829	1.0	1.0	0.8716216216216216	0.8569819819819819	0.865990990990991	0.8671171171171171	0.8502252252252253	0.8828828828828829	0.8783783783783784	0.8828828828828829	0.0	0.8648648648648649	0	0.8997747747747747	0.865990990990991	0.8558558558558559	1.0	0.8783783783783784	0.8637387387387387	0.9380630630630631	0.8862612612612613	1.0	0.9290540540540541	0.9177927927927928	0.8637387387387387	0.9054054054054054	
0.9261252446183953	0.9313842482100239	0.8947906026557712	0.942495126705653	0.8878073770491803	0.8454636091724825	0.9046711153479504	0.8899082568807339	0.8934959349593496	0.8007968127490039	0.9102773246329527	0.9141541038525963	0.8858202802967848	0.9033442088091354	0.8964110929853181	0.8679867986798679	0.9347471451876019	0.8478027867095391	0.916243654822335	0.8718159408381265	0.8997747747747747	0	0.8947587354409318	0.8779926335174953	0.8953341740226987	0.9362980769230769	0.872471416007036	0.935562805872757	0.9245635910224439	0.9540901502504173	0.9320754716981132	0.9196574225122349	0.8762798634812287	0.8947583947583948	
0.9217221135029354	0.9373508353221957	0.9223697650663942	0.9405458089668616	0.8960040983606558	0.8359920239282154	0.9237368922783603	0.8688073394495412	0.9398373983739837	0.8924302788844621	0.9001663893510815	0.9158291457286433	0.8739600665557404	0.9076539101497504	0.9176372712146422	0.8943427620632279	0.9297004991680532	0.8687031082529475	0.9208967851099831	0.8552412645590682	0.865990990990991	0.8947587354409318	0	0.8710865561694291	0.9337957124842371	0.9284855769230769	0.8588390501319261	0.9488352745424293	0.9052369077306733	0.9624373956594324	0.9251572327044025	0.940099833610649	0.8630546075085325	0.9113976705490848	
0.9134050880626223	0.9200477326968973	0.9029622063329928	0.9400584795321637	0.899077868852459	0.8339980059820539	0.9065776930409915	0.8807339449541285	0.9065040650406504	0.8286852589641435	0.8876611418047882	0.9060773480662984	0.8706261510128913	0.8720073664825047	0.9056169429097606	0.8770718232044199	0.9152854511970534	0.8579849946409432	0.9014732965009208	0.8195211786372008	0.8558558558558559	0.8779926335174953	0.8710865561694291	0	0.9325346784363178	0.9188701923076923	0.8370165745856354	0.9337016574585635	0.9133416458852868	0.9532554257095158	0.9371069182389937	0.9226519337016574	0.8370165745856354	0.9120626151012892	
0.9722572509457755	0.9829760403530895	0.9476670870113493	0.9779319041614124	0.9646910466582598	0.8997477931904161	0.9401008827238335	1.0	0.9138211382113821	0.8565737051792829	0.9653215636822194	0.967843631778058	0.9174022698612863	0.9596469104665826	0.9646910466582598	0.9016393442622951	0.9722572509457755	0.9016393442622951	0.9564943253467844	0.9161412358133669	1.0	0.8953341740226987	0.9337957124842371	0.9325346784363178	0	1.0	0.926860025220681	0.9659520807061791	1.0	0.9457429048414023	0.9880201765447667	0.9539722572509458	0.926860025220681	0.9457755359394704	
0.9423076923076923	0.9513221153846154	0.9344951923076923	0.9399038461538461	0.9362980769230769	0.9272836538461539	0.9627403846153846	0.9064220183486239	1.0	1.0	0.9158653846153846	0.9362980769230769	0.9375	0.9242788461538461	0.9320913461538461	0.9344951923076923	0.9411057692307693	0.9344951923076923	0.9350961538461539	0.9284855769230769	0.8783783783783784	0.9362980769230769	0.9284855769230769	0.9188701923076923	1.0	0	0.9260817307692307	0.9693509615384616	0.9445137157107232	1.0	0.9635220125786164	0.9393028846153846	0.9260817307692307	0.9585336538461539	
0.9178082191780822	0.9295942720763724	0.9065372829417774	0.9410331384015594	0.8970286885245902	0.8305084745762712	0.9118207816968541	0.8697247706422019	0.916260162601626	0.8605577689243028	0.8852242744063324	0.9120492524186455	0.8671943711521548	0.872471416007036	0.9050131926121372	0.8746701846965699	0.91688654353562	0.8553054662379421	0.9146877748460862	0.8095866314863677	0.8637387387387387	0.872471416007036	0.8588390501319261	0.8370165745856354	0.926860025220681	0.9260817307692307	0	0.940193491644679	0.8877805486284289	0.9148580968280468	0.9238993710691824	0.9199648197009674	0.01759014951627089	0.8896218117854002	
0.9319960861056752	0.9451073985680191	0.9366700715015321	0.9537037037037037	0.9328893442622951	0.9411764705882353	0.9571020019065777	0.9330275229357798	0.9317073170731708	0.9043824701195219	0.9406504065040651	0.9350921273031826	0.9439406430338005	0.941869918699187	0.9443089430894309	0.9315181518151815	0.9613821138211383	0.92497320471597	0.9479695431472082	0.937962202136401	0.9380630630630631	0.935562805872757	0.9488352745424293	0.9337016574585635	0.9659520807061791	0.9693509615384616	0.940193491644679	0	0.9744389027431422	0.9749582637729549	0.8830188679245283	0.947560975609756	0.9419795221843004	0.9299754299754299	
0.9576059850374065	0.9675810473815462	0.949501246882793	0.9650872817955112	0.9413965087281796	0.9033665835411472	0.9407730673316709	0.8926605504587156	1.0	1.0	0.9108478802992519	0.92643391521197	0.9089775561097256	0.9027431421446384	0.9108478802992519	0.9295511221945137	0.9283042394014963	0.9295511221945137	0.9370324189526185	0.9021197007481296	0.8862612612612613	0.9245635910224439	0.9052369077306733	0.9133416458852868	1.0	0.9445137157107232	0.8877805486284289	0.9744389027431422	0	1.0	0.9641509433962264	0.949501246882793	0.8877805486284289	0.9451371571072319	
0.9616026711185309	0.986644407345576	0.9398998330550918	0.9724540901502504	0.9465776293823038	0.9432387312186978	0.9657762938230384	1.0	0.9540901502504173	0.9422310756972112	0.9791318864774624	0.9699499165275459	0.9407345575959933	0.9724540901502504	0.9774624373956594	0.9507512520868113	0.9682804674457429	0.9507512520868113	0.9565943238731218	0.9115191986644408	1.0	0.9540901502504173	0.9624373956594324	0.9532554257095158	0.9457429048414023	1.0	0.9148580968280468	0.9749582637729549	1.0	0	0.9874791318864775	0.9607679465776294	0.9148580968280468	0.9365609348914858	
0.9509433962264151	0.9433962264150944	0.940251572327044	0.9616352201257862	0.930188679245283	0.9389937106918239	0.9584905660377359	0.918348623853211	0.9829268292682927	1.0	0.9333333333333333	0.9377358490566038	0.9389937106918239	0.940251572327044	0.930188679245283	0.9289308176100629	0.9522012578616352	0.9377358490566038	0.9433962264150944	0.9232704402515723	0.9290540540540541	0.9320754716981132	0.9251572327044025	0.9371069182389937	0.9880201765447667	0.9635220125786164	0.9238993710691824	0.8830188679245283	0.9641509433962264	0.9874791318864775	0	0.9352201257861635	0.9238993710691824	0.9352201257861635	
0.9417808219178082	0.9307875894988067	0.8646578140960164	0.9337231968810916	0.9262295081967213	0.909272183449651	0.8956148713060057	0.8981651376146789	0.9317073170731708	0.8844621513944223	0.9429992348890589	0.9401172529313233	0.9385820280296785	0.9455484896661367	0.9400958466453674	0.91996699669967	0.9580265095729014	0.8965702036441586	0.944585448392555	0.9268693508627773	0.9177927927927928	0.9196574225122349	0.940099833610649	0.9226519337016574	0.9539722572509458	0.9393028846153846	0.9199648197009674	0.947560975609756	0.949501246882793	0.9607679465776294	0.9352201257861635	0	0.9223549488054608	0.9312039312039312	
0.9178082191780822	0.9295942720763724	0.9065372829417774	0.9410331384015594	0.8970286885245902	0.8305084745762712	0.9118207816968541	0.8697247706422019	0.916260162601626	0.8605577689243028	0.8869453924914675	0.9146757679180887	0.871160409556314	0.8732935153583617	0.9074232081911263	0.8767064846416383	0.9193686006825939	0.8553054662379421	0.9172354948805461	0.8135665529010239	0.8637387387387387	0.8762798634812287	0.8630546075085325	0.8370165745856354	0.926860025220681	0.9260817307692307	0.01759014951627089	0.9419795221843004	0.8877805486284289	0.9148580968280468	0.9238993710691824	0.9223549488054608	0	0.8929180887372014	
0.912426614481409	0.9397374701670644	0.8912155260469867	0.9507797270955166	0.8908811475409836	0.8873379860418744	0.9194470924690181	0.908256880733945	0.8845528455284553	0.8665338645418327	0.9103194103194103	0.9061976549413735	0.9101401483924155	0.9180999180999181	0.8968058968058968	0.8910891089108911	0.9328419328419328	0.87513397642015	0.9158206429780034	0.8808545603944125	0.9054054054054054	0.8947583947583948	0.9113976705490848	0.9120626151012892	0.9457755359394704	0.9585336538461539	0.8896218117854002	0.9299754299754299	0.9451371571072319	0.9365609348914858	0.9352201257861635	0.9312039312039312	0.8929180887372014	0	
