0	0.898936170212766	0.9031657355679702	0.8107734806629834	0.9096774193548387	0.8886986301369864	0.9310018903591682	0.9122383252818036	0.9233576642335767	0.867741935483871	0.9028662420382165	0.8980769230769231	0.9259554140127388	0.8072033898305084	0.8391304347826087	0.9132165605095541	0.910031847133758	0.9625796178343949	0.9243630573248408	0.9020700636942676	0.8945111492281304	0.9156050955414012	0.8608597285067874	0.8949579831932774	0.9418789808917197	0.9171974522292994	0.9307324840764332	0.9227707006369427	0.8905852417302799	0.9496699669966997	0.9347133757961783	0.9267515923566879	0.9227707006369427	0.8901273885350318	
0.898936170212766	0	0.9060283687943262	0.9095744680851063	0.9024822695035462	0.900709219858156	0.9468085106382979	0.9113475177304965	0.9113475177304965	0.8900709219858156	0.9078014184397163	0.9078014184397163	0.9078014184397163	0.902542372881356	0.9217391304347826	0.9060283687943262	0.9095744680851063	0.9627659574468085	0.9113475177304965	0.9113475177304965	0.8918439716312057	0.9095744680851063	0.8918439716312057	0.8953900709219859	0.874113475177305	0.8865248226950354	0.8723404255319149	0.8829787234042553	0.8847517730496454	0.9273049645390071	0.8794326241134752	0.8918439716312057	0.8829787234042553	0.900709219858156	
0.9031657355679702	0.9060283687943262	0	0.8756906077348067	0.9301075268817204	0.9162011173184358	0.9621928166351607	0.9348230912476723	0.9543761638733705	0.8790322580645161	0.9264432029795159	0.9307692307692308	0.9217877094972067	0.8771186440677966	0.8782608695652174	0.9301675977653632	0.9301675977653632	0.9599627560521415	0.931098696461825	0.9236499068901304	0.9236499068901304	0.9357541899441341	0.9072398190045249	0.9134078212290503	0.9394785847299814	0.9385474860335196	0.9283054003724395	0.9394785847299814	0.9223918575063613	0.9608938547486033	0.9357541899441341	0.9189944134078212	0.9394785847299814	0.9189944134078212	
0.8107734806629834	0.9095744680851063	0.8756906077348067	0	0.8825966850828729	0.8522099447513812	0.8977900552486188	0.8729281767955801	0.8812154696132597	0.867741935483871	0.8342541436464088	0.856353591160221	0.8480662983425414	0.8072033898305084	0.8434782608695652	0.8342541436464088	0.8273480662983426	0.9212707182320442	0.8522099447513812	0.8577348066298343	0.8453038674033149	0.8549723756906077	0.8453038674033149	0.8522099447513812	0.9005524861878453	0.835635359116022	0.8770718232044199	0.8632596685082873	0.8812154696132597	0.8743093922651933	0.8701657458563536	0.8494475138121547	0.8632596685082873	0.8591160220994475	
0.9096774193548387	0.9024822695035462	0.9301075268817204	0.8825966850828729	0	0.8806451612903226	0.910752688172043	0.8989247311827957	0.9161290322580645	0.8225806451612904	0.8924731182795699	0.8956989247311828	0.867741935483871	0.7796610169491526	0.8217391304347826	0.8978494623655914	0.8924731182795699	0.9559139784946237	0.8978494623655914	0.8451612903225807	0.8838709677419355	0.9118279569892473	0.8778280542986425	0.867741935483871	0.932258064516129	0.9053763440860215	0.8741935483870967	0.8870967741935484	0.8575063613231552	0.9344086021505377	0.9139784946236559	0.896774193548387	0.8870967741935484	0.9139784946236559	
0.8886986301369864	0.900709219858156	0.9162011173184358	0.8522099447513812	0.8806451612903226	0	0.941398865784499	0.8784246575342466	0.8923357664233577	0.8467741935483871	0.8818493150684932	0.8875	0.8827054794520548	0.777542372881356	0.808695652173913	0.8801369863013698	0.875	0.9306506849315068	0.901541095890411	0.8493150684931506	0.902229845626072	0.872431506849315	0.8585972850678733	0.8921232876712328	0.8929794520547946	0.8681506849315068	0.8886986301369864	0.8886986301369864	0.8753180661577609	0.9340753424657534	0.9238013698630136	0.9246575342465754	0.875	0.865582191780822	
0.9310018903591682	0.9468085106382979	0.9621928166351607	0.8977900552486188	0.910752688172043	0.941398865784499	0	0.94234404536862	0.9631379962192816	0.9080645161290323	0.8941398865784499	0.926923076923077	0.9139886578449905	0.8050847457627118	0.8434782608695652	0.8846880907372401	0.9120982986767486	0.9688090737240076	0.8979206049149339	0.9158790170132325	0.9111531190926276	0.9224952741020794	0.8936651583710408	0.9291115311909263	0.9631379962192816	0.9168241965973535	0.9281663516068053	0.9385633270321361	0.910941475826972	0.9527410207939508	0.9272211720226843	0.8922495274102079	0.9385633270321361	0.941398865784499	
0.9122383252818036	0.9113475177304965	0.9348230912476723	0.8729281767955801	0.8989247311827957	0.8784246575342466	0.94234404536862	0	0.9233576642335767	0.8467741935483871	0.895330112721417	0.8971153846153846	0.8856682769726248	0.798728813559322	0.741304347826087	0.895330112721417	0.894524959742351	0.9492753623188406	0.9307568438003221	0.8913043478260869	0.9236706689536878	0.894524959742351	0.8880090497737556	0.915126050420168	0.9202898550724637	0.8985507246376812	0.8687600644122383	0.9138486312399355	0.8804071246819338	0.9108910891089109	0.9355877616747182	0.927536231884058	0.8800322061191627	0.8792270531400966	
0.9233576642335767	0.9113475177304965	0.9543761638733705	0.8812154696132597	0.9161290322580645	0.8923357664233577	0.9631379962192816	0.9233576642335767	0	0.8564516129032258	0.9233576642335767	0.9019230769230769	0.926094890510949	0.8135593220338984	0.8478260869565217	0.9242700729927007	0.9233576642335767	0.958029197080292	0.9306569343065694	0.9124087591240876	0.9224452554744526	0.906934306569343	0.9038461538461539	0.9242700729927007	0.9370437956204379	0.885036496350365	0.9023722627737226	0.8786496350364964	0.8931297709923665	0.9507299270072993	0.9370437956204379	0.9379562043795621	0.8786496350364964	0.9224452554744526	
0.867741935483871	0.8900709219858156	0.8790322580645161	0.867741935483871	0.8225806451612904	0.8467741935483871	0.9080645161290323	0.8467741935483871	0.8564516129032258	0	0.8693548387096774	0.8435483870967742	0.8274193548387097	0.8050847457627118	0.8173913043478261	0.8693548387096774	0.8693548387096774	0.9129032258064517	0.8741935483870967	0.8274193548387097	0.8661290322580645	0.8693548387096774	0.8661290322580645	0.8145161290322581	0.9080645161290323	0.8548387096774194	0.8354838709677419	0.8338709677419355	0.8193548387096774	0.9064516129032258	0.8403225806451613	0.8419354838709677	0.8338709677419355	0.8370967741935483	
0.9028662420382165	0.9078014184397163	0.9264432029795159	0.8342541436464088	0.8924731182795699	0.8818493150684932	0.8941398865784499	0.895330112721417	0.9233576642335767	0.8693548387096774	0	0.8990384615384616	0.8234421364985163	0.7796610169491526	0.8434782608695652	0.827893175074184	0.7989614243323442	0.8987915407854985	0.8798219584569733	0.8983679525222552	0.8456260720411664	0.8636363636363636	0.7850678733031674	0.9226890756302522	0.8931750741839762	0.8612759643916914	0.8894658753709199	0.9272997032640949	0.8765903307888041	0.905940594059406	0.9287833827893175	0.9102373887240356	0.8879821958456974	0.8641221374045801	
0.8980769230769231	0.9078014184397163	0.9307692307692308	0.856353591160221	0.8956989247311828	0.8875	0.926923076923077	0.8971153846153846	0.9019230769230769	0.8435483870967742	0.8990384615384616	0	0.9057692307692308	0.7415254237288136	0.5304347826086957	0.9009615384615385	0.8980769230769231	0.9538461538461539	0.9096153846153846	0.8817307692307692	0.8951923076923077	0.8846153846153846	0.8766968325791855	0.8807692307692307	0.9298076923076923	0.9009615384615385	0.9028846153846154	0.8865384615384615	0.8689567430025446	0.9413461538461538	0.9211538461538461	0.9009615384615385	0.8865384615384615	0.8971153846153846	
0.9259554140127388	0.9078014184397163	0.9217877094972067	0.8480662983425414	0.867741935483871	0.8827054794520548	0.9139886578449905	0.8856682769726248	0.926094890510949	0.8274193548387097	0.8234421364985163	0.9057692307692308	0	0.7542372881355932	0.8195652173913044	0.8596491228070176	0.8399705014749262	0.9108761329305136	0.9181286549707602	0.8852339181286549	0.8970840480274442	0.8810606060606061	0.8495475113122172	0.9092436974789916	0.9108187134502924	0.8969298245614035	0.8735380116959064	0.9239766081871345	0.8689567430025446	0.886963696369637	0.9415204678362573	0.9210526315789473	0.8793859649122807	0.8778625954198473	
0.8072033898305084	0.902542372881356	0.8771186440677966	0.8072033898305084	0.7796610169491526	0.777542372881356	0.8050847457627118	0.798728813559322	0.8135593220338984	0.8050847457627118	0.7796610169491526	0.7415254237288136	0.7542372881355932	0	0.7739130434782608	0.7796610169491526	0.777542372881356	0.902542372881356	0.7817796610169492	0.7288135593220338	0.7669491525423728	0.7711864406779662	0.7669491525423728	0.760593220338983	0.864406779661017	0.788135593220339	0.7796610169491526	0.7627118644067796	0.7860169491525424	0.885593220338983	0.8199152542372882	0.75	0.7627118644067796	0.8029661016949152	
0.8391304347826087	0.9217391304347826	0.8782608695652174	0.8434782608695652	0.8217391304347826	0.808695652173913	0.8434782608695652	0.741304347826087	0.8478260869565217	0.8173913043478261	0.8434782608695652	0.5304347826086957	0.8195652173913044	0.7739130434782608	0	0.8456521739130435	0.841304347826087	0.908695652173913	0.8521739130434782	0.7956521739130434	0.8282608695652174	0.8065217391304348	0.8282608695652174	0.7630434782608696	0.8891304347826087	0.8456521739130435	0.8195652173913044	0.8	0.8239130434782609	0.9021739130434783	0.8608695652173913	0.8	0.8	0.8369565217391305	
0.9132165605095541	0.9060283687943262	0.9301675977653632	0.8342541436464088	0.8978494623655914	0.8801369863013698	0.8846880907372401	0.895330112721417	0.9242700729927007	0.8693548387096774	0.827893175074184	0.9009615384615385	0.8596491228070176	0.7796610169491526	0.8456521739130435	0	0.8266961651917404	0.9199395770392749	0.8797376093294461	0.8965014577259475	0.8816466552315609	0.865909090909091	0.832579185520362	0.9260504201680673	0.8957725947521866	0.880466472303207	0.891399416909621	0.9293002915451894	0.8778625954198473	0.900990099009901	0.9300291545189504	0.9139941690962099	0.8862973760932945	0.8687022900763359	
0.910031847133758	0.9095744680851063	0.9301675977653632	0.8273480662983426	0.8924731182795699	0.875	0.9120982986767486	0.894524959742351	0.9233576642335767	0.8693548387096774	0.7989614243323442	0.8980769230769231	0.8399705014749262	0.777542372881356	0.841304347826087	0.8266961651917404	0	0.9086102719033232	0.8930678466076696	0.894542772861357	0.8799313893653516	0.8636363636363636	0.830316742081448	0.9235294117647059	0.8960176991150443	0.8775811209439528	0.8790560471976401	0.9240412979351033	0.8740458015267175	0.8894389438943895	0.9321533923303835	0.9144542772861357	0.8812684365781711	0.8648854961832061	
0.9625796178343949	0.9627659574468085	0.9599627560521415	0.9212707182320442	0.9559139784946237	0.9306506849315068	0.9688090737240076	0.9492753623188406	0.958029197080292	0.9129032258064517	0.8987915407854985	0.9538461538461539	0.9108761329305136	0.902542372881356	0.908695652173913	0.9199395770392749	0.9086102719033232	0	0.9070996978851964	0.904833836858006	0.9545454545454546	0.9492424242424242	0.9377828054298643	0.9630252100840336	0.9577039274924471	0.9607250755287009	0.9403323262839879	0.9652567975830816	0.9478371501272265	0.9414191419141914	0.9690332326283988	0.9667673716012085	0.945619335347432	0.9305343511450381	
0.9243630573248408	0.9113475177304965	0.931098696461825	0.8522099447513812	0.8978494623655914	0.901541095890411	0.8979206049149339	0.9307568438003221	0.9306569343065694	0.8741935483870967	0.8798219584569733	0.9096153846153846	0.9181286549707602	0.7817796610169492	0.8521739130434782	0.8797376093294461	0.8930678466076696	0.9070996978851964	0	0.8703578663065497	0.8876500857632933	0.921969696969697	0.8518099547511312	0.9285714285714286	0.9485915492957746	0.9202898550724637	0.9282392026578073	0.9313858695652174	0.8740458015267175	0.9422442244224423	0.937246963562753	0.9209302325581395	0.932890365448505	0.9236641221374046	
0.9020700636942676	0.9113475177304965	0.9236499068901304	0.8577348066298343	0.8451612903225807	0.8493150684931506	0.9158790170132325	0.8913043478260869	0.9124087591240876	0.8274193548387097	0.8983679525222552	0.8817307692307692	0.8852339181286549	0.7288135593220338	0.7956521739130434	0.8965014577259475	0.894542772861357	0.904833836858006	0.8703578663065497	0	0.8953687821612349	0.9098484848484848	0.8619909502262444	0.9100840336134454	0.9359154929577465	0.9217391304347826	0.9115462525320729	0.920516304347826	0.8651399491094147	0.943069306930693	0.9446320054017556	0.925725860904794	0.9149223497636731	0.8923664122137405	
0.8945111492281304	0.8918439716312057	0.9236499068901304	0.8453038674033149	0.8838709677419355	0.902229845626072	0.9111531190926276	0.9236706689536878	0.9224452554744526	0.8661290322580645	0.8456260720411664	0.8951923076923077	0.8970840480274442	0.7669491525423728	0.8282608695652174	0.8816466552315609	0.8799313893653516	0.9545454545454546	0.8876500857632933	0.8953687821612349	0	0.9099485420240138	0.2748868778280543	0.9193825042881647	0.9313893653516295	0.9099485420240138	0.9176672384219554	0.9142367066895368	0.871501272264631	0.9442538593481989	0.9313893653516295	0.9125214408233276	0.9142367066895368	0.902229845626072	
0.9156050955414012	0.9095744680851063	0.9357541899441341	0.8549723756906077	0.9118279569892473	0.872431506849315	0.9224952741020794	0.894524959742351	0.906934306569343	0.8693548387096774	0.8636363636363636	0.8846153846153846	0.8810606060606061	0.7711864406779662	0.8065217391304348	0.865909090909091	0.8636363636363636	0.9492424242424242	0.921969696969697	0.9098484848484848	0.9099485420240138	0	0.8687782805429864	0.8991596638655462	0.8909090909090909	0.8765151515151515	0.9037878787878788	0.9075757575757576	0.8829516539440203	0.9174917491749175	0.9318181818181818	0.9181818181818182	0.8727272727272727	0.883206106870229	
0.8608597285067874	0.8918439716312057	0.9072398190045249	0.8453038674033149	0.8778280542986425	0.8585972850678733	0.8936651583710408	0.8880090497737556	0.9038461538461539	0.8661290322580645	0.7850678733031674	0.8766968325791855	0.8495475113122172	0.7669491525423728	0.8282608695652174	0.832579185520362	0.830316742081448	0.9377828054298643	0.8518099547511312	0.8619909502262444	0.2748868778280543	0.8687782805429864	0	0.8936651583710408	0.8970588235294118	0.8699095022624435	0.8800904977375565	0.8868778280542986	0.871501272264631	0.9128959276018099	0.9095022624434389	0.8846153846153846	0.8778280542986425	0.8608597285067874	
0.8949579831932774	0.8953900709219859	0.9134078212290503	0.8522099447513812	0.867741935483871	0.8921232876712328	0.9291115311909263	0.915126050420168	0.9242700729927007	0.8145161290322581	0.9226890756302522	0.8807692307692307	0.9092436974789916	0.760593220338983	0.7630434782608696	0.9260504201680673	0.9235294117647059	0.9630252100840336	0.9285714285714286	0.9100840336134454	0.9193825042881647	0.8991596638655462	0.8936651583710408	0	0.9487394957983193	0.9277310924369748	0.9168067226890756	0.9126050420168067	0.871501272264631	0.9487394957983193	0.9218487394957983	0.9033613445378151	0.9126050420168067	0.926890756302521	
0.9418789808917197	0.874113475177305	0.9394785847299814	0.9005524861878453	0.932258064516129	0.8929794520547946	0.9631379962192816	0.9202898550724637	0.9370437956204379	0.9080645161290323	0.8931750741839762	0.9298076923076923	0.9108187134502924	0.864406779661017	0.8891304347826087	0.8957725947521866	0.8960176991150443	0.9577039274924471	0.9485915492957746	0.9359154929577465	0.9313893653516295	0.8909090909090909	0.8970588235294118	0.9487394957983193	0	0.8920289855072464	0.9140845070422535	0.9380281690140845	0.9312977099236641	0.9364686468646864	0.9619718309859155	0.9605633802816902	0.8971830985915493	0.8946564885496183	
0.9171974522292994	0.8865248226950354	0.9385474860335196	0.835635359116022	0.9053763440860215	0.8681506849315068	0.9168241965973535	0.8985507246376812	0.885036496350365	0.8548387096774194	0.8612759643916914	0.9009615384615385	0.8969298245614035	0.788135593220339	0.8456521739130435	0.880466472303207	0.8775811209439528	0.9607250755287009	0.9202898550724637	0.9217391304347826	0.9099485420240138	0.8765151515151515	0.8699095022624435	0.9277310924369748	0.8920289855072464	0	0.9028985507246376	0.8913043478260869	0.8918575063613231	0.9174917491749175	0.9231884057971015	0.927536231884058	0.8601449275362318	0.8717557251908397	
0.9307324840764332	0.8723404255319149	0.9283054003724395	0.8770718232044199	0.8741935483870967	0.8886986301369864	0.9281663516068053	0.8687600644122383	0.9023722627737226	0.8354838709677419	0.8894658753709199	0.9028846153846154	0.8735380116959064	0.7796610169491526	0.8195652173913044	0.891399416909621	0.8790560471976401	0.9403323262839879	0.9282392026578073	0.9115462525320729	0.9176672384219554	0.9037878787878788	0.8800904977375565	0.9168067226890756	0.9140845070422535	0.9028985507246376	0	0.9137228260869565	0.8206106870229007	0.9001650165016502	0.9412955465587044	0.9398692810457516	0.8869281045751634	0.8954198473282443	
0.9227707006369427	0.8829787234042553	0.9394785847299814	0.8632596685082873	0.8870967741935484	0.8886986301369864	0.9385633270321361	0.9138486312399355	0.8786496350364964	0.8338709677419355	0.9272997032640949	0.8865384615384615	0.9239766081871345	0.7627118644067796	0.8	0.9293002915451894	0.9240412979351033	0.9652567975830816	0.9313858695652174	0.920516304347826	0.9142367066895368	0.9075757575757576	0.8868778280542986	0.9126050420168067	0.9380281690140845	0.8913043478260869	0.9137228260869565	0	0.8587786259541985	0.9414191419141914	0.938858695652174	0.9375	0.11345108695652174	0.9114503816793893	
0.8905852417302799	0.8847517730496454	0.9223918575063613	0.8812154696132597	0.8575063613231552	0.8753180661577609	0.910941475826972	0.8804071246819338	0.8931297709923665	0.8193548387096774	0.8765903307888041	0.8689567430025446	0.8689567430025446	0.7860169491525424	0.8239130434782609	0.8778625954198473	0.8740458015267175	0.9478371501272265	0.8740458015267175	0.8651399491094147	0.871501272264631	0.8829516539440203	0.871501272264631	0.871501272264631	0.9312977099236641	0.8918575063613231	0.8206106870229007	0.8587786259541985	0	0.9223918575063613	0.8702290076335878	0.8867684478371501	0.8587786259541985	0.8918575063613231	
0.9496699669966997	0.9273049645390071	0.9608938547486033	0.8743093922651933	0.9344086021505377	0.9340753424657534	0.9527410207939508	0.9108910891089109	0.9507299270072993	0.9064516129032258	0.905940594059406	0.9413461538461538	0.886963696369637	0.885593220338983	0.9021739130434783	0.900990099009901	0.8894389438943895	0.9414191419141914	0.9422442244224423	0.943069306930693	0.9442538593481989	0.9174917491749175	0.9128959276018099	0.9487394957983193	0.9364686468646864	0.9174917491749175	0.9001650165016502	0.9414191419141914	0.9223918575063613	0	0.9422442244224423	0.9414191419141914	0.8952145214521452	0.9018151815181518	
0.9347133757961783	0.8794326241134752	0.9357541899441341	0.8701657458563536	0.9139784946236559	0.9238013698630136	0.9272211720226843	0.9355877616747182	0.9370437956204379	0.8403225806451613	0.9287833827893175	0.9211538461538461	0.9415204678362573	0.8199152542372882	0.8608695652173913	0.9300291545189504	0.9321533923303835	0.9690332326283988	0.937246963562753	0.9446320054017556	0.9313893653516295	0.9318181818181818	0.9095022624434389	0.9218487394957983	0.9619718309859155	0.9231884057971015	0.9412955465587044	0.938858695652174	0.8702290076335878	0.9422442244224423	0	0.9298245614035088	0.9392712550607287	0.9374045801526718	
0.9267515923566879	0.8918439716312057	0.9189944134078212	0.8494475138121547	0.896774193548387	0.9246575342465754	0.8922495274102079	0.927536231884058	0.9379562043795621	0.8419354838709677	0.9102373887240356	0.9009615384615385	0.9210526315789473	0.75	0.8	0.9139941690962099	0.9144542772861357	0.9667673716012085	0.9209302325581395	0.925725860904794	0.9125214408233276	0.9181818181818182	0.8846153846153846	0.9033613445378151	0.9605633802816902	0.927536231884058	0.9398692810457516	0.9375	0.8867684478371501	0.9414191419141914	0.9298245614035088	0	0.9404915912031048	0.934351145038168	
0.9227707006369427	0.8829787234042553	0.9394785847299814	0.8632596685082873	0.8870967741935484	0.875	0.9385633270321361	0.8800322061191627	0.8786496350364964	0.8338709677419355	0.8879821958456974	0.8865384615384615	0.8793859649122807	0.7627118644067796	0.8	0.8862973760932945	0.8812684365781711	0.945619335347432	0.932890365448505	0.9149223497636731	0.9142367066895368	0.8727272727272727	0.8778280542986425	0.9126050420168067	0.8971830985915493	0.8601449275362318	0.8869281045751634	0.11345108695652174	0.8587786259541985	0.8952145214521452	0.9392712550607287	0.9404915912031048	0	0.8580152671755725	
0.8901273885350318	0.900709219858156	0.9189944134078212	0.8591160220994475	0.9139784946236559	0.865582191780822	0.941398865784499	0.8792270531400966	0.9224452554744526	0.8370967741935483	0.8641221374045801	0.8971153846153846	0.8778625954198473	0.8029661016949152	0.8369565217391305	0.8687022900763359	0.8648854961832061	0.9305343511450381	0.9236641221374046	0.8923664122137405	0.902229845626072	0.883206106870229	0.8608597285067874	0.926890756302521	0.8946564885496183	0.8717557251908397	0.8954198473282443	0.9114503816793893	0.8918575063613231	0.9018151815181518	0.9374045801526718	0.934351145038168	0.8580152671755725	0	
