0	0.9333333333333333	0.9559139784946237	0.9333333333333333	0.9473118279569892	0.932258064516129	0.8989247311827957	0.9204301075268817	0.9376344086021505	0.9419354838709677	0.9419354838709677	0.9204301075268817	0.932258064516129	0.9440860215053763	0.921505376344086	0.9247311827956989	0.9053763440860215	0.9247311827956989	0.9301075268817204	0.932258064516129	0.9259681093394078	0.9043010752688172	0.9634408602150538	0.9060693641618497	0.932258064516129	0.8989247311827957	0.9419354838709677	0.8780918727915195	0.9903225806451613	0.8989247311827957	0.9419354838709677	0.9236559139784947	0.9419354838709677	0.9279569892473118	
0.9333333333333333	0	0.9457446808510638	0.9619238476953907	0.969939879759519	0.9529058116232465	0.9599198396793587	0.9609218436873748	0.9579158316633266	0.9759519038076152	0.9619238476953907	0.9549098196392786	0.9519038076152304	0.9509018036072144	0.9529058116232465	0.9529058116232465	0.9541088580576307	0.9529058116232465	0.9579158316633266	0.9519038076152304	0.9521640091116174	0.9569138276553106	0.9819639278557114	0.9393063583815029	0.9729458917835672	0.93687374749499	0.9609218436873748	0.9045936395759717	0.9909819639278558	0.9509018036072144	0.9679358717434869	0.9478957915831663	0.9609218436873748	0.9488977955911824	
0.9559139784946237	0.9457446808510638	0	0.9765957446808511	0.9648936170212766	0.9553191489361702	0.9542553191489361	0.9457446808510638	0.9521276595744681	0.9723404255319149	0.9585106382978723	0.973404255319149	0.9553191489361702	0.9574468085106383	0.9595744680851064	0.9595744680851064	0.959445037353255	0.9595744680851064	0.9585106382978723	0.9595744680851064	0.9555808656036446	0.9521276595744681	0.9808510638297873	0.9436416184971098	0.9723404255319149	0.951063829787234	0.9553191489361702	0.9257950530035336	0.9968085106382979	0.9595744680851064	0.9712765957446808	0.9521276595744681	0.9553191489361702	0.9595744680851064	
0.9333333333333333	0.9619238476953907	0.9765957446808511	0	0.9525193798449613	0.9641472868217055	0.9554263565891473	0.9457364341085271	0.9709302325581395	0.938953488372093	0.9631782945736435	0.9098837209302325	0.9660852713178295	0.9709302325581395	0.9689922480620154	0.9680232558139535	0.9701173959445037	0.9678988326848249	0.9631782945736435	0.9505813953488372	0.9555808656036446	0.9631782945736435	0.9815891472868217	0.953757225433526	0.9583333333333334	0.8672480620155039	0.9786821705426356	0.8710247349823321	0.9893410852713178	0.9563953488372093	0.9563953488372093	0.9457364341085271	0.9786821705426356	0.9505813953488372	
0.9473118279569892	0.969939879759519	0.9648936170212766	0.9525193798449613	0	0.9347826086956522	0.937394247038917	0.9300373134328358	0.9670050761421319	0.9467005076142132	0.949238578680203	0.9422750424448217	0.934010152284264	0.9560067681895094	0.9323181049069373	0.939932318104907	0.9445037353255069	0.9319066147859922	0.9382402707275804	0.9602368866328257	0.9271070615034168	0.9416243654822335	0.9382402707275804	0.9075144508670521	0.9695431472081218	0.9390862944162437	0.91875	0.8833922261484098	0.9932318104906938	0.9661590524534687	0.9506283662477558	0.9181395348837209	0.9306260575296108	0.9623352165725048	
0.932258064516129	0.9529058116232465	0.9553191489361702	0.9641472868217055	0.9347826086956522	0	0.9385633270321361	0.9139886578449905	0.8827977315689981	0.9517958412098299	0.9045368620037807	0.946124763705104	0.8052930056710775	0.8402646502835539	0.8364839319470699	0.7873345935727788	0.9178228388473852	0.7791828793774319	0.8676748582230623	0.8582230623818525	0.8428246013667426	0.9224952741020794	0.9007561436672968	0.8078034682080925	0.9177693761814745	0.9338374291115312	0.8676748582230623	0.9028268551236749	0.998109640831758	0.9366729678638941	0.9621928166351607	0.943289224952741	0.8733459357277883	0.8903591682419659	
0.8989247311827957	0.9599198396793587	0.9542553191489361	0.9554263565891473	0.937394247038917	0.9385633270321361	0	0.9253731343283582	0.9569983136593592	0.9548069022185702	0.9564502875924404	0.9541595925297114	0.9482333607230896	0.9482333607230896	0.9276910435497124	0.9490550534100246	0.9178228388473852	0.9396887159533074	0.9474116680361545	0.9556285949055053	0.9271070615034168	0.924404272801972	0.9597370583401807	0.9089595375722543	0.9539852095316351	0.923582580115037	0.94375	0.9045936395759717	0.9991783073130649	0.9194741166803615	0.9578096947935368	0.9218604651162791	0.9482333607230896	0.9510357815442562	
0.9204301075268817	0.9609218436873748	0.9457446808510638	0.9457364341085271	0.9300373134328358	0.9139886578449905	0.9253731343283582	0	0.9263059701492538	0.9384328358208955	0.9207089552238806	0.9113805970149254	0.9123134328358209	0.9235074626865671	0.9132462686567164	0.9197761194029851	0.9252934898612594	0.9163424124513618	0.9095149253731343	0.9169776119402985	0.8986332574031891	0.9402985074626866	0.933768656716418	0.880057803468208	0.9645522388059702	0.898320895522388	0.9151119402985075	0.901060070671378	0.9934701492537313	0.9421641791044776	0.9636194029850746	0.9188432835820896	0.9225746268656716	0.9218455743879472	
0.9376344086021505	0.9579158316633266	0.9521276595744681	0.9709302325581395	0.9670050761421319	0.8827977315689981	0.9569983136593592	0.9263059701492538	0	0.9569983136593592	0.8861720067453626	0.9634974533106961	0.8962900505902193	0.8954468802698144	0.893760539629005	0.9089376053962901	0.9252934898612594	0.9017509727626459	0.8752107925801011	0.8895446880269815	0.8451025056947609	0.9350758853288365	0.9443507588532883	0.8106936416184971	0.9502529510961214	0.9468802698145026	0.9214285714285714	0.9063604240282686	0.9983136593591906	0.9426644182124789	0.9730700179533214	0.9506976744186046	0.9258010118043845	0.9105461393596986	
0.9419354838709677	0.9759519038076152	0.9723404255319149	0.938953488372093	0.9467005076142132	0.9517958412098299	0.9548069022185702	0.9384328358208955	0.9569983136593592	0	0.9609872611464968	0.8938879456706282	0.9545454545454546	0.9680327868852459	0.9483568075117371	0.9614791987673343	0.9583778014941302	0.9464980544747081	0.9567654123298639	0.9522342064714946	0.9498861047835991	0.9645608628659477	0.9717285945072698	0.9393063583815029	0.9622496147919877	0.9275808936825886	0.9508928571428571	0.8957597173144877	0.9938366718027735	0.9678456591639871	0.9587073608617595	0.9348837209302325	0.9637904468412943	0.963276836158192	
0.9419354838709677	0.9619238476953907	0.9585106382978723	0.9631782945736435	0.949238578680203	0.9045368620037807	0.9564502875924404	0.9207089552238806	0.8861720067453626	0.9609872611464968	0	0.9388794567062818	0.9243630573248408	0.9237704918032786	0.8964968152866242	0.9140127388535032	0.9242262540021344	0.9105058365758755	0.8678943154523618	0.8988853503184714	0.8394077448747153	0.9323248407643312	0.9361873990306947	0.8078034682080925	0.9554140127388535	0.9434713375796179	0.9160714285714285	0.931095406360424	1.0	0.9372990353697749	0.9712746858168761	0.9469767441860465	0.9267515923566879	0.9001883239171374	
0.9204301075268817	0.9549098196392786	0.973404255319149	0.9098837209302325	0.9422750424448217	0.946124763705104	0.9541595925297114	0.9113805970149254	0.9634974533106961	0.8938879456706282	0.9388794567062818	0	0.9499151103565365	0.9609507640067911	0.9456706281833617	0.9482173174872666	0.9306296691568837	0.9406614785992218	0.9465195246179966	0.9592529711375212	0.9419134396355353	0.9414261460101867	0.9575551782682513	0.934971098265896	0.9609507640067911	0.8828522920203735	0.95	0.8392226148409894	0.9889643463497453	0.9507640067911715	0.9371633752244165	0.9348837209302325	0.9592529711375212	0.9190207156308852	
0.932258064516129	0.9519038076152304	0.9553191489361702	0.9660852713178295	0.934010152284264	0.8052930056710775	0.9482333607230896	0.9123134328358209	0.8962900505902193	0.9545454545454546	0.9243630573248408	0.9499151103565365	0	0.8557377049180328	0.86697965571205	0.8307692307692308	0.9156883671291356	0.7976653696498055	0.8807045636509208	0.8915384615384615	0.8325740318906606	0.9392307692307692	0.9168012924071083	0.8034682080924855	0.9453846153846154	0.9446153846153846	0.8633928571428572	0.8992932862190812	0.9984615384615385	0.9453376205787781	0.9694793536804309	0.9423255813953488	0.8892307692307693	0.879472693032015	
0.9440860215053763	0.9509018036072144	0.9574468085106383	0.9709302325581395	0.9560067681895094	0.8402646502835539	0.9482333607230896	0.9235074626865671	0.8954468802698144	0.9680327868852459	0.9237704918032786	0.9609507640067911	0.8557377049180328	0	0.8360655737704918	0.8647540983606558	0.9413020277481323	0.8482490272373541	0.8950819672131147	0.9040983606557377	0.856492027334852	0.9467213114754098	0.9385245901639344	0.8367052023121387	0.9483606557377049	0.9450819672131148	0.8964285714285715	0.9045936395759717	0.9983606557377049	0.9385245901639344	0.9757630161579892	0.9441860465116279	0.9073770491803279	0.9048964218455744	
0.921505376344086	0.9529058116232465	0.9595744680851064	0.9689922480620154	0.9323181049069373	0.8364839319470699	0.9276910435497124	0.9132462686567164	0.893760539629005	0.9483568075117371	0.8964968152866242	0.9456706281833617	0.86697965571205	0.8360655737704918	0	0.8528951486697965	0.9231590181430096	0.8326848249027238	0.8654923939151321	0.8881064162754304	0.8325740318906606	0.9311424100156495	0.9176090468497576	0.7991329479768786	0.9280125195618153	0.9397496087636933	0.8821428571428571	0.9063604240282686	0.9984350547730829	0.932475884244373	0.9658886894075404	0.9376744186046512	0.903755868544601	0.8785310734463276	
0.9247311827956989	0.9529058116232465	0.9595744680851064	0.9680232558139535	0.939932318104907	0.7873345935727788	0.9490550534100246	0.9197761194029851	0.9089376053962901	0.9614791987673343	0.9140127388535032	0.9482173174872666	0.8307692307692308	0.8647540983606558	0.8528951486697965	0	0.9188900747065102	0.31712062256809337	0.8694955964771818	0.8948513415518492	0.8291571753986332	0.9396946564885497	0.9151857835218093	0.791907514450867	0.947166921898928	0.9477882523567803	0.8741071428571429	0.9028268551236749	0.9977678571428571	0.9445337620578779	0.966786355475763	0.946046511627907	0.9029411764705882	0.8907721280602636	
0.9053763440860215	0.9541088580576307	0.959445037353255	0.9701173959445037	0.9445037353255069	0.9178228388473852	0.9178228388473852	0.9252934898612594	0.9252934898612594	0.9583778014941302	0.9242262540021344	0.9306296691568837	0.9156883671291356	0.9413020277481323	0.9231590181430096	0.9188900747065102	0	0.9188900747065102	0.9167556029882604	0.927427961579509	0.9111617312072893	0.8783351120597652	0.9509071504802561	0.888728323699422	0.9263607257203842	0.9242262540021344	0.9242262540021344	0.911660777385159	0.9978655282817502	0.9103521878335112	0.9637139807897546	0.9391675560298826	0.9242262540021344	0.9295624332977588	
0.9247311827956989	0.9529058116232465	0.9595744680851064	0.9678988326848249	0.9319066147859922	0.7791828793774319	0.9396887159533074	0.9163424124513618	0.9017509727626459	0.9464980544747081	0.9105058365758755	0.9406614785992218	0.7976653696498055	0.8482490272373541	0.8326848249027238	0.31712062256809337	0.9188900747065102	0	0.8511673151750972	0.8589494163424124	0.8291571753986332	0.9241245136186771	0.8978599221789884	0.791907514450867	0.9328793774319066	0.9299610894941635	0.8628404669260701	0.8939929328621908	0.9970817120622568	0.9328793774319066	0.9640077821011673	0.943579766536965	0.8715953307392996	0.8871595330739299	
0.9301075268817204	0.9579158316633266	0.9585106382978723	0.9631782945736435	0.9382402707275804	0.8676748582230623	0.9474116680361545	0.9095149253731343	0.8752107925801011	0.9567654123298639	0.8678943154523618	0.9465195246179966	0.8807045636509208	0.8950819672131147	0.8654923939151321	0.8694955964771818	0.9167556029882604	0.8511673151750972	0	0.8863090472377902	0.1867881548974943	0.9183346677341874	0.925686591276252	0.3699421965317919	0.9543634907926342	0.9463570856685348	0.8848214285714285	0.9151943462897526	0.9951961569255404	0.9453376205787781	0.9730700179533214	0.9451162790697675	0.9023218574859888	0.9105461393596986	
0.932258064516129	0.9519038076152304	0.9595744680851064	0.9505813953488372	0.9602368866328257	0.8582230623818525	0.9556285949055053	0.9169776119402985	0.8895446880269815	0.9522342064714946	0.8988853503184714	0.9592529711375212	0.8915384615384615	0.9040983606557377	0.8881064162754304	0.8948513415518492	0.927427961579509	0.8589494163424124	0.8863090472377902	0	0.8382687927107062	0.9404580152671755	0.9353796445880452	0.8020231213872833	0.9349157733537519	0.9481534090909091	0.9008928571428572	0.9063604240282686	0.9985119047619048	0.9493569131832797	0.9676840215439856	0.9497674418604651	0.9183823529411764	0.8879472693032016	
0.9259681093394078	0.9521640091116174	0.9555808656036446	0.9555808656036446	0.9271070615034168	0.8428246013667426	0.9271070615034168	0.8986332574031891	0.8451025056947609	0.9498861047835991	0.8394077448747153	0.9419134396355353	0.8325740318906606	0.856492027334852	0.8325740318906606	0.8291571753986332	0.9111617312072893	0.8291571753986332	0.1867881548974943	0.8382687927107062	0	0.8883826879271071	0.9043280182232346	0.37427745664739887	0.9373576309794989	0.9134396355353075	0.8621867881548975	0.9151943462897526	0.9931662870159453	0.9259681093394078	0.9658314350797267	0.9328018223234624	0.8621867881548975	0.8917995444191344	
0.9043010752688172	0.9569138276553106	0.9521276595744681	0.9631782945736435	0.9416243654822335	0.9224952741020794	0.924404272801972	0.9402985074626866	0.9350758853288365	0.9645608628659477	0.9323248407643312	0.9414261460101867	0.9392307692307692	0.9467213114754098	0.9311424100156495	0.9396946564885497	0.8783351120597652	0.9241245136186771	0.9183346677341874	0.9404580152671755	0.8883826879271071	0	0.9571890145395799	0.8829479768786127	0.9364471669218989	0.9427480916030534	0.9285714285714286	0.9028268551236749	0.9946564885496183	0.9332797427652733	0.9721723518850988	0.9432558139534883	0.9389312977099237	0.9350282485875706	
0.9634408602150538	0.9819639278557114	0.9808510638297873	0.9815891472868217	0.9382402707275804	0.9007561436672968	0.9597370583401807	0.933768656716418	0.9443507588532883	0.9717285945072698	0.9361873990306947	0.9575551782682513	0.9168012924071083	0.9385245901639344	0.9176090468497576	0.9151857835218093	0.9509071504802561	0.8978599221789884	0.925686591276252	0.9353796445880452	0.9043280182232346	0.9571890145395799	0	0.880057803468208	0.9531502423263328	0.9717285945072698	0.9017857142857143	0.9681978798586572	0.9983844911147012	0.9620355411954766	0.9775583482944344	0.9525581395348838	0.9168012924071083	0.9322033898305084	
0.9060693641618497	0.9393063583815029	0.9436416184971098	0.953757225433526	0.9075144508670521	0.8078034682080925	0.9089595375722543	0.880057803468208	0.8106936416184971	0.9393063583815029	0.8078034682080925	0.934971098265896	0.8034682080924855	0.8367052023121387	0.7991329479768786	0.791907514450867	0.888728323699422	0.791907514450867	0.3699421965317919	0.8020231213872833	0.37427745664739887	0.8829479768786127	0.880057803468208	0	0.9263005780346821	0.911849710982659	0.8251445086705202	0.9151943462897526	0.9913294797687862	0.9075144508670521	0.9566473988439307	0.9147398843930635	0.8251445086705202	0.865606936416185	
0.932258064516129	0.9729458917835672	0.9723404255319149	0.9583333333333334	0.9695431472081218	0.9177693761814745	0.9539852095316351	0.9645522388059702	0.9502529510961214	0.9622496147919877	0.9554140127388535	0.9609507640067911	0.9453846153846154	0.9483606557377049	0.9280125195618153	0.947166921898928	0.9263607257203842	0.9328793774319066	0.9543634907926342	0.9349157733537519	0.9373576309794989	0.9364471669218989	0.9531502423263328	0.9263005780346821	0	0.9617151607963247	0.9410714285714286	0.9399293286219081	0.998468606431853	0.9501607717041801	0.966786355475763	0.9683720930232558	0.9494640122511485	0.916195856873823	
0.8989247311827957	0.93687374749499	0.951063829787234	0.8672480620155039	0.9390862944162437	0.9338374291115312	0.923582580115037	0.898320895522388	0.9468802698145026	0.9275808936825886	0.9434713375796179	0.8828522920203735	0.9446153846153846	0.9450819672131148	0.9397496087636933	0.9477882523567803	0.9242262540021344	0.9299610894941635	0.9463570856685348	0.9481534090909091	0.9134396355353075	0.9427480916030534	0.9717285945072698	0.911849710982659	0.9617151607963247	0	0.9455357142857143	0.8356890459363958	0.9903273809523809	0.9405144694533762	0.9389587073608617	0.9088372093023256	0.9551470588235295	0.931261770244821	
0.9419354838709677	0.9609218436873748	0.9553191489361702	0.9786821705426356	0.91875	0.8676748582230623	0.94375	0.9151119402985075	0.9214285714285714	0.9508928571428571	0.9160714285714285	0.95	0.8633928571428572	0.8964285714285715	0.8821428571428571	0.8741071428571429	0.9242262540021344	0.8628404669260701	0.8848214285714285	0.9008928571428572	0.8621867881548975	0.9285714285714286	0.9017857142857143	0.8251445086705202	0.9410714285714286	0.9455357142857143	0	0.931095406360424	1.0	0.9446428571428571	0.9721723518850988	0.9386046511627907	0.11339285714285714	0.9048964218455744	
0.8780918727915195	0.9045936395759717	0.9257950530035336	0.8710247349823321	0.8833922261484098	0.9028268551236749	0.9045936395759717	0.901060070671378	0.9063604240282686	0.8957597173144877	0.931095406360424	0.8392226148409894	0.8992932862190812	0.9045936395759717	0.9063604240282686	0.9028268551236749	0.911660777385159	0.8939929328621908	0.9151943462897526	0.9063604240282686	0.9151943462897526	0.9028268551236749	0.9681978798586572	0.9151943462897526	0.9399293286219081	0.8356890459363958	0.931095406360424	0	0.9876325088339223	0.9222614840989399	0.8975265017667845	0.8692579505300353	0.931095406360424	0.8586572438162544	
0.9903225806451613	0.9909819639278558	0.9968085106382979	0.9893410852713178	0.9932318104906938	0.998109640831758	0.9991783073130649	0.9934701492537313	0.9983136593591906	0.9938366718027735	1.0	0.9889643463497453	0.9984615384615385	0.9983606557377049	0.9984350547730829	0.9977678571428571	0.9978655282817502	0.9970817120622568	0.9951961569255404	0.9985119047619048	0.9931662870159453	0.9946564885496183	0.9983844911147012	0.9913294797687862	0.998468606431853	0.9903273809523809	1.0	0.9876325088339223	0	0.9943729903536977	0.9964093357271095	0.9962790697674418	1.0	0.9962335216572504	
0.8989247311827957	0.9509018036072144	0.9595744680851064	0.9563953488372093	0.9661590524534687	0.9366729678638941	0.9194741166803615	0.9421641791044776	0.9426644182124789	0.9678456591639871	0.9372990353697749	0.9507640067911715	0.9453376205787781	0.9385245901639344	0.932475884244373	0.9445337620578779	0.9103521878335112	0.9328793774319066	0.9453376205787781	0.9493569131832797	0.9259681093394078	0.9332797427652733	0.9620355411954766	0.9075144508670521	0.9501607717041801	0.9405144694533762	0.9446428571428571	0.9222614840989399	0.9943729903536977	0	0.9694793536804309	0.9469767441860465	0.9517684887459807	0.940677966101695	
0.9419354838709677	0.9679358717434869	0.9712765957446808	0.9563953488372093	0.9506283662477558	0.9621928166351607	0.9578096947935368	0.9636194029850746	0.9730700179533214	0.9587073608617595	0.9712746858168761	0.9371633752244165	0.9694793536804309	0.9757630161579892	0.9658886894075404	0.966786355475763	0.9637139807897546	0.9640077821011673	0.9730700179533214	0.9676840215439856	0.9658314350797267	0.9721723518850988	0.9775583482944344	0.9566473988439307	0.966786355475763	0.9389587073608617	0.9721723518850988	0.8975265017667845	0.9964093357271095	0.9694793536804309	0	0.9423255813953488	0.9721723518850988	0.9651600753295668	
0.9236559139784947	0.9478957915831663	0.9521276595744681	0.9457364341085271	0.9181395348837209	0.943289224952741	0.9218604651162791	0.9188432835820896	0.9506976744186046	0.9348837209302325	0.9469767441860465	0.9348837209302325	0.9423255813953488	0.9441860465116279	0.9376744186046512	0.946046511627907	0.9391675560298826	0.943579766536965	0.9451162790697675	0.9497674418604651	0.9328018223234624	0.9432558139534883	0.9525581395348838	0.9147398843930635	0.9683720930232558	0.9088372093023256	0.9386046511627907	0.8692579505300353	0.9962790697674418	0.9469767441860465	0.9423255813953488	0	0.9386046511627907	0.9500941619585688	
0.9419354838709677	0.9609218436873748	0.9553191489361702	0.9786821705426356	0.9306260575296108	0.8733459357277883	0.9482333607230896	0.9225746268656716	0.9258010118043845	0.9637904468412943	0.9267515923566879	0.9592529711375212	0.8892307692307693	0.9073770491803279	0.903755868544601	0.9029411764705882	0.9242262540021344	0.8715953307392996	0.9023218574859888	0.9183823529411764	0.8621867881548975	0.9389312977099237	0.9168012924071083	0.8251445086705202	0.9494640122511485	0.9551470588235295	0.11339285714285714	0.931095406360424	1.0	0.9517684887459807	0.9721723518850988	0.9386046511627907	0	0.9048964218455744	
0.9279569892473118	0.9488977955911824	0.9595744680851064	0.9505813953488372	0.9623352165725048	0.8903591682419659	0.9510357815442562	0.9218455743879472	0.9105461393596986	0.963276836158192	0.9001883239171374	0.9190207156308852	0.879472693032015	0.9048964218455744	0.8785310734463276	0.8907721280602636	0.9295624332977588	0.8871595330739299	0.9105461393596986	0.8879472693032016	0.8917995444191344	0.9350282485875706	0.9322033898305084	0.865606936416185	0.916195856873823	0.931261770244821	0.9048964218455744	0.8586572438162544	0.9962335216572504	0.940677966101695	0.9651600753295668	0.9500941619585688	0.9048964218455744	0	
