0	0.9817518248175182	0.9718162839248434	0.9698996655518395	0.9958246346555324	0.9796839729119639	0.9816017316017316	0.9691689008042895	0.9865771812080537	0.9796163069544365	0.9612244897959183	0.9749478079331941	0.9665970772442589	0.9780793319415448	0.9864300626304802	0.9582463465553236	0.9864300626304802	0.975991649269311	0.9800995024875622	0.9864300626304802	0.9686847599164927	0.9958246346555324	0.9707724425887265	0.9812108559498957	0.9799554565701559	0.9801670146137788	0.9749478079331941	0.9853862212943633	0.9958246346555324	0.9812108559498957	0.9916492693110647	0.9616724738675958	0.9906054279749478	0.9906054279749478	
0.9817518248175182	0	0.958029197080292	0.9397810218978102	0.9744525547445255	0.9416058394160584	0.9142335766423357	0.9598540145985401	0.9872262773722628	0.9562043795620438	0.936734693877551	0.948905109489051	0.906934306569343	0.9525547445255474	0.8959854014598541	0.9397810218978102	0.9306569343065694	0.8704379562043796	0.9653284671532847	0.9306569343065694	0.9215328467153284	0.9890510948905109	0.958029197080292	0.9397810218978102	0.9525547445255474	0.9324817518248175	0.9598540145985401	0.958029197080292	0.9908759124087592	0.9470802919708029	0.9835766423357665	0.9635036496350365	0.948905109489051	0.9288321167883211	
0.9718162839248434	0.958029197080292	0	0.8461538461538461	0.9284294234592445	0.9390519187358917	0.9253246753246753	0.9048257372654156	0.9345637583892618	0.9220623501199041	0.8306122448979592	0.9226190476190477	0.8938492063492064	0.9236111111111112	0.9345238095238095	0.8849206349206349	0.933531746031746	0.9176587301587301	0.931592039800995	0.9057539682539683	0.9216269841269841	0.9613095238095238	0.9186507936507936	0.9454365079365079	0.8975501113585747	0.9305555555555556	0.9176587301587301	0.9176587301587301	0.9751984126984127	0.9384920634920635	0.9523809523809523	0.8797909407665505	0.9613095238095238	0.9444444444444444	
0.9698996655518395	0.9397810218978102	0.8461538461538461	0	0.8946488294314381	0.903010033444816	0.8879598662207357	0.882943143812709	0.9412751677852349	0.9063545150501672	0.8795918367346939	0.8795986622073578	0.8762541806020067	0.8678929765886287	0.8963210702341137	0.8745819397993311	0.8712374581939799	0.8896321070234113	0.903010033444816	0.8712374581939799	0.8846153846153846	0.9515050167224081	0.9013377926421404	0.9147157190635451	0.8210702341137124	0.8578595317725752	0.9013377926421404	0.8913043478260869	0.9481605351170569	0.8712374581939799	0.931438127090301	0.8658536585365854	0.8929765886287625	0.939799331103679	
0.9958246346555324	0.9744525547445255	0.9284294234592445	0.8946488294314381	0	0.945823927765237	0.9567099567099567	0.9316353887399463	0.9328859060402684	0.9412470023980816	0.8367346938775511	0.9304174950298211	0.9125248508946322	0.911530815109344	0.9363817097415507	0.9065606361829026	0.9363817097415507	0.9423459244532804	0.9502487562189055	0.915506958250497	0.9443339960238568	0.9443339960238568	0.9443339960238568	0.9403578528827038	0.9420935412026726	0.9174950298210736	0.9423459244532804	0.9264413518886679	0.9721669980119284	0.9343936381709742	0.952286282306163	0.8780487804878049	0.9662027833001988	0.9711729622266402	
0.9796839729119639	0.9416058394160584	0.9390519187358917	0.903010033444816	0.945823927765237	0	0.90744920993228	0.9450402144772118	0.9395973154362416	0.934052757793765	0.8857142857142857	0.927765237020316	0.917607223476298	0.8656884875846501	0.9153498871331829	0.9187358916478555	0.9300225733634312	0.909706546275395	0.927860696517413	0.917607223476298	0.9322799097065463	0.9356659142212189	0.9085778781038375	0.9525959367945824	0.9255079006772009	0.9379232505643341	0.9221218961625283	0.9379232505643341	0.9616252821670429	0.9334085778781038	0.9571106094808126	0.9233449477351916	0.9492099322799097	0.9604966139954854	
0.9816017316017316	0.9142335766423357	0.9253246753246753	0.8879598662207357	0.9567099567099567	0.90744920993228	0	0.9115281501340483	0.9463087248322147	0.9388489208633094	0.9163265306122449	0.9372294372294372	0.9274891774891775	0.9296536796536796	0.8831168831168831	0.9231601731601732	0.9285714285714286	0.8528138528138528	0.9465174129353234	0.9285714285714286	0.9285714285714286	0.9675324675324676	0.9318181818181818	0.9545454545454546	0.9187082405345212	0.9274891774891775	0.9166666666666666	0.9437229437229437	0.9642857142857143	0.9415584415584416	0.9383116883116883	0.9233449477351916	0.9491341991341992	0.9556277056277056	
0.9691689008042895	0.9598540145985401	0.9048257372654156	0.882943143812709	0.9316353887399463	0.9450402144772118	0.9115281501340483	0	0.9395973154362416	0.8994638069705094	0.8734693877551021	0.9048257372654156	0.920911528150134	0.9195710455764075	0.9276139410187667	0.9128686327077749	0.9195710455764075	0.9450402144772118	0.9289544235924933	0.9195710455764075	0.9182305630026809	0.9691689008042895	0.9142091152815014	0.9557640750670241	0.8900804289544236	0.8887399463806971	0.9289544235924933	0.9182305630026809	0.9718498659517426	0.8994638069705094	0.9423592493297587	0.8867595818815331	0.9544235924932976	0.9651474530831099	
0.9865771812080537	0.9872262773722628	0.9345637583892618	0.9412751677852349	0.9328859060402684	0.9395973154362416	0.9463087248322147	0.9395973154362416	0	0.8221476510067114	0.9571428571428572	0.9362416107382551	0.9345637583892618	0.9312080536912751	0.9328859060402684	0.924496644295302	0.9513422818791947	0.9345637583892618	0.9513422818791947	0.9395973154362416	0.9379194630872483	0.9513422818791947	0.9295302013422819	0.9664429530201343	0.9295302013422819	0.9261744966442953	0.9379194630872483	0.8993288590604027	0.9446308724832215	0.9546979865771812	0.9513422818791947	0.9407665505226481	0.9530201342281879	0.9714765100671141	
0.9796163069544365	0.9562043795620438	0.9220623501199041	0.9063545150501672	0.9412470023980816	0.934052757793765	0.9388489208633094	0.8994638069705094	0.8221476510067114	0	0.8979591836734694	0.89568345323741	0.9256594724220624	0.894484412470024	0.9292565947242206	0.8764988009592326	0.9244604316546763	0.9040767386091128	0.9017412935323383	0.8896882494004796	0.8932853717026379	0.9220623501199041	0.9016786570743405	0.9568345323741008	0.9112709832134293	0.9280575539568345	0.9280575539568345	0.8393285371702638	0.9508393285371702	0.935251798561151	0.9652278177458034	0.9024390243902439	0.9568345323741008	0.9544364508393285	
0.9612244897959183	0.936734693877551	0.8306122448979592	0.8795918367346939	0.8367346938775511	0.8857142857142857	0.9163265306122449	0.8734693877551021	0.9571428571428572	0.8979591836734694	0	0.8714285714285714	0.8326530612244898	0.8612244897959184	0.9142857142857143	0.8040816326530612	0.8714285714285714	0.8673469387755102	0.9040816326530612	0.8653061224489796	0.8448979591836735	0.9224489795918367	0.8551020408163266	0.9224489795918367	0.8836734693877552	0.8122448979591836	0.8510204081632653	0.8448979591836735	0.9693877551020408	0.8612244897959184	0.926530612244898	0.8612244897959184	0.9244897959183673	0.9346938775510204	
0.9749478079331941	0.948905109489051	0.9226190476190477	0.8795986622073578	0.9304174950298211	0.927765237020316	0.9372294372294372	0.9048257372654156	0.9362416107382551	0.89568345323741	0.8714285714285714	0	0.9251439539347409	0.7462121212121212	0.9261363636363636	0.7926136363636364	0.8735632183908046	0.8920454545454546	0.8868159203980099	0.7803030303030303	0.7490530303030303	0.8257575757575758	0.9185606060606061	0.9429133858267716	0.9265033407572383	0.9384469696969697	0.9337121212121212	0.9077669902912622	0.9551656920077972	0.9166666666666666	0.9422348484848485	0.8937282229965157	0.9583333333333334	0.9545454545454546	
0.9665970772442589	0.906934306569343	0.8938492063492064	0.8762541806020067	0.9125248508946322	0.917607223476298	0.9274891774891775	0.920911528150134	0.9345637583892618	0.9256594724220624	0.8326530612244898	0.9251439539347409	0	0.9174664107485605	0.9385796545105566	0.8666026871401151	0.9337811900191939	0.9069097888675623	0.9253731343283582	0.9059500959692899	0.918426103646833	0.9558541266794626	0.9280230326295585	0.9281496062992126	0.920935412026726	0.944337811900192	0.9078694817658349	0.9378640776699029	0.9688109161793372	0.9289827255278311	0.9347408829174664	0.8850174216027874	0.9558541266794626	0.9385796545105566	
0.9780793319415448	0.9525547445255474	0.9236111111111112	0.8678929765886287	0.911530815109344	0.8656884875846501	0.9296536796536796	0.9195710455764075	0.9312080536912751	0.894484412470024	0.8612244897959184	0.7462121212121212	0.9174664107485605	0	0.9078947368421053	0.7302025782688766	0.8773946360153256	0.8756906077348067	0.8582089552238806	0.7670349907918969	0.7375690607734806	0.8213627992633518	0.9152854511970534	0.9350393700787402	0.9086859688195991	0.9355432780847146	0.9341372912801484	0.9058252427184466	0.9571150097465887	0.9281767955801105	0.9604051565377533	0.8867595818815331	0.9622467771639043	0.9447513812154696	
0.9864300626304802	0.8959854014598541	0.9345238095238095	0.8963210702341137	0.9363817097415507	0.9153498871331829	0.8831168831168831	0.9276139410187667	0.9328859060402684	0.9292565947242206	0.9142857142857143	0.9261363636363636	0.9385796545105566	0.9078947368421053	0	0.9229323308270677	0.9444444444444444	0.8580827067669173	0.9129353233830846	0.9144736842105263	0.9201127819548872	0.9191729323308271	0.9426691729323309	0.9419291338582677	0.9042316258351893	0.9417293233082706	0.9379699248120301	0.9427184466019417	0.9658869395711501	0.9464285714285714	0.9633458646616542	0.9024390243902439	0.9426691729323309	0.9511278195488722	
0.9582463465553236	0.9397810218978102	0.8849206349206349	0.8745819397993311	0.9065606361829026	0.9187358916478555	0.9231601731601732	0.9128686327077749	0.924496644295302	0.8764988009592326	0.8040816326530612	0.7926136363636364	0.8666026871401151	0.7302025782688766	0.9229323308270677	0	0.8917624521072797	0.8690476190476191	0.9067164179104478	0.805982905982906	0.7915384615384615	0.8718637992831542	0.9221105527638191	0.9458661417322834	0.9097995545657016	0.9402852049910874	0.9053803339517625	0.9087378640776699	0.9590643274853801	0.9230769230769231	0.9422776911076443	0.8867595818815331	0.9610492845786963	0.9407692307692308	
0.9864300626304802	0.9306569343065694	0.933531746031746	0.8712374581939799	0.9363817097415507	0.9300225733634312	0.9285714285714286	0.9195710455764075	0.9513422818791947	0.9244604316546763	0.8714285714285714	0.8735632183908046	0.9337811900191939	0.8773946360153256	0.9444444444444444	0.8917624521072797	0	0.896551724137931	0.9303482587064676	0.3553639846743295	0.8879310344827587	0.9262452107279694	0.9339080459770115	0.9507874015748031	0.9008908685968819	0.935823754789272	0.9434865900383141	0.9368932038834952	0.9707602339181286	0.921455938697318	0.9588122605363985	0.8937282229965157	0.9578544061302682	0.9655172413793104	
0.975991649269311	0.8704379562043796	0.9176587301587301	0.8896321070234113	0.9423459244532804	0.909706546275395	0.8528138528138528	0.9450402144772118	0.9345637583892618	0.9040767386091128	0.8673469387755102	0.8920454545454546	0.9069097888675623	0.8756906077348067	0.8580827067669173	0.8690476190476191	0.896551724137931	0	0.9328358208955224	0.8666666666666667	0.8724489795918368	0.8826164874551972	0.9260204081632653	0.9399606299212598	0.8964365256124721	0.9429590017825312	0.9090909090909091	0.9213592233009709	0.9541910331384016	0.9440559440559441	0.9523809523809523	0.926829268292683	0.9540816326530612	0.9243197278911565	
0.9800995024875622	0.9653284671532847	0.931592039800995	0.903010033444816	0.9502487562189055	0.927860696517413	0.9465174129353234	0.9289544235924933	0.9513422818791947	0.9017412935323383	0.9040816326530612	0.8868159203980099	0.9253731343283582	0.8582089552238806	0.9129353233830846	0.9067164179104478	0.9303482587064676	0.9328358208955224	0	0.8893034825870647	0.8644278606965174	0.8432835820895522	0.8967661691542289	0.9527363184079602	0.931592039800995	0.9328358208955224	0.9390547263681592	0.9191542288557214	0.972636815920398	0.9340796019900498	0.9664179104477612	0.9059233449477352	0.9589552238805971	0.9577114427860697	
0.9864300626304802	0.9306569343065694	0.9057539682539683	0.8712374581939799	0.915506958250497	0.917607223476298	0.9285714285714286	0.9195710455764075	0.9395973154362416	0.8896882494004796	0.8653061224489796	0.7803030303030303	0.9059500959692899	0.7670349907918969	0.9144736842105263	0.805982905982906	0.3553639846743295	0.8666666666666667	0.8893034825870647	0	0.8	0.8467741935483871	0.9230769230769231	0.9360236220472441	0.9008908685968819	0.9402852049910874	0.9387755102040817	0.9097087378640777	0.9571150097465887	0.9265734265734266	0.9512820512820512	0.8937282229965157	0.9623931623931624	0.935042735042735	
0.9686847599164927	0.9215328467153284	0.9216269841269841	0.8846153846153846	0.9443339960238568	0.9322799097065463	0.9285714285714286	0.9182305630026809	0.9379194630872483	0.8932853717026379	0.8448979591836735	0.7490530303030303	0.918426103646833	0.7375690607734806	0.9201127819548872	0.7915384615384615	0.8879310344827587	0.8724489795918368	0.8644278606965174	0.8	0	0.8279569892473119	0.9128978224455612	0.9655511811023622	0.9198218262806236	0.9367201426024956	0.9322820037105751	0.9145631067961165	0.9580896686159844	0.9370629370629371	0.9586583463338534	0.8937282229965157	0.9650238473767886	0.9496183206106871	
0.9958246346555324	0.9890510948905109	0.9613095238095238	0.9515050167224081	0.9443339960238568	0.9356659142212189	0.9675324675324676	0.9691689008042895	0.9513422818791947	0.9220623501199041	0.9224489795918367	0.8257575757575758	0.9558541266794626	0.8213627992633518	0.9191729323308271	0.8718637992831542	0.9262452107279694	0.8826164874551972	0.8432835820895522	0.8467741935483871	0.8279569892473119	0	0.9543010752688172	0.9625984251968503	0.955456570155902	0.9802867383512545	0.9628942486085343	0.9262135922330097	0.9551656920077972	0.9605734767025089	0.9605734767025089	0.9651567944250871	0.9731182795698925	0.9525089605734767	
0.9707724425887265	0.958029197080292	0.9186507936507936	0.9013377926421404	0.9443339960238568	0.9085778781038375	0.9318181818181818	0.9142091152815014	0.9295302013422819	0.9016786570743405	0.8551020408163266	0.9185606060606061	0.9280230326295585	0.9152854511970534	0.9426691729323309	0.9221105527638191	0.9339080459770115	0.9260204081632653	0.8967661691542289	0.9230769230769231	0.9128978224455612	0.9543010752688172	0	0.9566929133858267	0.9086859688195991	0.9358288770053476	0.9369202226345084	0.9407766990291262	0.9756335282651072	0.951048951048951	0.9690117252931323	0.8954703832752613	0.9698492462311558	0.9731993299832495	
0.9812108559498957	0.9397810218978102	0.9454365079365079	0.9147157190635451	0.9403578528827038	0.9525959367945824	0.9545454545454546	0.9557640750670241	0.9664429530201343	0.9568345323741008	0.9224489795918367	0.9429133858267716	0.9281496062992126	0.9350393700787402	0.9419291338582677	0.9458661417322834	0.9507874015748031	0.9399606299212598	0.9527363184079602	0.9360236220472441	0.9655511811023622	0.9625984251968503	0.9566929133858267	0	0.9532293986636972	0.9635826771653543	0.9478346456692913	0.9507874015748031	0.9822834645669292	0.9566929133858267	0.968503937007874	0.9285714285714286	0.9714566929133859	0.9586614173228346	
0.9799554565701559	0.9525547445255474	0.8975501113585747	0.8210702341137124	0.9420935412026726	0.9255079006772009	0.9187082405345212	0.8900804289544236	0.9295302013422819	0.9112709832134293	0.8836734693877552	0.9265033407572383	0.920935412026726	0.9086859688195991	0.9042316258351893	0.9097995545657016	0.9008908685968819	0.8964365256124721	0.931592039800995	0.9008908685968819	0.9198218262806236	0.955456570155902	0.9086859688195991	0.9532293986636972	0	0.9020044543429844	0.8897550111358574	0.920935412026726	0.9688195991091314	0.9265033407572383	0.9632516703786191	0.8850174216027874	0.9387527839643652	0.9454342984409799	
0.9801670146137788	0.9324817518248175	0.9305555555555556	0.8578595317725752	0.9174950298210736	0.9379232505643341	0.9274891774891775	0.8887399463806971	0.9261744966442953	0.9280575539568345	0.8122448979591836	0.9384469696969697	0.944337811900192	0.9355432780847146	0.9417293233082706	0.9402852049910874	0.935823754789272	0.9429590017825312	0.9328358208955224	0.9402852049910874	0.9367201426024956	0.9802867383512545	0.9358288770053476	0.9635826771653543	0.9020044543429844	0	0.9304267161410018	0.9388349514563107	0.97953216374269	0.9376114081996435	0.9741532976827094	0.8571428571428571	0.9679144385026738	0.966131907308378	
0.9749478079331941	0.9598540145985401	0.9176587301587301	0.9013377926421404	0.9423459244532804	0.9221218961625283	0.9166666666666666	0.9289544235924933	0.9379194630872483	0.9280575539568345	0.8510204081632653	0.9337121212121212	0.9078694817658349	0.9341372912801484	0.9379699248120301	0.9053803339517625	0.9434865900383141	0.9090909090909091	0.9390547263681592	0.9387755102040817	0.9322820037105751	0.9628942486085343	0.9369202226345084	0.9478346456692913	0.8897550111358574	0.9304267161410018	0	0.9368932038834952	0.9736842105263158	0.9452690166975881	0.9554730983302412	0.9163763066202091	0.963821892393321	0.9573283858998145	
0.9853862212943633	0.958029197080292	0.9176587301587301	0.8913043478260869	0.9264413518886679	0.9379232505643341	0.9437229437229437	0.9182305630026809	0.8993288590604027	0.8393285371702638	0.8448979591836735	0.9077669902912622	0.9378640776699029	0.9058252427184466	0.9427184466019417	0.9087378640776699	0.9368932038834952	0.9213592233009709	0.9191542288557214	0.9097087378640777	0.9145631067961165	0.9262135922330097	0.9407766990291262	0.9507874015748031	0.920935412026726	0.9388349514563107	0.9368932038834952	0	0.956140350877193	0.9359223300970874	0.962135922330097	0.8832752613240418	0.9563106796116505	0.9572815533980582	
0.9958246346555324	0.9908759124087592	0.9751984126984127	0.9481605351170569	0.9721669980119284	0.9616252821670429	0.9642857142857143	0.9718498659517426	0.9446308724832215	0.9508393285371702	0.9693877551020408	0.9551656920077972	0.9688109161793372	0.9571150097465887	0.9658869395711501	0.9590643274853801	0.9707602339181286	0.9541910331384016	0.972636815920398	0.9571150097465887	0.9580896686159844	0.9551656920077972	0.9756335282651072	0.9822834645669292	0.9688195991091314	0.97953216374269	0.9736842105263158	0.956140350877193	0	0.9727095516569201	0.9415204678362573	0.9616724738675958	0.9814814814814815	0.98635477582846	
0.9812108559498957	0.9470802919708029	0.9384920634920635	0.8712374581939799	0.9343936381709742	0.9334085778781038	0.9415584415584416	0.8994638069705094	0.9546979865771812	0.935251798561151	0.8612244897959184	0.9166666666666666	0.9289827255278311	0.9281767955801105	0.9464285714285714	0.9230769230769231	0.921455938697318	0.9440559440559441	0.9340796019900498	0.9265734265734266	0.9370629370629371	0.9605734767025089	0.951048951048951	0.9566929133858267	0.9265033407572383	0.9376114081996435	0.9452690166975881	0.9359223300970874	0.9727095516569201	0	0.9641608391608392	0.8763066202090593	0.9606643356643356	0.9737762237762237	
0.9916492693110647	0.9835766423357665	0.9523809523809523	0.931438127090301	0.952286282306163	0.9571106094808126	0.9383116883116883	0.9423592493297587	0.9513422818791947	0.9652278177458034	0.926530612244898	0.9422348484848485	0.9347408829174664	0.9604051565377533	0.9633458646616542	0.9422776911076443	0.9588122605363985	0.9523809523809523	0.9664179104477612	0.9512820512820512	0.9586583463338534	0.9605734767025089	0.9690117252931323	0.968503937007874	0.9632516703786191	0.9741532976827094	0.9554730983302412	0.962135922330097	0.9415204678362573	0.9641608391608392	0	0.9529616724738676	0.9809220985691574	0.9804992199687987	
0.9616724738675958	0.9635036496350365	0.8797909407665505	0.8658536585365854	0.8780487804878049	0.9233449477351916	0.9233449477351916	0.8867595818815331	0.9407665505226481	0.9024390243902439	0.8612244897959184	0.8937282229965157	0.8850174216027874	0.8867595818815331	0.9024390243902439	0.8867595818815331	0.8937282229965157	0.926829268292683	0.9059233449477352	0.8937282229965157	0.8937282229965157	0.9651567944250871	0.8954703832752613	0.9285714285714286	0.8850174216027874	0.8571428571428571	0.9163763066202091	0.8832752613240418	0.9616724738675958	0.8763066202090593	0.9529616724738676	0	0.9390243902439024	0.9564459930313589	
0.9906054279749478	0.948905109489051	0.9613095238095238	0.8929765886287625	0.9662027833001988	0.9492099322799097	0.9491341991341992	0.9544235924932976	0.9530201342281879	0.9568345323741008	0.9244897959183673	0.9583333333333334	0.9558541266794626	0.9622467771639043	0.9426691729323309	0.9610492845786963	0.9578544061302682	0.9540816326530612	0.9589552238805971	0.9623931623931624	0.9650238473767886	0.9731182795698925	0.9698492462311558	0.9714566929133859	0.9387527839643652	0.9679144385026738	0.963821892393321	0.9563106796116505	0.9814814814814815	0.9606643356643356	0.9809220985691574	0.9390243902439024	0	0.9666136724960255	
0.9906054279749478	0.9288321167883211	0.9444444444444444	0.939799331103679	0.9711729622266402	0.9604966139954854	0.9556277056277056	0.9651474530831099	0.9714765100671141	0.9544364508393285	0.9346938775510204	0.9545454545454546	0.9385796545105566	0.9447513812154696	0.9511278195488722	0.9407692307692308	0.9655172413793104	0.9243197278911565	0.9577114427860697	0.935042735042735	0.9496183206106871	0.9525089605734767	0.9731993299832495	0.9586614173228346	0.9454342984409799	0.966131907308378	0.9573283858998145	0.9572815533980582	0.98635477582846	0.9737762237762237	0.9804992199687987	0.9564459930313589	0.9666136724960255	0	
