0	0.9936102236421726	0.9940828402366864	0.9833333333333333	0.9955621301775148	0.9985207100591716	
0.9936102236421726	0	0.9281150159744409	0.9357142857142857	0.9744408945686901	0.9776357827476039	
0.9940828402366864	0.9281150159744409	0	0.8809523809523809	0.9401041666666666	0.9544270833333334	
0.9833333333333333	0.9357142857142857	0.8809523809523809	0	0.8928571428571429	0.9238095238095239	
0.9955621301775148	0.9744408945686901	0.9401041666666666	0.8928571428571429	0	0.9540816326530612	
0.9985207100591716	0.9776357827476039	0.9544270833333334	0.9238095238095239	0.9540816326530612	0	
