0	0.9798578199052133	0.9359673024523161	0.9411764705882353	0.9576719576719577	0.9597156398104265	0.9372037914691943	0.9466824644549763	0.9372037914691943	0.9597156398104265	0.9454976303317536	0.9514218009478673	0.943127962085308	0.943127962085308	0.9514218009478673	0.9703791469194313	0.9502369668246445	0.9400479616306955	0.9265402843601895	0.9834123222748815	0.9490521327014217	0.9471649484536082	0.9680094786729858	0.9289099526066351	0.9395734597156398	
0.9798578199052133	0	0.9087193460490464	0.9066496163682864	0.8981481481481481	0.8863109048723898	0.8967517401392111	0.9013921113689095	0.8596287703016241	0.8874709976798144	0.877030162412993	0.9234338747099768	0.8723897911832946	0.8584686774941995	0.8468677494199536	0.9408352668213457	0.8549883990719258	0.8717026378896883	0.894431554524362	0.894431554524362	0.988399071925754	0.9278350515463918	0.91415313225058	0.8480278422273781	0.9095127610208816	
0.9359673024523161	0.9087193460490464	0	0.8773841961852861	0.8365122615803815	0.7970027247956403	0.840599455040872	0.8433242506811989	0.8051771117166212	0.7942779291553134	0.8010899182561307	0.840599455040872	0.8024523160762943	0.7997275204359673	0.8174386920980926	0.9373297002724795	0.8119891008174387	0.8174386920980926	0.840599455040872	0.888283378746594	0.9386920980926431	0.9373297002724795	0.8746594005449592	0.7929155313351499	0.8106267029972752	
0.9411764705882353	0.9066496163682864	0.8773841961852861	0	0.8822751322751323	0.870843989769821	0.809462915601023	0.8759590792838875	0.860613810741688	0.8657289002557544	0.887468030690537	0.9194373401534527	0.8554987212276215	0.8375959079283888	0.8554987212276215	0.9718670076726342	0.8554987212276215	0.850383631713555	0.7800511508951407	0.881074168797954	0.9654731457800512	0.9007731958762887	0.8900255754475703	0.8542199488491049	0.8900255754475703	
0.9576719576719577	0.8981481481481481	0.8365122615803815	0.8822751322751323	0	0.8015873015873016	0.8359788359788359	0.8597883597883598	0.8108465608465608	0.8029100529100529	0.8425925925925926	0.8465608465608465	0.8068783068783069	0.794973544973545	0.8161375661375662	0.9338624338624338	0.8148148148148148	0.8214285714285714	0.8412698412698413	0.843915343915344	0.9708994708994709	0.9232804232804233	0.8822751322751323	0.7870370370370371	0.8518518518518519	
0.9597156398104265	0.8863109048723898	0.7970027247956403	0.870843989769821	0.8015873015873016	0	0.8630573248407644	0.8365180467091295	0.8036093418259024	0.7600849256900213	0.8259023354564756	0.8768577494692145	0.7388535031847133	0.8131634819532909	0.8004246284501062	0.9394904458598726	0.8259023354564756	0.7985611510791367	0.8535031847133758	0.8587962962962963	0.969017094017094	0.9085051546391752	0.8959660297239915	0.8205944798301487	0.8683651804670913	
0.9372037914691943	0.8967517401392111	0.840599455040872	0.809462915601023	0.8359788359788359	0.8630573248407644	0	0.8747645951035782	0.8502824858757062	0.8804143126177024	0.847457627118644	0.85969868173258	0.8314500941619586	0.8116760828625236	0.8615819209039548	0.931261770244821	0.8107344632768362	0.7817745803357314	0.7306967984934086	0.8495370370370371	0.9262820512820513	0.904639175257732	0.8465160075329566	0.812617702448211	0.8559322033898306	
0.9466824644549763	0.9013921113689095	0.8433242506811989	0.8759590792838875	0.8597883597883598	0.8365180467091295	0.8747645951035782	0	0.7809611829944547	0.8826247689463955	0.821626617375231	0.9132462686567164	0.7634011090573013	0.866913123844732	0.8068391866913124	0.94362292051756	0.865988909426987	0.8213429256594724	0.8604436229205176	0.8599537037037037	0.9583333333333334	0.9097938144329897	0.8918669131238447	0.8364140480591498	0.88909426987061	
0.9372037914691943	0.8596287703016241	0.8051771117166212	0.860613810741688	0.8108465608465608	0.8036093418259024	0.8502824858757062	0.7809611829944547	0	0.8547945205479452	0.8321917808219178	0.8852611940298507	0.7748287671232876	0.803082191780822	0.7252650176678446	0.9152397260273972	0.7722602739726028	0.750599520383693	0.8227739726027398	0.8402777777777778	0.9487179487179487	0.9033505154639175	0.872431506849315	0.7735191637630662	0.860445205479452	
0.9597156398104265	0.8874709976798144	0.7942779291553134	0.8657289002557544	0.8029100529100529	0.7600849256900213	0.8804143126177024	0.8826247689463955	0.8547945205479452	0	0.8575342465753425	0.8936567164179104	0.8036529680365296	0.8447488584474886	0.8547945205479452	0.947945205479452	0.8547945205479452	0.8177458033573142	0.8748858447488584	0.8657407407407407	0.969017094017094	0.9188144329896907	0.9059360730593607	0.8447488584474886	0.8840182648401826	
0.9454976303317536	0.877030162412993	0.8010899182561307	0.887468030690537	0.8425925925925926	0.8259023354564756	0.847457627118644	0.821626617375231	0.8321917808219178	0.8575342465753425	0	0.8143656716417911	0.7472089314194578	0.777511961722488	0.833922261484099	0.8902439024390244	0.7983739837398374	0.7913669064748201	0.8277511961722488	0.8738425925925926	0.9294871794871795	0.9085051546391752	0.8500797448165869	0.7952961672473867	0.868421052631579	
0.9514218009478673	0.9234338747099768	0.840599455040872	0.9194373401534527	0.8465608465608465	0.8768577494692145	0.85969868173258	0.9132462686567164	0.8852611940298507	0.8936567164179104	0.8143656716417911	0	0.8330223880597015	0.8134328358208955	0.8964552238805971	0.9095149253731343	0.8386194029850746	0.7985611510791367	0.8507462686567164	0.9108796296296297	0.9198717948717948	0.9304123711340206	0.8824626865671642	0.8647388059701493	0.8526119402985075	
0.943127962085308	0.8723897911832946	0.8024523160762943	0.8554987212276215	0.8068783068783069	0.7388535031847133	0.8314500941619586	0.7634011090573013	0.7748287671232876	0.8036529680365296	0.7472089314194578	0.8330223880597015	0	0.4453592814371258	0.7720848056537103	0.8813008130081301	0.7878048780487805	0.7577937649880095	0.7929216867469879	0.8564814814814815	0.9177350427350427	0.8994845360824743	0.8294289897510981	0.7682926829268293	0.8476923076923077	
0.943127962085308	0.8584686774941995	0.7997275204359673	0.8375959079283888	0.794973544973545	0.8131634819532909	0.8116760828625236	0.866913123844732	0.803082191780822	0.8447488584474886	0.777511961722488	0.8134328358208955	0.4453592814371258	0	0.803886925795053	0.8943089430894309	0.7585365853658537	0.7470023980815348	0.7748493975903614	0.8159722222222222	0.9177350427350427	0.8891752577319587	0.8226047904191617	0.7587108013937283	0.8507692307692307	
0.9514218009478673	0.8468677494199536	0.8174386920980926	0.8554987212276215	0.8161375661375662	0.8004246284501062	0.8615819209039548	0.8068391866913124	0.7252650176678446	0.8547945205479452	0.833922261484099	0.8964552238805971	0.7720848056537103	0.803886925795053	0	0.9275618374558304	0.583922261484099	0.7661870503597122	0.8533568904593639	0.8483796296296297	0.9615384615384616	0.9033505154639175	0.8745583038869258	0.803886925795053	0.8701413427561837	
0.9703791469194313	0.9408352668213457	0.9373297002724795	0.9718670076726342	0.9338624338624338	0.9394904458598726	0.931261770244821	0.94362292051756	0.9152397260273972	0.947945205479452	0.8902439024390244	0.9095149253731343	0.8813008130081301	0.8943089430894309	0.9275618374558304	0	0.9178861788617886	0.8920863309352518	0.9260162601626016	0.9571759259259259	0.9519230769230769	0.9716494845360825	0.9276422764227642	0.8911149825783972	0.9382113821138212	
0.9502369668246445	0.8549883990719258	0.8119891008174387	0.8554987212276215	0.8148148148148148	0.8259023354564756	0.8107344632768362	0.865988909426987	0.7722602739726028	0.8547945205479452	0.7983739837398374	0.8386194029850746	0.7878048780487805	0.7585365853658537	0.583922261484099	0.9178861788617886	0	0.7254196642685852	0.8146341463414634	0.84375	0.9284188034188035	0.9033505154639175	0.8544715447154472	0.7665505226480837	0.8512195121951219	
0.9400479616306955	0.8717026378896883	0.8174386920980926	0.850383631713555	0.8214285714285714	0.7985611510791367	0.7817745803357314	0.8213429256594724	0.750599520383693	0.8177458033573142	0.7913669064748201	0.7985611510791367	0.7577937649880095	0.7470023980815348	0.7661870503597122	0.8920863309352518	0.7254196642685852	0	0.7721822541966427	0.8465227817745803	0.8980815347721822	0.9201030927835051	0.8249400479616307	0.7470023980815348	0.7793764988009593	
0.9265402843601895	0.894431554524362	0.840599455040872	0.7800511508951407	0.8412698412698413	0.8535031847133758	0.7306967984934086	0.8604436229205176	0.8227739726027398	0.8748858447488584	0.8277511961722488	0.8507462686567164	0.7929216867469879	0.7748493975903614	0.8533568904593639	0.9260162601626016	0.8146341463414634	0.7721822541966427	0	0.8368055555555556	0.9006410256410257	0.895618556701031	0.7778614457831325	0.7778745644599303	0.8430769230769231	
0.9834123222748815	0.894431554524362	0.888283378746594	0.881074168797954	0.843915343915344	0.8587962962962963	0.8495370370370371	0.8599537037037037	0.8402777777777778	0.8657407407407407	0.8738425925925926	0.9108796296296297	0.8564814814814815	0.8159722222222222	0.8483796296296297	0.9571759259259259	0.84375	0.8465227817745803	0.8368055555555556	0	0.9930555555555556	0.9420103092783505	0.8854166666666666	0.3460648148148148	0.8935185185185185	
0.9490521327014217	0.988399071925754	0.9386920980926431	0.9654731457800512	0.9708994708994709	0.969017094017094	0.9262820512820513	0.9583333333333334	0.9487179487179487	0.969017094017094	0.9294871794871795	0.9198717948717948	0.9177350427350427	0.9177350427350427	0.9615384615384616	0.9519230769230769	0.9284188034188035	0.8980815347721822	0.9006410256410257	0.9930555555555556	0	0.9664948453608248	0.9188034188034188	0.9391025641025641	0.9091880341880342	
0.9471649484536082	0.9278350515463918	0.9373297002724795	0.9007731958762887	0.9232804232804233	0.9085051546391752	0.904639175257732	0.9097938144329897	0.9033505154639175	0.9188144329896907	0.9085051546391752	0.9304123711340206	0.8994845360824743	0.8891752577319587	0.9033505154639175	0.9716494845360825	0.9033505154639175	0.9201030927835051	0.895618556701031	0.9420103092783505	0.9664948453608248	0	0.9175257731958762	0.9007731958762887	0.9239690721649485	
0.9680094786729858	0.91415313225058	0.8746594005449592	0.8900255754475703	0.8822751322751323	0.8959660297239915	0.8465160075329566	0.8918669131238447	0.872431506849315	0.9059360730593607	0.8500797448165869	0.8824626865671642	0.8294289897510981	0.8226047904191617	0.8745583038869258	0.9276422764227642	0.8544715447154472	0.8249400479616307	0.7778614457831325	0.8854166666666666	0.9188034188034188	0.9175257731958762	0	0.8484320557491289	0.8692307692307693	
0.9289099526066351	0.8480278422273781	0.7929155313351499	0.8542199488491049	0.7870370370370371	0.8205944798301487	0.812617702448211	0.8364140480591498	0.7735191637630662	0.8447488584474886	0.7952961672473867	0.8647388059701493	0.7682926829268293	0.7587108013937283	0.803886925795053	0.8911149825783972	0.7665505226480837	0.7470023980815348	0.7778745644599303	0.3460648148148148	0.9391025641025641	0.9007731958762887	0.8484320557491289	0	0.8388501742160279	
0.9395734597156398	0.9095127610208816	0.8106267029972752	0.8900255754475703	0.8518518518518519	0.8683651804670913	0.8559322033898306	0.88909426987061	0.860445205479452	0.8840182648401826	0.868421052631579	0.8526119402985075	0.8476923076923077	0.8507692307692307	0.8701413427561837	0.9382113821138212	0.8512195121951219	0.7793764988009593	0.8430769230769231	0.8935185185185185	0.9091880341880342	0.9239690721649485	0.8692307692307693	0.8388501742160279	0	
