0	0.9986807387862797	0.984375	0.9695652173913043	0.9990654205607477	1.0	1.0	
0.9986807387862797	0	0.9878472222222222	0.9847826086956522	0.9841688654353562	0.9881266490765171	0.9525065963060686	
0.984375	0.9878472222222222	0	0.9956521739130435	0.9965277777777778	0.9357638888888888	0.9878472222222222	
0.9695652173913043	0.9847826086956522	0.9956521739130435	0	0.8304347826086956	0.9956521739130435	0.9891304347826086	
0.9990654205607477	0.9841688654353562	0.9965277777777778	0.8304347826086956	0	0.9962616822429906	0.991588785046729	
1.0	0.9881266490765171	0.9357638888888888	0.9956521739130435	0.9962616822429906	0	0.9945872801082544	
1.0	0.9525065963060686	0.9878472222222222	0.9891304347826086	0.991588785046729	0.9945872801082544	0	
