0	0.48091603053435117	0.6564885496183206	0.5280898876404494	0.5	0.5114503816793893	0.3053435114503817	0.3435114503816794	0.496	0.42857142857142855	0.4122137404580153	0.6047619047619047	0.5229007633587787	0.746268656716418	0.5190839694656488	0.44274809160305345	0.5152671755725191	0.4732824427480916	0.5648854961832062	0.2857142857142857	0.4122137404580153	0.4369747899159664	0.4122137404580153	0.26717557251908397	0.5992366412213741	0.5190839694656488	0.6068702290076335	0.4961832061068702	0.7868217054263565	0.4961832061068702	0.8543307086614174	0.5381679389312977	0.4961832061068702	0.45038167938931295	
0.48091603053435117	0	0.6641221374045801	0.6179775280898876	0.4541984732824427	0.4580152671755725	0.5343511450381679	0.2595419847328244	0.416	0.40816326530612246	0.4961832061068702	0.47619047619047616	0.6335877862595419	0.4925373134328358	0.6030534351145038	0.5954198473282443	0.5190839694656488	0.4961832061068702	0.5763358778625954	0.3051948051948052	0.4961832061068702	0.5126050420168067	0.4961832061068702	0.4351145038167939	0.6297709923664122	0.5267175572519084	0.36259541984732824	0.46564885496183206	0.8875968992248062	0.6030534351145038	0.7440944881889764	0.29389312977099236	0.46564885496183206	0.366412213740458	
0.6564885496183206	0.6641221374045801	0	0.6179775280898876	0.5381679389312977	0.44274809160305345	0.4732824427480916	0.44274809160305345	0.304	0.29591836734693877	0.40458015267175573	0.18571428571428572	0.5572519083969466	0.17164179104477612	0.33587786259541985	0.26717557251908397	0.5076335877862596	0.42748091603053434	0.37404580152671757	0.44155844155844154	0.40458015267175573	0.4789915966386555	0.40458015267175573	0.44274809160305345	0.2786259541984733	0.13740458015267176	0.37786259541984735	0.40458015267175573	0.8255813953488372	0.6717557251908397	0.9330708661417323	0.4083969465648855	0.40458015267175573	0.37404580152671757	
0.5280898876404494	0.6179775280898876	0.6179775280898876	0	0.4101123595505618	0.4101123595505618	0.4101123595505618	0.5224719101123596	0.4101123595505618	0.5918367346938775	0.4101123595505618	0.6685393258426966	0.5280898876404494	0.7985074626865671	0.5674157303370787	0.4157303370786517	0.48314606741573035	0.4101123595505618	0.5674157303370787	0.42857142857142855	0.4101123595505618	0.48314606741573035	0.4101123595505618	0.6292134831460674	0.5168539325842697	0.4157303370786517	0.5112359550561798	0.4101123595505618	0.7921348314606742	0.6797752808988764	0.8370786516853933	0.4101123595505618	0.4101123595505618	0.6797752808988764	
0.5	0.4541984732824427	0.5381679389312977	0.4101123595505618	0	0.20229007633587787	0.2480916030534351	0.3549618320610687	0.228	0.0	0.2862595419847328	0.30952380952380953	0.5229007633587787	0.48507462686567165	0.3931297709923664	0.42366412213740456	0.3473282442748092	0.2862595419847328	0.40076335877862596	0.0	0.2862595419847328	0.29831932773109243	0.2862595419847328	0.5763358778625954	0.5038167938931297	0.40076335877862596	0.2748091603053435	0.2633587786259542	0.7596899224806202	0.7061068702290076	0.7913385826771654	0.20610687022900764	0.2633587786259542	0.4618320610687023	
0.5114503816793893	0.4580152671755725	0.44274809160305345	0.4101123595505618	0.20229007633587787	0	0.2595419847328244	0.2595419847328244	0.12	0.0	0.21374045801526717	0.19047619047619047	0.45038167938931295	0.29850746268656714	0.32061068702290074	0.3511450381679389	0.31679389312977096	0.22137404580152673	0.3282442748091603	0.0	0.21374045801526717	0.24369747899159663	0.21374045801526717	0.48091603053435117	0.4083969465648855	0.3053435114503817	0.2786259541984733	0.1984732824427481	0.8372093023255814	0.6412213740458015	0.7559055118110236	0.2099236641221374	0.1984732824427481	0.366412213740458	
0.3053435114503817	0.5343511450381679	0.4732824427480916	0.4101123595505618	0.2480916030534351	0.2595419847328244	0	0.3511450381679389	0.192	0.0	0.10687022900763359	0.24761904761904763	0.41603053435114506	0.3880597014925373	0.21374045801526717	0.2595419847328244	0.2480916030534351	0.16793893129770993	0.31297709923664124	0.0	0.10687022900763359	0.19327731092436976	0.10687022900763359	0.5648854961832062	0.4389312977099237	0.33587786259541985	0.30916030534351147	0.1984732824427481	0.7790697674418605	0.6793893129770993	0.7992125984251969	0.24045801526717558	0.1984732824427481	0.4580152671755725	
0.3435114503816794	0.2595419847328244	0.44274809160305345	0.5224719101123596	0.3549618320610687	0.2595419847328244	0.3511450381679389	0	0.152	0.1326530612244898	0.2824427480916031	0.19047619047619047	0.4198473282442748	0.26119402985074625	0.3893129770992366	0.4198473282442748	0.3473282442748092	0.3053435114503817	0.3282442748091603	0.06493506493506493	0.2824427480916031	0.29411764705882354	0.2824427480916031	0.22137404580152673	0.4083969465648855	0.3053435114503817	0.33969465648854963	0.2748091603053435	0.8217054263565892	0.4961832061068702	0.8110236220472441	0.27099236641221375	0.2748091603053435	0.10687022900763359	
0.496	0.416	0.304	0.4101123595505618	0.228	0.12	0.192	0.152	0	0.0	0.128	0.05714285714285714	0.384	0.08955223880597014	0.24	0.272	0.228	0.152	0.212	0.0	0.128	0.19327731092436976	0.128	0.384	0.268	0.16	0.188	0.12	0.832	0.624	0.816	0.116	0.12	0.264	
0.42857142857142855	0.40816326530612246	0.29591836734693877	0.5918367346938775	0.0	0.0	0.0	0.1326530612244898	0.0	0	0.0	0.0	0.40816326530612246	0.6428571428571429	0.0	0.29591836734693877	0.0	0.0	0.0	0.04081632653061224	0.0	0.02040816326530612	0.0	0.42857142857142855	0.46938775510204084	0.29591836734693877	0.0	0.0	0.8469387755102041	0.6836734693877551	0.826530612244898	0.0	0.0	0.1326530612244898	
0.4122137404580153	0.4961832061068702	0.40458015267175573	0.4101123595505618	0.2862595419847328	0.21374045801526717	0.10687022900763359	0.2824427480916031	0.128	0.0	0	0.1619047619047619	0.33969465648854963	0.2537313432835821	0.10687022900763359	0.15267175572519084	0.14122137404580154	0.12213740458015267	0.24427480916030533	0.0	0.0	0.14285714285714285	0.0	0.4961832061068702	0.3702290076335878	0.26717557251908397	0.27099236641221375	0.15267175572519084	0.8178294573643411	0.6335877862595419	0.8149606299212598	0.20229007633587787	0.15267175572519084	0.3893129770992366	
0.6047619047619047	0.47619047619047616	0.18571428571428572	0.6685393258426966	0.30952380952380953	0.19047619047619047	0.24761904761904763	0.19047619047619047	0.05714285714285714	0.0	0.1619047619047619	0	0.45714285714285713	0.0	0.1619047619047619	0.32857142857142857	0.2904761904761905	0.19047619047619047	0.1761904761904762	0.33766233766233766	0.1619047619047619	0.3333333333333333	0.1619047619047619	0.36666666666666664	0.29523809523809524	0.18571428571428572	0.14761904761904762	0.1523809523809524	0.8904761904761904	0.6428571428571429	0.8714285714285714	0.14761904761904762	0.1523809523809524	0.19047619047619047	
0.5229007633587787	0.6335877862595419	0.5572519083969466	0.5280898876404494	0.5229007633587787	0.45038167938931295	0.41603053435114506	0.4198473282442748	0.384	0.40816326530612246	0.33969465648854963	0.45714285714285713	0	0.5522388059701493	0.44656488549618323	0.38549618320610685	0.40458015267175573	0.3969465648854962	0.44274809160305345	0.2597402597402597	0.33969465648854963	0.35714285714285715	0.33969465648854963	0.549618320610687	0.5152671755725191	0.4198473282442748	0.5152671755725191	0.3969465648854962	0.7829457364341085	0.6183206106870229	0.8700787401574803	0.44656488549618323	0.3969465648854962	0.5267175572519084	
0.746268656716418	0.4925373134328358	0.17164179104477612	0.7985074626865671	0.48507462686567165	0.29850746268656714	0.3880597014925373	0.26119402985074625	0.08955223880597014	0.6428571428571429	0.2537313432835821	0.0	0.5522388059701493	0	0.2537313432835821	0.39552238805970147	0.44776119402985076	0.29850746268656714	0.26865671641791045	0.753731343283582	0.2537313432835821	0.5074626865671642	0.2537313432835821	0.373134328358209	0.20149253731343283	0.17164179104477612	0.23134328358208955	0.23880597014925373	0.9701492537313433	0.6417910447761194	0.8805970149253731	0.23134328358208955	0.23880597014925373	0.26119402985074625	
0.5190839694656488	0.6030534351145038	0.33587786259541985	0.5674157303370787	0.3931297709923664	0.32061068702290074	0.21374045801526717	0.3893129770992366	0.24	0.0	0.10687022900763359	0.1619047619047619	0.44656488549618323	0.2537313432835821	0	0.2595419847328244	0.2480916030534351	0.22900763358778625	0.31297709923664124	0.18181818181818182	0.10687022900763359	0.2605042016806723	0.10687022900763359	0.5648854961832062	0.46564885496183206	0.37404580152671757	0.33969465648854963	0.2595419847328244	0.8604651162790697	0.7022900763358778	0.8818897637795275	0.30916030534351147	0.2595419847328244	0.2824427480916031	
0.44274809160305345	0.5954198473282443	0.26717557251908397	0.4157303370786517	0.42366412213740456	0.3511450381679389	0.2595419847328244	0.4198473282442748	0.272	0.29591836734693877	0.15267175572519084	0.32857142857142857	0.38549618320610685	0.39552238805970147	0.2595419847328244	0	0.29389312977099236	0.26717557251908397	0.3702290076335878	0.2077922077922078	0.15267175572519084	0.2773109243697479	0.15267175572519084	0.5190839694656488	0.2824427480916031	0.1297709923664122	0.4083969465648855	0.2900763358778626	0.7984496124031008	0.6412213740458015	0.8700787401574803	0.33969465648854963	0.2900763358778626	0.5267175572519084	
0.5152671755725191	0.5190839694656488	0.5076335877862596	0.48314606741573035	0.3473282442748092	0.31679389312977096	0.2480916030534351	0.3473282442748092	0.228	0.0	0.14122137404580154	0.2904761904761905	0.40458015267175573	0.44776119402985076	0.2480916030534351	0.29389312977099236	0	0.2480916030534351	0.31297709923664124	0.0	0.14122137404580154	0.20588235294117646	0.14122137404580154	0.5610687022900763	0.4541984732824427	0.3702290076335878	0.3320610687022901	0.25572519083969464	0.8217054263565892	0.6984732824427481	0.8307086614173228	0.2633587786259542	0.25572519083969464	0.4541984732824427	
0.4732824427480916	0.4961832061068702	0.42748091603053434	0.4101123595505618	0.2862595419847328	0.22137404580152673	0.16793893129770993	0.3053435114503817	0.152	0.0	0.12213740458015267	0.19047619047619047	0.3969465648854962	0.29850746268656714	0.22900763358778625	0.26717557251908397	0.2480916030534351	0	0.26717557251908397	0.0	0.12213740458015267	0.2184873949579832	0.12213740458015267	0.5190839694656488	0.3931297709923664	0.2900763358778626	0.27099236641221375	0.1297709923664122	0.8178294573643411	0.6106870229007634	0.8149606299212598	0.20229007633587787	0.1297709923664122	0.4122137404580153	
0.5648854961832062	0.5763358778625954	0.37404580152671757	0.5674157303370787	0.40076335877862596	0.3282442748091603	0.31297709923664124	0.3282442748091603	0.212	0.0	0.24427480916030533	0.1761904761904762	0.44274809160305345	0.26865671641791045	0.31297709923664124	0.3702290076335878	0.31297709923664124	0.26717557251908397	0	0.11688311688311688	0.24427480916030533	0.2689075630252101	0.24427480916030533	0.3931297709923664	0.4389312977099237	0.33587786259541985	0.2480916030534351	0.26717557251908397	0.7635658914728682	0.5801526717557252	0.7795275590551181	0.31679389312977096	0.26717557251908397	0.3969465648854962	
0.2857142857142857	0.3051948051948052	0.44155844155844154	0.42857142857142855	0.0	0.0	0.0	0.06493506493506493	0.0	0.04081632653061224	0.0	0.33766233766233766	0.2597402597402597	0.753731343283582	0.18181818181818182	0.2077922077922078	0.0	0.0	0.11688311688311688	0	0.0	0.0	0.0	0.4025974025974026	0.34415584415584416	0.2077922077922078	0.11688311688311688	0.0	0.7272727272727273	0.5974025974025974	0.7207792207792207	0.0	0.0	0.24675324675324675	
0.4122137404580153	0.4961832061068702	0.40458015267175573	0.4101123595505618	0.2862595419847328	0.21374045801526717	0.10687022900763359	0.2824427480916031	0.128	0.0	0.0	0.1619047619047619	0.33969465648854963	0.2537313432835821	0.10687022900763359	0.15267175572519084	0.14122137404580154	0.12213740458015267	0.24427480916030533	0.0	0	0.14285714285714285	0.0	0.4961832061068702	0.3702290076335878	0.26717557251908397	0.27099236641221375	0.15267175572519084	0.8178294573643411	0.6335877862595419	0.8149606299212598	0.20229007633587787	0.15267175572519084	0.3893129770992366	
0.4369747899159664	0.5126050420168067	0.4789915966386555	0.48314606741573035	0.29831932773109243	0.24369747899159663	0.19327731092436976	0.29411764705882354	0.19327731092436976	0.02040816326530612	0.14285714285714285	0.3333333333333333	0.35714285714285715	0.5074626865671642	0.2605042016806723	0.2773109243697479	0.20588235294117646	0.2184873949579832	0.2689075630252101	0.0	0.14285714285714285	0	0.14285714285714285	0.5126050420168067	0.4411764705882353	0.3277310924369748	0.3319327731092437	0.2184873949579832	0.8235294117647058	0.6638655462184874	0.819327731092437	0.25630252100840334	0.2184873949579832	0.4117647058823529	
0.4122137404580153	0.4961832061068702	0.40458015267175573	0.4101123595505618	0.2862595419847328	0.21374045801526717	0.10687022900763359	0.2824427480916031	0.128	0.0	0.0	0.1619047619047619	0.33969465648854963	0.2537313432835821	0.10687022900763359	0.15267175572519084	0.14122137404580154	0.12213740458015267	0.24427480916030533	0.0	0.0	0.14285714285714285	0	0.4961832061068702	0.3702290076335878	0.26717557251908397	0.27099236641221375	0.15267175572519084	0.8178294573643411	0.6335877862595419	0.8149606299212598	0.20229007633587787	0.15267175572519084	0.3893129770992366	
0.26717557251908397	0.4351145038167939	0.44274809160305345	0.6292134831460674	0.5763358778625954	0.48091603053435117	0.5648854961832062	0.22137404580152673	0.384	0.42857142857142855	0.4961832061068702	0.36666666666666664	0.549618320610687	0.373134328358209	0.5648854961832062	0.5190839694656488	0.5610687022900763	0.5190839694656488	0.3931297709923664	0.4025974025974026	0.4961832061068702	0.5126050420168067	0.4961832061068702	0	0.4847328244274809	0.40458015267175573	0.42366412213740456	0.4961832061068702	0.7713178294573644	0.366412213740458	0.8307086614173228	0.49236641221374045	0.4961832061068702	0.2900763358778626	
0.5992366412213741	0.6297709923664122	0.2786259541984733	0.5168539325842697	0.5038167938931297	0.4083969465648855	0.4389312977099237	0.4083969465648855	0.268	0.46938775510204084	0.3702290076335878	0.29523809523809524	0.5152671755725191	0.20149253731343283	0.46564885496183206	0.2824427480916031	0.4541984732824427	0.3931297709923664	0.4389312977099237	0.34415584415584416	0.3702290076335878	0.4411764705882353	0.3702290076335878	0.4847328244274809	0	0.15267175572519084	0.44274809160305345	0.3702290076335878	0.8023255813953488	0.6946564885496184	0.8937007874015748	0.37404580152671757	0.3702290076335878	0.5038167938931297	
0.5190839694656488	0.5267175572519084	0.13740458015267176	0.4157303370786517	0.40076335877862596	0.3053435114503817	0.33587786259541985	0.3053435114503817	0.16	0.29591836734693877	0.26717557251908397	0.18571428571428572	0.4198473282442748	0.17164179104477612	0.37404580152671757	0.1297709923664122	0.3702290076335878	0.2900763358778626	0.33587786259541985	0.2077922077922078	0.26717557251908397	0.3277310924369748	0.26717557251908397	0.40458015267175573	0.15267175572519084	0	0.33969465648854963	0.26717557251908397	0.8023255813953488	0.6183206106870229	0.8661417322834646	0.27099236641221375	0.26717557251908397	0.4122137404580153	
0.6068702290076335	0.36259541984732824	0.37786259541984735	0.5112359550561798	0.2748091603053435	0.2786259541984733	0.30916030534351147	0.33969465648854963	0.188	0.0	0.27099236641221375	0.14761904761904762	0.5152671755725191	0.23134328358208955	0.33969465648854963	0.4083969465648855	0.3320610687022901	0.27099236641221375	0.2480916030534351	0.11688311688311688	0.27099236641221375	0.3319327731092437	0.27099236641221375	0.42366412213740456	0.44274809160305345	0.33969465648854963	0	0.24045801526717558	0.748062015503876	0.6068702290076335	0.7913385826771654	0.06870229007633588	0.24045801526717558	0.4083969465648855	
0.4961832061068702	0.46564885496183206	0.40458015267175573	0.4101123595505618	0.2633587786259542	0.1984732824427481	0.1984732824427481	0.2748091603053435	0.12	0.0	0.15267175572519084	0.1523809523809524	0.3969465648854962	0.23880597014925373	0.2595419847328244	0.2900763358778626	0.25572519083969464	0.1297709923664122	0.26717557251908397	0.0	0.15267175572519084	0.2184873949579832	0.15267175572519084	0.4961832061068702	0.3702290076335878	0.26717557251908397	0.24045801526717558	0	0.8217054263565892	0.48854961832061067	0.8110236220472441	0.1717557251908397	0.0	0.3816793893129771	
0.7868217054263565	0.8875968992248062	0.8255813953488372	0.7921348314606742	0.7596899224806202	0.8372093023255814	0.7790697674418605	0.8217054263565892	0.832	0.8469387755102041	0.8178294573643411	0.8904761904761904	0.7829457364341085	0.9701492537313433	0.8604651162790697	0.7984496124031008	0.8217054263565892	0.8178294573643411	0.7635658914728682	0.7272727272727273	0.8178294573643411	0.8235294117647058	0.8178294573643411	0.7713178294573644	0.8023255813953488	0.8023255813953488	0.748062015503876	0.8217054263565892	0	0.810077519379845	0.84251968503937	0.8062015503875969	0.8217054263565892	0.8643410852713178	
0.4961832061068702	0.6030534351145038	0.6717557251908397	0.6797752808988764	0.7061068702290076	0.6412213740458015	0.6793893129770993	0.4961832061068702	0.624	0.6836734693877551	0.6335877862595419	0.6428571428571429	0.6183206106870229	0.6417910447761194	0.7022900763358778	0.6412213740458015	0.6984732824427481	0.6106870229007634	0.5801526717557252	0.5974025974025974	0.6335877862595419	0.6638655462184874	0.6335877862595419	0.366412213740458	0.6946564885496184	0.6183206106870229	0.6068702290076335	0.48854961832061067	0.810077519379845	0	0.7952755905511811	0.6603053435114504	0.48854961832061067	0.5648854961832062	
0.8543307086614174	0.7440944881889764	0.9330708661417323	0.8370786516853933	0.7913385826771654	0.7559055118110236	0.7992125984251969	0.8110236220472441	0.816	0.826530612244898	0.8149606299212598	0.8714285714285714	0.8700787401574803	0.8805970149253731	0.8818897637795275	0.8700787401574803	0.8307086614173228	0.8149606299212598	0.7795275590551181	0.7207792207792207	0.8149606299212598	0.819327731092437	0.8149606299212598	0.8307086614173228	0.8937007874015748	0.8661417322834646	0.7913385826771654	0.8110236220472441	0.84251968503937	0.7952755905511811	0	0.8267716535433071	0.8110236220472441	0.8779527559055118	
0.5381679389312977	0.29389312977099236	0.4083969465648855	0.4101123595505618	0.20610687022900764	0.2099236641221374	0.24045801526717558	0.27099236641221375	0.116	0.0	0.20229007633587787	0.14761904761904762	0.44656488549618323	0.23134328358208955	0.30916030534351147	0.33969465648854963	0.2633587786259542	0.20229007633587787	0.31679389312977096	0.0	0.20229007633587787	0.25630252100840334	0.20229007633587787	0.49236641221374045	0.37404580152671757	0.27099236641221375	0.06870229007633588	0.1717557251908397	0.8062015503875969	0.6603053435114504	0.8267716535433071	0	0.1717557251908397	0.37786259541984735	
0.4961832061068702	0.46564885496183206	0.40458015267175573	0.4101123595505618	0.2633587786259542	0.1984732824427481	0.1984732824427481	0.2748091603053435	0.12	0.0	0.15267175572519084	0.1523809523809524	0.3969465648854962	0.23880597014925373	0.2595419847328244	0.2900763358778626	0.25572519083969464	0.1297709923664122	0.26717557251908397	0.0	0.15267175572519084	0.2184873949579832	0.15267175572519084	0.4961832061068702	0.3702290076335878	0.26717557251908397	0.24045801526717558	0.0	0.8217054263565892	0.48854961832061067	0.8110236220472441	0.1717557251908397	0	0.3816793893129771	
0.45038167938931295	0.366412213740458	0.37404580152671757	0.6797752808988764	0.4618320610687023	0.366412213740458	0.4580152671755725	0.10687022900763359	0.264	0.1326530612244898	0.3893129770992366	0.19047619047619047	0.5267175572519084	0.26119402985074625	0.2824427480916031	0.5267175572519084	0.4541984732824427	0.4122137404580153	0.3969465648854962	0.24675324675324675	0.3893129770992366	0.4117647058823529	0.3893129770992366	0.2900763358778626	0.5038167938931297	0.4122137404580153	0.4083969465648855	0.3816793893129771	0.8643410852713178	0.5648854961832062	0.8779527559055118	0.37786259541984735	0.3816793893129771	0	
