0	0.8869565217391304	0.6173913043478261	0.8478260869565217	0.7608695652173914	0.7522522522522522	0.46956521739130436	0.6478260869565218	0.49557522123893805	0.7567567567567568	0.46956521739130436	0.7478260869565218	0.3521739130434783	0.47391304347826085	0.46956521739130436	0.17391304347826086	0.5137614678899083	0.6869565217391305	0.5196078431372549	0.6260869565217392	0.32608695652173914	0.7347826086956522	0.6695652173913044	0.9743589743589743	0.717391304347826	0.4652173913043478	0.7029702970297029	0.8652173913043478	0.7217391304347827	0.8701298701298701	0.5695652173913044	0.4652173913043478	0.8644859813084113	0.46956521739130436	
0.8869565217391304	0	0.7478260869565218	0.591304347826087	0.7362204724409449	0.7792792792792793	0.7913043478260869	0.7556390977443609	0.8761061946902655	0.32882882882882886	0.7913043478260869	0.36324786324786323	0.9478260869565217	0.908695652173913	0.7913043478260869	0.9478260869565217	0.8761467889908257	0.5826086956521739	0.7941176470588235	0.7913043478260869	0.8956521739130435	0.547244094488189	0.7992125984251969	0.0	0.8740157480314961	0.7217391304347827	0.400990099009901	0.9043478260869565	0.573170731707317	0.7597402597402597	0.6879699248120301	0.7217391304347827	0.7289719626168224	0.7913043478260869	
0.6173913043478261	0.7478260869565218	0	0.7608695652173914	0.5956521739130435	0.8423423423423423	0.6739130434782609	0.7391304347826086	0.7300884955752213	0.7027027027027027	0.6739130434782609	0.7130434782608696	0.7086956521739131	0.7086956521739131	0.6739130434782609	0.7217391304347827	0.8119266055045872	0.5304347826086957	0.8137254901960784	0.7782608695652173	0.7130434782608696	0.6304347826086957	0.7695652173913043	0.9230769230769231	0.7869565217391304	0.4652173913043478	0.6336633663366337	0.8739130434782608	0.6956521739130435	0.6688311688311688	0.7434782608695653	0.4652173913043478	0.8084112149532711	0.6739130434782609	
0.8478260869565217	0.591304347826087	0.7608695652173914	0	0.2391304347826087	0.5720720720720721	0.5347826086956522	0.6347826086956522	0.7300884955752213	0.49099099099099097	0.5347826086956522	0.47391304347826085	0.782608695652174	0.6521739130434783	0.5347826086956522	0.782608695652174	0.6559633027522935	0.6956521739130435	0.4803921568627451	0.45652173913043476	0.7304347826086957	0.3521739130434783	0.5695652173913044	0.358974358974359	0.7043478260869566	0.7304347826086957	0.3811881188118812	0.7782608695652173	0.591304347826087	0.8636363636363636	0.7130434782608696	0.7304347826086957	0.6915887850467289	0.5347826086956522	
0.7608695652173914	0.7362204724409449	0.5956521739130435	0.2391304347826087	0	0.5540540540540541	0.44782608695652176	0.5748031496062992	0.5796460176991151	0.6216216216216216	0.44782608695652176	0.6324786324786325	0.6	0.5608695652173913	0.44782608695652176	0.6956521739130435	0.6238532110091743	0.5434782608695652	0.43137254901960786	0.5260869565217391	0.6434782608695652	0.44881889763779526	0.39763779527559057	0.8974358974358975	0.5669291338582677	0.5478260869565217	0.5099009900990099	0.7739130434782608	0.6585365853658537	0.7337662337662337	0.7755905511811023	0.5478260869565217	0.719626168224299	0.44782608695652176	
0.7522522522522522	0.7792792792792793	0.8423423423423423	0.5720720720720721	0.5540540540540541	0	0.5225225225225225	0.5900900900900901	0.7972972972972973	0.6486486486486487	0.5225225225225225	0.6306306306306306	0.6171171171171171	0.4864864864864865	0.5225225225225225	0.6891891891891891	0.5596330275229358	0.6396396396396397	0.38235294117647056	0.5855855855855856	0.7432432432432432	0.5765765765765766	0.4144144144144144	0.5384615384615384	0.43243243243243246	0.6981981981981982	0.6188118811881188	0.7612612612612613	0.5495495495495496	0.935064935064935	0.8018018018018018	0.6981981981981982	0.7383177570093458	0.5225225225225225	
0.46956521739130436	0.7913043478260869	0.6739130434782609	0.5347826086956522	0.44782608695652176	0.5225225225225225	0	0.26956521739130435	0.6415929203539823	0.5990990990990991	0.0	0.5956521739130435	0.4608695652173913	0.2608695652173913	0.0	0.3652173913043478	0.27522935779816515	0.5652173913043478	0.29411764705882354	0.2391304347826087	0.26521739130434785	0.41739130434782606	0.24347826086956523	0.9743589743589743	0.5434782608695652	0.41304347826086957	0.5346534653465347	0.7652173913043478	0.5478260869565217	0.8116883116883117	0.7565217391304347	0.41304347826086957	0.719626168224299	0.0	
0.6478260869565218	0.7556390977443609	0.7391304347826086	0.6347826086956522	0.5748031496062992	0.5900900900900901	0.26956521739130435	0	0.6814159292035398	0.5765765765765766	0.26956521739130435	0.5897435897435898	0.6826086956521739	0.5304347826086957	0.26956521739130435	0.5869565217391305	0.5275229357798165	0.5739130434782609	0.3137254901960784	0.4826086956521739	0.48695652173913045	0.5236220472440944	0.3464566929133858	0.6410256410256411	0.32677165354330706	0.6391304347826087	0.6138613861386139	0.8608695652173913	0.6056910569105691	0.7467532467532467	0.834319526627219	0.6391304347826087	0.6962616822429907	0.26956521739130435	
0.49557522123893805	0.8761061946902655	0.7300884955752213	0.7300884955752213	0.5796460176991151	0.7972972972972973	0.6415929203539823	0.6814159292035398	0	0.7612612612612613	0.6415929203539823	0.7477876106194691	0.5132743362831859	0.6946902654867256	0.6415929203539823	0.5221238938053098	0.8119266055045872	0.6327433628318584	0.8431372549019608	0.7123893805309734	0.4778761061946903	0.7433628318584071	0.7123893805309734	0.8717948717948718	0.7345132743362832	0.6769911504424779	0.5643564356435643	0.8185840707964602	0.7433628318584071	0.7727272727272727	0.6283185840707964	0.6769911504424779	0.8785046728971962	0.6415929203539823	
0.7567567567567568	0.32882882882882886	0.7027027027027027	0.49099099099099097	0.6216216216216216	0.6486486486486487	0.5990990990990991	0.5765765765765766	0.7612612612612613	0	0.5990990990990991	0.0	0.8198198198198198	0.7207207207207207	0.5990990990990991	0.8198198198198198	0.7155963302752294	0.46396396396396394	0.7941176470588235	0.5900900900900901	0.7657657657657657	0.44594594594594594	0.5990990990990991	0.05128205128205128	0.7207207207207207	0.527027027027027	0.21287128712871287	0.8153153153153153	0.35135135135135137	0.7597402597402597	0.6126126126126126	0.527027027027027	0.7242990654205608	0.5990990990990991	
0.46956521739130436	0.7913043478260869	0.6739130434782609	0.5347826086956522	0.44782608695652176	0.5225225225225225	0.0	0.26956521739130435	0.6415929203539823	0.5990990990990991	0	0.5956521739130435	0.4608695652173913	0.2608695652173913	0.0	0.3652173913043478	0.27522935779816515	0.5652173913043478	0.29411764705882354	0.2391304347826087	0.26521739130434785	0.41739130434782606	0.24347826086956523	0.9743589743589743	0.5434782608695652	0.41304347826086957	0.5346534653465347	0.7652173913043478	0.5478260869565217	0.8116883116883117	0.7565217391304347	0.41304347826086957	0.719626168224299	0.0	
0.7478260869565218	0.36324786324786323	0.7130434782608696	0.47391304347826085	0.6324786324786325	0.6306306306306306	0.5956521739130435	0.5897435897435898	0.7477876106194691	0.0	0.5956521739130435	0	0.808695652173913	0.7130434782608696	0.5956521739130435	0.808695652173913	0.7064220183486238	0.47391304347826085	0.7941176470588235	0.5608695652173913	0.7565217391304347	0.47435897435897434	0.6025641025641025	0.05128205128205128	0.7264957264957265	0.5260869565217391	0.2079207920792079	0.7782608695652173	0.36752136752136755	0.7597402597402597	0.6324786324786325	0.5260869565217391	0.7242990654205608	0.5956521739130435	
0.3521739130434783	0.9478260869565217	0.7086956521739131	0.782608695652174	0.6	0.6171171171171171	0.4608695652173913	0.6826086956521739	0.5132743362831859	0.8198198198198198	0.4608695652173913	0.808695652173913	0	0.4217391304347826	0.4608695652173913	0.1782608695652174	0.5091743119266054	0.7391304347826086	0.6078431372549019	0.5652173913043478	0.24782608695652175	0.6304347826086957	0.6173913043478261	0.8974358974358975	0.5652173913043478	0.5217391304347826	0.7772277227722773	0.8043478260869565	0.7565217391304347	0.8896103896103896	0.7260869565217392	0.5217391304347826	0.8411214953271028	0.4608695652173913	
0.47391304347826085	0.908695652173913	0.7086956521739131	0.6521739130434783	0.5608695652173913	0.4864864864864865	0.2608695652173913	0.5304347826086957	0.6946902654867256	0.7207207207207207	0.2608695652173913	0.7130434782608696	0.4217391304347826	0	0.2608695652173913	0.3695652173913043	0.25688073394495414	0.691304347826087	0.28431372549019607	0.3652173913043478	0.4434782608695652	0.5347826086956522	0.49130434782608695	0.9743589743589743	0.508695652173913	0.47391304347826085	0.6683168316831684	0.7521739130434782	0.6434782608695652	0.8506493506493507	0.8260869565217391	0.47391304347826085	0.7336448598130841	0.2608695652173913	
0.46956521739130436	0.7913043478260869	0.6739130434782609	0.5347826086956522	0.44782608695652176	0.5225225225225225	0.0	0.26956521739130435	0.6415929203539823	0.5990990990990991	0.0	0.5956521739130435	0.4608695652173913	0.2608695652173913	0	0.3652173913043478	0.27522935779816515	0.5652173913043478	0.29411764705882354	0.2391304347826087	0.26521739130434785	0.41739130434782606	0.24347826086956523	0.9743589743589743	0.5434782608695652	0.41304347826086957	0.5346534653465347	0.7652173913043478	0.5478260869565217	0.8116883116883117	0.7565217391304347	0.41304347826086957	0.719626168224299	0.0	
0.17391304347826086	0.9478260869565217	0.7217391304347827	0.782608695652174	0.6956521739130435	0.6891891891891891	0.3652173913043478	0.5869565217391305	0.5221238938053098	0.8198198198198198	0.3652173913043478	0.808695652173913	0.1782608695652174	0.3695652173913043	0.3652173913043478	0	0.4036697247706422	0.7478260869565218	0.38235294117647056	0.5217391304347826	0.15217391304347827	0.6304347826086957	0.6086956521739131	0.9743589743589743	0.6565217391304348	0.5695652173913044	0.7772277227722773	0.8652173913043478	0.7391304347826086	0.8701298701298701	0.7260869565217392	0.5695652173913044	0.8364485981308412	0.3652173913043478	
0.5137614678899083	0.8761467889908257	0.8119266055045872	0.6559633027522935	0.6238532110091743	0.5596330275229358	0.27522935779816515	0.5275229357798165	0.8119266055045872	0.7155963302752294	0.27522935779816515	0.7064220183486238	0.5091743119266054	0.25688073394495414	0.27522935779816515	0.4036697247706422	0	0.7522935779816514	0.0	0.3669724770642202	0.5	0.573394495412844	0.4954128440366973	1.0	0.5458715596330275	0.5688073394495413	0.6881188118811881	0.7614678899082569	0.7110091743119266	0.8766233766233766	0.9128440366972477	0.5688073394495413	0.8177570093457944	0.27522935779816515	
0.6869565217391305	0.5826086956521739	0.5304347826086957	0.6956521739130435	0.5434782608695652	0.6396396396396397	0.5652173913043478	0.5739130434782609	0.6327433628318584	0.46396396396396394	0.5652173913043478	0.47391304347826085	0.7391304347826086	0.691304347826087	0.5652173913043478	0.7478260869565218	0.7522935779816514	0	0.7254901960784313	0.6434782608695652	0.6956521739130435	0.6217391304347826	0.5043478260869565	0.8717948717948718	0.6695652173913044	0.47391304347826085	0.42574257425742573	0.8	0.4	0.6883116883116883	0.6869565217391305	0.47391304347826085	0.822429906542056	0.5652173913043478	
0.5196078431372549	0.7941176470588235	0.8137254901960784	0.4803921568627451	0.43137254901960786	0.38235294117647056	0.29411764705882354	0.3137254901960784	0.8431372549019608	0.7941176470588235	0.29411764705882354	0.7941176470588235	0.6078431372549019	0.28431372549019607	0.29411764705882354	0.38235294117647056	0.0	0.7254901960784313	0	0.4117647058823529	0.5882352941176471	0.4803921568627451	0.3333333333333333	1.0	0.38235294117647056	0.8235294117647058	0.7745098039215687	0.803921568627451	0.7941176470588235	0.8137254901960784	0.9117647058823529	0.8235294117647058	0.6862745098039216	0.29411764705882354	
0.6260869565217392	0.7913043478260869	0.7782608695652173	0.45652173913043476	0.5260869565217391	0.5855855855855856	0.2391304347826087	0.4826086956521739	0.7123893805309734	0.5900900900900901	0.2391304347826087	0.5608695652173913	0.5652173913043478	0.3652173913043478	0.2391304347826087	0.5217391304347826	0.3669724770642202	0.6434782608695652	0.4117647058823529	0	0.46956521739130436	0.5217391304347826	0.45652173913043476	0.9743589743589743	0.6217391304347826	0.5173913043478261	0.5544554455445545	0.6956521739130435	0.6260869565217392	0.8116883116883117	0.8347826086956521	0.5173913043478261	0.8037383177570093	0.2391304347826087	
0.32608695652173914	0.8956521739130435	0.7130434782608696	0.7304347826086957	0.6434782608695652	0.7432432432432432	0.26521739130434785	0.48695652173913045	0.4778761061946903	0.7657657657657657	0.26521739130434785	0.7565217391304347	0.24782608695652175	0.4434782608695652	0.26521739130434785	0.15217391304347827	0.5	0.6956521739130435	0.5882352941176471	0.46956521739130436	0	0.5782608695652174	0.508695652173913	0.9743589743589743	0.7086956521739131	0.5347826086956522	0.7178217821782178	0.8695652173913043	0.7086956521739131	0.8701298701298701	0.6565217391304348	0.5347826086956522	0.8317757009345794	0.26521739130434785	
0.7347826086956522	0.547244094488189	0.6304347826086957	0.3521739130434783	0.44881889763779526	0.5765765765765766	0.41739130434782606	0.5236220472440944	0.7433628318584071	0.44594594594594594	0.41739130434782606	0.47435897435897434	0.6304347826086957	0.5347826086956522	0.41739130434782606	0.6304347826086957	0.573394495412844	0.6217391304347826	0.4803921568627451	0.5217391304347826	0.5782608695652174	0	0.5905511811023622	0.05128205128205128	0.6496062992125984	0.6521739130434783	0.4752475247524752	0.9304347826086956	0.5609756097560976	0.7857142857142857	0.6062992125984252	0.6521739130434783	0.5186915887850467	0.41739130434782606	
0.6695652173913044	0.7992125984251969	0.7695652173913043	0.5695652173913044	0.39763779527559057	0.4144144144144144	0.24347826086956523	0.3464566929133858	0.7123893805309734	0.5990990990990991	0.24347826086956523	0.6025641025641025	0.6173913043478261	0.49130434782608695	0.24347826086956523	0.6086956521739131	0.4954128440366973	0.5043478260869565	0.3333333333333333	0.45652173913043476	0.508695652173913	0.5905511811023622	0	1.0	0.515748031496063	0.5391304347826087	0.5841584158415841	0.7434782608695653	0.44715447154471544	0.8701298701298701	0.8346456692913385	0.5391304347826087	0.7523364485981309	0.24347826086956523	
0.9743589743589743	0.0	0.9230769230769231	0.358974358974359	0.8974358974358975	0.5384615384615384	0.9743589743589743	0.6410256410256411	0.8717948717948718	0.05128205128205128	0.9743589743589743	0.05128205128205128	0.8974358974358975	0.9743589743589743	0.9743589743589743	0.9743589743589743	1.0	0.8717948717948718	1.0	0.9743589743589743	0.9743589743589743	0.05128205128205128	1.0	0	0.8974358974358975	1.0	0.358974358974359	1.0	0.3333333333333333	0.6666666666666666	0.3333333333333333	1.0	0.2564102564102564	0.9743589743589743	
0.717391304347826	0.8740157480314961	0.7869565217391304	0.7043478260869566	0.5669291338582677	0.43243243243243246	0.5434782608695652	0.32677165354330706	0.7345132743362832	0.7207207207207207	0.5434782608695652	0.7264957264957265	0.5652173913043478	0.508695652173913	0.5434782608695652	0.6565217391304348	0.5458715596330275	0.6695652173913044	0.38235294117647056	0.6217391304347826	0.7086956521739131	0.6496062992125984	0.515748031496063	0.8974358974358975	0	0.7086956521739131	0.693069306930693	0.8304347826086956	0.7073170731707317	0.922077922077922	0.8661417322834646	0.7086956521739131	0.7710280373831776	0.5434782608695652	
0.4652173913043478	0.7217391304347827	0.4652173913043478	0.7304347826086957	0.5478260869565217	0.6981981981981982	0.41304347826086957	0.6391304347826087	0.6769911504424779	0.527027027027027	0.41304347826086957	0.5260869565217391	0.5217391304347826	0.47391304347826085	0.41304347826086957	0.5695652173913044	0.5688073394495413	0.47391304347826085	0.8235294117647058	0.5173913043478261	0.5347826086956522	0.6521739130434783	0.5391304347826087	1.0	0.7086956521739131	0	0.4504950495049505	0.691304347826087	0.5043478260869565	0.7207792207792207	0.7086956521739131	0.0	0.7476635514018691	0.41304347826086957	
0.7029702970297029	0.400990099009901	0.6336633663366337	0.3811881188118812	0.5099009900990099	0.6188118811881188	0.5346534653465347	0.6138613861386139	0.5643564356435643	0.21287128712871287	0.5346534653465347	0.2079207920792079	0.7772277227722773	0.6683168316831684	0.5346534653465347	0.7772277227722773	0.6881188118811881	0.42574257425742573	0.7745098039215687	0.5544554455445545	0.7178217821782178	0.4752475247524752	0.5841584158415841	0.358974358974359	0.693069306930693	0.4504950495049505	0	0.7623762376237624	0.3613861386138614	0.8246753246753247	0.5792079207920792	0.4504950495049505	0.7524752475247525	0.5346534653465347	
0.8652173913043478	0.9043478260869565	0.8739130434782608	0.7782608695652173	0.7739130434782608	0.7612612612612613	0.7652173913043478	0.8608695652173913	0.8185840707964602	0.8153153153153153	0.7652173913043478	0.7782608695652173	0.8043478260869565	0.7521739130434782	0.7652173913043478	0.8652173913043478	0.7614678899082569	0.8	0.803921568627451	0.6956521739130435	0.8695652173913043	0.9304347826086956	0.7434782608695653	1.0	0.8304347826086956	0.691304347826087	0.7623762376237624	0	0.7739130434782608	0.5974025974025974	0.9652173913043478	0.691304347826087	0.9345794392523364	0.7652173913043478	
0.7217391304347827	0.573170731707317	0.6956521739130435	0.591304347826087	0.6585365853658537	0.5495495495495496	0.5478260869565217	0.6056910569105691	0.7433628318584071	0.35135135135135137	0.5478260869565217	0.36752136752136755	0.7565217391304347	0.6434782608695652	0.5478260869565217	0.7391304347826086	0.7110091743119266	0.4	0.7941176470588235	0.6260869565217392	0.7086956521739131	0.5609756097560976	0.44715447154471544	0.3333333333333333	0.7073170731707317	0.5043478260869565	0.3613861386138614	0.7739130434782608	0	0.7662337662337663	0.7195121951219512	0.5043478260869565	0.6635514018691588	0.5478260869565217	
0.8701298701298701	0.7597402597402597	0.6688311688311688	0.8636363636363636	0.7337662337662337	0.935064935064935	0.8116883116883117	0.7467532467532467	0.7727272727272727	0.7597402597402597	0.8116883116883117	0.7597402597402597	0.8896103896103896	0.8506493506493507	0.8116883116883117	0.8701298701298701	0.8766233766233766	0.6883116883116883	0.8137254901960784	0.8116883116883117	0.8701298701298701	0.7857142857142857	0.8701298701298701	0.6666666666666666	0.922077922077922	0.7207792207792207	0.8246753246753247	0.5974025974025974	0.7662337662337663	0	0.9415584415584416	0.7207792207792207	0.7987012987012987	0.8116883116883117	
0.5695652173913044	0.6879699248120301	0.7434782608695653	0.7130434782608696	0.7755905511811023	0.8018018018018018	0.7565217391304347	0.834319526627219	0.6283185840707964	0.6126126126126126	0.7565217391304347	0.6324786324786325	0.7260869565217392	0.8260869565217391	0.7565217391304347	0.7260869565217392	0.9128440366972477	0.6869565217391305	0.9117647058823529	0.8347826086956521	0.6565217391304348	0.6062992125984252	0.8346456692913385	0.3333333333333333	0.8661417322834646	0.7086956521739131	0.5792079207920792	0.9652173913043478	0.7195121951219512	0.9415584415584416	0	0.7086956521739131	0.7476635514018691	0.7565217391304347	
0.4652173913043478	0.7217391304347827	0.4652173913043478	0.7304347826086957	0.5478260869565217	0.6981981981981982	0.41304347826086957	0.6391304347826087	0.6769911504424779	0.527027027027027	0.41304347826086957	0.5260869565217391	0.5217391304347826	0.47391304347826085	0.41304347826086957	0.5695652173913044	0.5688073394495413	0.47391304347826085	0.8235294117647058	0.5173913043478261	0.5347826086956522	0.6521739130434783	0.5391304347826087	1.0	0.7086956521739131	0.0	0.4504950495049505	0.691304347826087	0.5043478260869565	0.7207792207792207	0.7086956521739131	0	0.7476635514018691	0.41304347826086957	
0.8644859813084113	0.7289719626168224	0.8084112149532711	0.6915887850467289	0.719626168224299	0.7383177570093458	0.719626168224299	0.6962616822429907	0.8785046728971962	0.7242990654205608	0.719626168224299	0.7242990654205608	0.8411214953271028	0.7336448598130841	0.719626168224299	0.8364485981308412	0.8177570093457944	0.822429906542056	0.6862745098039216	0.8037383177570093	0.8317757009345794	0.5186915887850467	0.7523364485981309	0.2564102564102564	0.7710280373831776	0.7476635514018691	0.7524752475247525	0.9345794392523364	0.6635514018691588	0.7987012987012987	0.7476635514018691	0.7476635514018691	0	0.719626168224299	
0.46956521739130436	0.7913043478260869	0.6739130434782609	0.5347826086956522	0.44782608695652176	0.5225225225225225	0.0	0.26956521739130435	0.6415929203539823	0.5990990990990991	0.0	0.5956521739130435	0.4608695652173913	0.2608695652173913	0.0	0.3652173913043478	0.27522935779816515	0.5652173913043478	0.29411764705882354	0.2391304347826087	0.26521739130434785	0.41739130434782606	0.24347826086956523	0.9743589743589743	0.5434782608695652	0.41304347826086957	0.5346534653465347	0.7652173913043478	0.5478260869565217	0.8116883116883117	0.7565217391304347	0.41304347826086957	0.719626168224299	0	
