0	1.0	0.6882793017456359	0.7665576451349142	0.8075313807531381	0.5087719298245614	0.7857142857142857	0.6537313432835821	0.6163873370577281	0.6517690875232774	0.8104477611940298	0.8209302325581396	0.7556634304207119	0.0	0.6880621422730989	0.6498708010335917	0.680327868852459	0.8183391003460208	0.0	0.3675496688741722	0.3902439024390244	0.6864268192968112	0.5789473684210527	0.1568627450980392	0.6248789932236205	0.7023712183156173	0.7211774325429272	0.6737530662305805	0.7600163532297629	0.5696594427244582	0.543859649122807	0.6361323155216285	1.0	0.7209205020920502	0.6762261014131339	0.5333333333333333	0.7031888798037612	0.7689110556940981	0.5677966101694916	0.7076860179885527	0.6794766966475879	0.7001654259718776	0.6257142857142857	0.40551181102362205	0.3387096774193548	0.5727272727272728	0.8867924528301887	0.40551181102362205	0.030303030303030304	0.7795275590551181	0.8157894736842105	0.7559280457890434	0.7001654259718776	0.7894521668029436	0.6301369863013698	
1.0	0	1.0	1.0	1.0	1.0	1.0	1.0	1.0	1.0	1.0	1.0	1.0	1.0	1.0	1.0	1.0	1.0	1.0	1.0	1.0	1.0	1.0	1.0	1.0	1.0	1.0	1.0	1.0	1.0	1.0	1.0	1.0	1.0	1.0	1.0	1.0	1.0	1.0	1.0	1.0	1.0	1.0	1.0	1.0	1.0	1.0	1.0	1.0	1.0	1.0	1.0	1.0	1.0	1.0	
0.6882793017456359	1.0	0	0.6853699085619285	0.599023709902371	0.6403508771929824	0.5763087843833186	0.45671641791044776	0.4888268156424581	0.6433891992551211	0.7223880597014926	0.6488372093023256	0.7427184466019418	0.13333333333333333	0.5964256026600167	0.541343669250646	0.6836065573770492	0.615916955017301	0.0	0.28807947019867547	0.2926829268292683	0.6957605985037406	0.0	0.2549019607843137	0.5929332042594385	0.5411471321695761	0.558187863674148	0.5702410640066501	0.7231920199501247	0.4148606811145511	0.3654970760233918	0.4287531806615776	1.0	0.6435146443514644	0.5556940980881131	0.9333333333333333	0.5810473815461347	0.7065669160432253	0.288135593220339	0.6026600166251039	0.6130507065669161	0.5656691604322527	0.46	0.15748031496062992	0.5645161290322581	0.4696969696969697	0.8742138364779874	0.15748031496062992	0.21212121212121213	0.6653543307086615	0.8859649122807017	0.683291770573566	0.5656691604322527	0.6820448877805486	0.44246575342465755	
0.7665576451349142	1.0	0.6853699085619285	0	0.6952580195258019	0.5497076023391813	0.6433007985803016	0.5701492537313433	0.6098696461824954	0.590316573556797	0.7283582089552239	0.786046511627907	0.8106796116504854	0.4	0.6226492232215862	0.6447028423772609	0.7491803278688525	0.6868512110726643	1.0	0.6688741721854304	0.0	0.660670482420278	0.0	0.7450980392156863	0.6548886737657309	0.6463614063777596	0.6839738348323794	0.6762060506950123	0.7207686017988553	0.4984520123839009	0.5760233918128655	0.6119592875318066	1.0	0.6786610878661088	0.6654197838736492	0.9333333333333333	0.6524938675388389	0.7348295926849543	0.5847457627118644	0.6762060506950123	0.6079313164349959	0.6579818031430935	0.5428571428571428	0.29133858267716534	0.9838709677419355	0.6090909090909091	0.7968553459119497	0.29133858267716534	1.0	0.7401574803149606	0.7807017543859649	0.5964840556009812	0.6579818031430935	0.7281275551921504	0.5958904109589042	
0.8075313807531381	1.0	0.599023709902371	0.6952580195258019	0	1.0	0.7189679218967922	0.6253731343283582	1.0	1.0	0.5283582089552239	1.0	1.0	0.4	0.7364016736401674	1.0	0.6688524590163935	0.6868512110726643	0.0	1.0	1.0	0.7154811715481172	0.0	1.0	0.795676429567643	0.7405857740585774	0.6875871687587168	0.7775453277545328	0.6813110181311018	0.6811145510835913	1.0	1.0	0.5217391304347826	0.705718270571827	0.7050209205020921	0.9333333333333333	0.6617852161785216	0.7894002789400278	1.0	0.6889818688981869	0.5885634588563459	0.7078103207810321	0.6342857142857142	0.33858267716535434	0.5645161290322581	1.0	0.9741980474198048	0.33858267716535434	0.24242424242424243	0.5866141732283464	1.0	0.7440725244072525	0.7078103207810321	0.7189679218967922	0.7150684931506849	
0.5087719298245614	1.0	0.6403508771929824	0.5497076023391813	1.0	0	0.8391812865497076	1.0	0.4766081871345029	0.5	1.0	0.9385964912280702	0.8859649122807017	1.0	0.5350877192982456	0.5614035087719298	1.0	1.0	1.0	0.40397350993377484	1.0	0.30409356725146197	1.0	0.2647058823529412	0.40350877192982454	0.4766081871345029	0.48830409356725146	0.4766081871345029	0.5555555555555556	1.0	0.48830409356725146	0.4766081871345029	1.0	0.6871345029239766	0.5760233918128655	1.0	0.5409356725146199	0.6461988304093568	0.6101694915254238	0.5409356725146199	0.49122807017543857	0.5467836257309941	1.0	1.0	1.0	0.5515151515151515	0.6169590643274854	1.0	1.0	1.0	0.7865497076023392	0.5818713450292398	0.5467836257309941	0.6023391812865497	1.0	
0.7857142857142857	1.0	0.5763087843833186	0.6433007985803016	0.7189679218967922	0.8391812865497076	0	0.4716417910447761	0.4338919925512104	0.7243947858472998	0.7731343283582089	0.6697674418604651	0.5825242718446602	0.7333333333333333	0.5239574090505768	0.5930232558139535	0.7524590163934426	0.7041522491349481	0.0	0.6456953642384106	0.45121951219512196	0.650399290150843	0.8947368421052632	0.8235294117647058	0.6355275895450145	0.47781721384205855	0.5062111801242236	0.5306122448979592	0.6180124223602484	0.40092879256965946	0.7046783625730995	0.45674300254452926	1.0	0.5807453416149069	0.4831410825199645	0.9333333333333333	0.5110913930789707	0.6446317657497782	0.5508474576271186	0.5288376220053239	0.6672582076308784	0.4605146406388642	0.7314285714285714	0.65748031496063	0.5483870967741935	0.7727272727272727	0.9044025157232705	0.65748031496063	0.21212121212121213	0.7637795275590551	0.9678362573099415	0.7661934338952973	0.4605146406388642	0.6246672582076309	0.5808219178082191	
0.6537313432835821	1.0	0.45671641791044776	0.5701492537313433	0.6253731343283582	1.0	0.4716417910447761	0	1.0	1.0	0.6044776119402985	1.0	1.0	1.0	0.2537313432835821	1.0	0.9672131147540983	0.6314878892733564	0.26666666666666666	1.0	1.0	0.4746268656716418	1.0	1.0	0.29850746268656714	0.32985074626865674	0.20597014925373133	0.25522388059701495	0.5194029850746269	0.26006191950464397	1.0	1.0	1.0	0.30149253731343284	0.31343283582089554	1.0	0.33134328358208953	0.42686567164179107	1.0	0.42686567164179107	0.4388059701492537	0.3746268656716418	0.5371428571428571	0.2952755905511811	0.6774193548387096	1.0	1.0	0.2952755905511811	0.3939393939393939	0.6023622047244095	1.0	0.5477611940298508	0.3746268656716418	0.4835820895522388	0.31791044776119404	
0.6163873370577281	1.0	0.4888268156424581	0.6098696461824954	1.0	0.4766081871345029	0.4338919925512104	1.0	0	0.4590316573556797	1.0	0.5232558139534884	0.48381877022653724	1.0	0.32774674115456237	0.3695090439276486	1.0	1.0	1.0	0.15562913907284767	0.14634146341463414	0.5586592178770949	1.0	0.2549019607843137	0.2811918063314711	0.18901303538175046	0.25512104283054005	0.2430167597765363	0.5623836126629422	1.0	0.19298245614035087	0.15521628498727735	1.0	0.39757914338919925	0.15828677839851024	1.0	0.22439478584729983	0.5288640595903166	0.2457627118644068	0.32122905027932963	0.32122905027932963	0.24022346368715083	1.0	1.0	1.0	0.3151515151515151	0.7998137802607076	1.0	1.0	1.0	0.8859649122807017	0.6201117318435754	0.24022346368715083	0.61731843575419	1.0	
0.6517690875232774	1.0	0.6433891992551211	0.590316573556797	1.0	0.5	0.7243947858472998	1.0	0.4590316573556797	0	1.0	0.7465116279069768	0.7152103559870551	1.0	0.5865921787709497	0.5452196382428941	1.0	1.0	1.0	0.46688741721854304	0.43902439024390244	0.6936685288640596	1.0	0.7450980392156863	0.5996275605214153	0.5344506517690876	0.5893854748603352	0.5521415270018621	0.7458100558659218	1.0	0.4415204678362573	0.4758269720101781	1.0	0.6527001862197392	0.5521415270018621	1.0	0.5931098696461825	0.7085661080074488	0.5423728813559322	0.6080074487895717	0.5754189944134078	0.5586592178770949	1.0	1.0	1.0	0.5424242424242425	0.74487895716946	1.0	1.0	1.0	0.7748538011695907	0.723463687150838	0.5586592178770949	0.770949720670391	1.0	
0.8104477611940298	1.0	0.7223880597014926	0.7283582089552239	0.5283582089552239	1.0	0.7731343283582089	0.6044776119402985	1.0	1.0	0	1.0	1.0	1.0	0.7313432835820896	1.0	0.9655737704918033	0.7716262975778547	0.26666666666666666	1.0	1.0	0.7313432835820896	1.0	1.0	0.6328358208955224	0.7343283582089553	0.6626865671641791	0.6865671641791045	0.6432835820895523	0.7074303405572755	1.0	1.0	1.0	0.7164179104477612	0.7283582089552239	1.0	0.5850746268656717	0.7507462686567165	1.0	0.6059701492537314	0.5014925373134328	0.6940298507462687	0.64	0.40551181102362205	0.6612903225806451	1.0	1.0	0.40551181102362205	0.36363636363636365	0.562992125984252	1.0	0.7477611940298508	0.6940298507462687	0.7149253731343284	0.7074626865671642	
0.8209302325581396	1.0	0.6488372093023256	0.786046511627907	1.0	0.9385964912280702	0.6697674418604651	1.0	0.5232558139534884	0.7465116279069768	1.0	0	0.8697674418604651	1.0	0.7046511627906977	0.7046511627906977	1.0	1.0	1.0	0.847682119205298	1.0	0.7186046511627907	1.0	1.0	0.6441860465116279	0.586046511627907	0.7372093023255814	0.5953488372093023	0.7674418604651163	1.0	0.9385964912280702	0.5953488372093023	1.0	0.8674418604651163	0.586046511627907	1.0	0.5162790697674419	0.8116279069767441	1.0	0.7744186046511627	0.42790697674418604	0.6046511627906976	1.0	1.0	1.0	0.8696969696969697	0.8906976744186047	1.0	1.0	1.0	0.9590643274853801	0.8767441860465116	0.6046511627906976	0.8	1.0	
0.7556634304207119	1.0	0.7427184466019418	0.8106796116504854	1.0	0.8859649122807017	0.5825242718446602	1.0	0.48381877022653724	0.7152103559870551	1.0	0.8697674418604651	0	1.0	0.6666666666666666	0.7233009708737864	1.0	1.0	1.0	0.8443708609271523	0.45121951219512196	0.6650485436893204	1.0	1.0	0.5663430420711975	0.517799352750809	0.45307443365695793	0.5194174757281553	0.7702265372168284	1.0	0.8187134502923976	0.610032362459547	1.0	0.48220064724919093	0.517799352750809	1.0	0.598705501618123	0.6747572815533981	0.9576271186440678	0.6375404530744336	0.6423948220064725	0.5339805825242718	1.0	1.0	1.0	0.9606060606060606	0.8818770226537217	1.0	1.0	1.0	0.9766081871345029	0.8915857605177994	0.5339805825242718	0.8252427184466019	1.0	
0.0	1.0	0.13333333333333333	0.4	0.4	1.0	0.7333333333333333	1.0	1.0	1.0	1.0	1.0	1.0	0	0.4	1.0	0.4	1.0	1.0	1.0	1.0	0.4	0.5333333333333333	1.0	1.0	0.4	0.7333333333333333	0.4	0.4	1.0	1.0	1.0	1.0	0.4	0.4	1.0	0.4	0.7333333333333333	1.0	0.7333333333333333	0.4	0.4	1.0	1.0	1.0	1.0	1.0	1.0	1.0	1.0	1.0	0.26666666666666666	0.4	0.4	1.0	
0.6880621422730989	1.0	0.5964256026600167	0.6226492232215862	0.7364016736401674	0.5350877192982456	0.5239574090505768	0.2537313432835821	0.32774674115456237	0.5865921787709497	0.7313432835820896	0.7046511627906977	0.6666666666666666	0.4	0	0.4909560723514212	0.7032786885245902	0.7006920415224913	1.0	0.3675496688741722	0.14634146341463414	0.383892068683565	0.5789473684210527	0.2549019607843137	0.4191674733785092	0.3041700735895339	0.3205233033524121	0.42804578904333607	0.6054783319705642	0.23374613003095976	0.3157894736842105	0.34096692111959287	0.7391304347826086	0.28368200836820084	0.31255195344970904	0.9333333333333333	0.4766966475878986	0.5698254364089775	0.2457627118644068	0.42027800490596895	0.47914963205233035	0.41563275434243174	0.5057142857142857	0.24015748031496062	0.4032258064516129	0.44242424242424244	0.8408805031446541	0.24015748031496062	0.6363636363636364	0.7480314960629921	0.8538011695906432	0.6193785772690106	0.41563275434243174	0.6001635322976288	0.36712328767123287	
0.6498708010335917	1.0	0.541343669250646	0.6447028423772609	1.0	0.5614035087719298	0.5930232558139535	1.0	0.3695090439276486	0.5452196382428941	1.0	0.7046511627906977	0.7233009708737864	1.0	0.4909560723514212	0	1.0	1.0	1.0	0.13245033112582782	0.6707317073170732	0.6705426356589147	1.0	0.2549019607843137	0.5077519379844961	0.35400516795865633	0.39276485788113696	0.3372093023255814	0.6317829457364341	1.0	0.23391812865497075	0.36175710594315247	1.0	0.5387596899224806	0.35400516795865633	1.0	0.39405684754521964	0.624031007751938	0.2457627118644068	0.43281653746770027	0.3850129198966408	0.39664082687338503	1.0	1.0	1.0	0.43636363636363634	0.7454780361757106	1.0	1.0	1.0	0.868421052631579	0.6744186046511628	0.39664082687338503	0.5633074935400517	1.0	
0.680327868852459	1.0	0.6836065573770492	0.7491803278688525	0.6688524590163935	1.0	0.7524590163934426	0.9672131147540983	1.0	1.0	0.9655737704918033	1.0	1.0	0.4	0.7032786885245902	1.0	0	0.9602076124567474	0.0	1.0	1.0	0.7360655737704918	0.0	1.0	0.8786885245901639	0.7442622950819672	0.7475409836065574	0.8295081967213115	0.7524590163934426	0.9672131147540983	1.0	1.0	1.0	0.7836065573770492	0.7032786885245902	0.9333333333333333	0.7557377049180328	0.8622950819672132	1.0	0.6901639344262295	0.5377049180327869	0.659016393442623	1.0	1.0	0.3064516129032258	1.0	0.9606557377049181	1.0	0.0	1.0	1.0	0.7868852459016393	0.659016393442623	0.6918032786885245	0.9327868852459016	
0.8183391003460208	1.0	0.615916955017301	0.6868512110726643	0.6868512110726643	1.0	0.7041522491349481	0.6314878892733564	1.0	1.0	0.7716262975778547	1.0	1.0	1.0	0.7006920415224913	1.0	0.9602076124567474	0	0.26666666666666666	1.0	1.0	0.7508650519031141	1.0	1.0	0.5916955017301038	0.5899653979238755	0.5951557093425606	0.6678200692041523	0.7110726643598616	0.6782006920415224	1.0	1.0	1.0	0.6937716262975778	0.6643598615916955	1.0	0.6522491349480969	0.6124567474048442	1.0	0.532871972318339	0.5934256055363322	0.759515570934256	0.7657142857142857	0.6732283464566929	0.6290322580645161	1.0	1.0	0.6732283464566929	0.42424242424242425	0.9173228346456693	1.0	0.6747404844290658	0.759515570934256	0.6937716262975778	0.5778546712802768	
0.0	1.0	0.0	1.0	0.0	1.0	0.0	0.26666666666666666	1.0	1.0	0.26666666666666666	1.0	1.0	1.0	1.0	1.0	0.0	0.26666666666666666	0	1.0	1.0	1.0	1.0	1.0	0.0	0.0	1.0	0.26666666666666666	0.26666666666666666	0.26666666666666666	1.0	1.0	1.0	1.0	0.0	1.0	0.26666666666666666	1.0	1.0	0.0	0.0	0.26666666666666666	1.0	1.0	0.0	1.0	1.0	1.0	0.0	1.0	1.0	0.8	0.26666666666666666	0.9333333333333333	0.0	
0.3675496688741722	1.0	0.28807947019867547	0.6688741721854304	1.0	0.40397350993377484	0.6456953642384106	1.0	0.15562913907284767	0.46688741721854304	1.0	0.847682119205298	0.8443708609271523	1.0	0.3675496688741722	0.13245033112582782	1.0	1.0	1.0	0	1.0	0.3509933774834437	1.0	0.0	0.1456953642384106	0.15562913907284767	0.26490066225165565	0.15562913907284767	0.27483443708609273	1.0	0.26490066225165565	0.15562913907284767	1.0	0.4304635761589404	0.15562913907284767	1.0	0.28807947019867547	0.34105960264900664	0.5254237288135594	0.3344370860927152	0.26490066225165565	0.15562913907284767	1.0	1.0	1.0	0.423841059602649	0.7152317880794702	1.0	1.0	1.0	0.8145695364238411	0.5198675496688742	0.15562913907284767	0.2582781456953642	1.0	
0.3902439024390244	1.0	0.2926829268292683	0.0	1.0	1.0	0.45121951219512196	1.0	0.14634146341463414	0.43902439024390244	1.0	1.0	0.45121951219512196	1.0	0.14634146341463414	0.6707317073170732	1.0	1.0	1.0	1.0	0	0.14634146341463414	1.0	1.0	0.3902439024390244	0.14634146341463414	0.14634146341463414	0.3902439024390244	0.12195121951219512	1.0	1.0	0.8414634146341463	1.0	0.14634146341463414	0.14634146341463414	1.0	0.14634146341463414	0.12195121951219512	1.0	0.14634146341463414	0.0	0.45121951219512196	1.0	1.0	1.0	1.0	0.7439024390243902	1.0	1.0	1.0	1.0	0.4268292682926829	0.45121951219512196	0.8414634146341463	1.0	
0.6864268192968112	1.0	0.6957605985037406	0.660670482420278	0.7154811715481172	0.30409356725146197	0.650399290150843	0.4746268656716418	0.5586592178770949	0.6936685288640596	0.7313432835820896	0.7186046511627907	0.6650485436893204	0.4	0.383892068683565	0.6705426356589147	0.7360655737704918	0.7508650519031141	1.0	0.3509933774834437	0.14634146341463414	0	0.5789473684210527	0.2647058823529412	0.6021297192642788	0.5016353229762878	0.4746524938675388	0.5809484873262469	0.6226492232215862	0.38699690402476783	0.5116959064327485	0.5585241730279898	0.7391304347826086	0.41506276150627613	0.49044056525353286	0.06666666666666667	0.5392477514309076	0.6479634247714048	0.6101694915254238	0.5776778413736713	0.6275551921504497	0.5694789081885856	0.5771428571428572	0.38188976377952755	0.4032258064516129	0.5636363636363636	0.8522012578616353	0.38188976377952755	0.6363636363636364	0.7559055118110236	0.7982456140350878	0.7305805396565822	0.5694789081885856	0.6839738348323794	0.5123287671232877	
0.5789473684210527	1.0	0.0	0.0	0.0	1.0	0.8947368421052632	1.0	1.0	1.0	1.0	1.0	1.0	0.5333333333333333	0.5789473684210527	1.0	0.0	1.0	1.0	1.0	1.0	0.5789473684210527	0	1.0	1.0	0.5789473684210527	0.8947368421052632	0.5789473684210527	0.5789473684210527	1.0	1.0	1.0	1.0	0.631578947368421	0.631578947368421	1.0	0.5789473684210527	0.8947368421052632	1.0	0.8947368421052632	0.0	0.0	1.0	1.0	1.0	1.0	1.0	1.0	1.0	1.0	1.0	0.5789473684210527	0.0	0.3684210526315789	1.0	
0.1568627450980392	1.0	0.2549019607843137	0.7450980392156863	1.0	0.2647058823529412	0.8235294117647058	1.0	0.2549019607843137	0.7450980392156863	1.0	1.0	1.0	1.0	0.2549019607843137	0.2549019607843137	1.0	1.0	1.0	0.0	1.0	0.2647058823529412	1.0	0	0.0	0.2549019607843137	0.2549019607843137	0.2549019607843137	0.0	1.0	0.2549019607843137	0.2549019607843137	1.0	0.2549019607843137	0.2549019607843137	1.0	0.2549019607843137	0.29411764705882354	0.5882352941176471	0.2549019607843137	0.2549019607843137	0.2549019607843137	1.0	1.0	1.0	0.3431372549019608	0.7450980392156863	1.0	1.0	1.0	0.7254901960784313	0.2549019607843137	0.2549019607843137	0.2549019607843137	1.0	
0.6248789932236205	1.0	0.5929332042594385	0.6548886737657309	0.795676429567643	0.40350877192982454	0.6355275895450145	0.29850746268656714	0.2811918063314711	0.5996275605214153	0.6328358208955224	0.6441860465116279	0.5663430420711975	1.0	0.4191674733785092	0.5077519379844961	0.8786885245901639	0.5916955017301038	0.0	0.1456953642384106	0.3902439024390244	0.6021297192642788	1.0	0.0	0	0.3925459825750242	0.42110358180058083	0.3552758954501452	0.6268151016456922	0.29876160990712075	0.37719298245614036	0.27735368956743	1.0	0.47676669893514034	0.3465634075508228	1.0	0.45885769603097776	0.5648596321393998	0.5254237288135594	0.4888673765730881	0.43126815101645694	0.45498547918683446	0.4514285714285714	0.14566929133858267	0.20967741935483872	0.4090909090909091	0.8842767295597485	0.14566929133858267	0.0	0.7401574803149606	0.8567251461988304	0.60648596321394	0.45498547918683446	0.6297192642787997	0.36164383561643837	
0.7023712183156173	1.0	0.5411471321695761	0.6463614063777596	0.7405857740585774	0.4766081871345029	0.47781721384205855	0.32985074626865674	0.18901303538175046	0.5344506517690876	0.7343283582089553	0.586046511627907	0.517799352750809	0.4	0.3041700735895339	0.35400516795865633	0.7442622950819672	0.5899653979238755	0.0	0.15562913907284767	0.14634146341463414	0.5016353229762878	0.5789473684210527	0.2549019607843137	0.3925459825750242	0	0.3098937040065413	0.3785772690106296	0.5944399018806215	0.30959752321981426	0.19298245614035087	0.10432569974554708	0.7391304347826086	0.399163179916318	0.2772236076475478	0.9333333333333333	0.45053147996729354	0.5498753117206983	0.2457627118644068	0.43008994276369583	0.45748160261651677	0.4148056244830438	0.43714285714285717	0.14566929133858267	0.03225806451612903	0.3151515151515151	0.8534591194968554	0.14566929133858267	0.030303030303030304	0.7401574803149606	0.8859649122807017	0.6038430089942763	0.4148056244830438	0.5899427636958299	0.12465753424657534	
0.7211774325429272	1.0	0.558187863674148	0.6839738348323794	0.6875871687587168	0.48830409356725146	0.5062111801242236	0.20597014925373133	0.25512104283054005	0.5893854748603352	0.6626865671641791	0.7372093023255814	0.45307443365695793	0.7333333333333333	0.3205233033524121	0.39276485788113696	0.7475409836065574	0.5951557093425606	1.0	0.26490066225165565	0.14634146341463414	0.4746524938675388	0.8947368421052632	0.2549019607843137	0.42110358180058083	0.3098937040065413	0	0.4219133278822568	0.598528209321341	0.2708978328173375	0.0	0.22646310432569974	0.0	0.3514644351464435	0.29052369077306733	0.9333333333333333	0.44439901880621424	0.5440565253532834	0.2457627118644068	0.4513491414554375	0.48896156991005724	0.42431761786600497	0.5371428571428571	0.2952755905511811	0.6935483870967742	0.49393939393939396	0.8484276729559749	0.2952755905511811	0.8181818181818182	0.6023622047244095	0.8742690058479532	0.6508585445625511	0.42431761786600497	0.6263286999182338	0.33013698630136984	
0.6737530662305805	1.0	0.5702410640066501	0.6762060506950123	0.7775453277545328	0.4766081871345029	0.5306122448979592	0.25522388059701495	0.2430167597765363	0.5521415270018621	0.6865671641791045	0.5953488372093023	0.5194174757281553	0.4	0.42804578904333607	0.3372093023255814	0.8295081967213115	0.6678200692041523	0.26666666666666666	0.15562913907284767	0.3902439024390244	0.5809484873262469	0.5789473684210527	0.2549019607843137	0.3552758954501452	0.3785772690106296	0.4219133278822568	0	0.6095666394112838	0.0	0.19298245614035087	0.0	0.7391304347826086	0.47447698744769873	0.3657522859517872	1.0	0.46852003270645953	0.6093100581878637	0.2457627118644068	0.5245298446443173	0.5147179067865904	0.40818858560794047	0.45714285714285713	0.14566929133858267	0.41935483870967744	0.3151515151515151	0.8647798742138365	0.14566929133858267	0.3939393939393939	0.7401574803149606	0.8859649122807017	0.6553556827473426	0.40818858560794047	0.6107931316434996	0.3178082191780822	
0.7600163532297629	1.0	0.7231920199501247	0.7207686017988553	0.6813110181311018	0.5555555555555556	0.6180124223602484	0.5194029850746269	0.5623836126629422	0.7458100558659218	0.6432835820895523	0.7674418604651163	0.7702265372168284	0.4	0.6054783319705642	0.6317829457364341	0.7524590163934426	0.7110726643598616	0.26666666666666666	0.27483443708609273	0.12195121951219512	0.6226492232215862	0.5789473684210527	0.0	0.6268151016456922	0.5944399018806215	0.598528209321341	0.6095666394112838	0	0.5433436532507739	0.4239766081871345	0.5229007633587787	1.0	0.6774058577405858	0.5881130507065669	1.0	0.5302534750613246	0.6479634247714048	0.5677966101694916	0.5572363041700736	0.6541291905151267	0.5818858560794045	0.66	0.4763779527559055	0.5806451612903226	0.5060606060606061	0.8710691823899371	0.4763779527559055	0.36363636363636365	0.594488188976378	0.7339181286549707	0.7260834014717906	0.5818858560794045	0.6831561733442355	0.636986301369863	
0.5696594427244582	1.0	0.4148606811145511	0.4984520123839009	0.6811145510835913	1.0	0.40092879256965946	0.26006191950464397	1.0	1.0	0.7074303405572755	1.0	1.0	1.0	0.23374613003095976	1.0	0.9672131147540983	0.6782006920415224	0.26666666666666666	1.0	1.0	0.38699690402476783	1.0	1.0	0.29876160990712075	0.30959752321981426	0.2708978328173375	0.0	0.5433436532507739	0	1.0	1.0	1.0	0.20123839009287925	0.25386996904024767	1.0	0.39164086687306504	0.48142414860681115	1.0	0.4055727554179567	0.4845201238390093	0.2678018575851393	0.45714285714285713	0.24015748031496062	0.6774193548387096	1.0	1.0	0.24015748031496062	0.3939393939393939	0.7559055118110236	1.0	0.48297213622291024	0.2678018575851393	0.4179566563467492	0.30495356037151705	
0.543859649122807	1.0	0.3654970760233918	0.5760233918128655	1.0	0.48830409356725146	0.7046783625730995	1.0	0.19298245614035087	0.4415204678362573	1.0	0.9385964912280702	0.8187134502923976	1.0	0.3157894736842105	0.23391812865497075	1.0	1.0	1.0	0.26490066225165565	1.0	0.5116959064327485	1.0	0.2549019607843137	0.37719298245614036	0.19298245614035087	0.0	0.19298245614035087	0.4239766081871345	1.0	0	0.19298245614035087	1.0	0.3742690058479532	0.24853801169590642	1.0	0.30994152046783624	0.6052631578947368	0.2457627118644068	0.30994152046783624	0.2719298245614035	0.21929824561403508	1.0	1.0	1.0	0.49393939393939396	0.5672514619883041	1.0	1.0	1.0	0.8771929824561403	0.4239766081871345	0.21929824561403508	0.2982456140350877	1.0	
0.6361323155216285	1.0	0.4287531806615776	0.6119592875318066	1.0	0.4766081871345029	0.45674300254452926	1.0	0.15521628498727735	0.4758269720101781	1.0	0.5953488372093023	0.610032362459547	1.0	0.34096692111959287	0.36175710594315247	1.0	1.0	1.0	0.15562913907284767	0.8414634146341463	0.5585241730279898	1.0	0.2549019607843137	0.27735368956743	0.10432569974554708	0.22646310432569974	0.0	0.5229007633587787	1.0	0.19298245614035087	0	1.0	0.4351145038167939	0.15521628498727735	1.0	0.21246819338422393	0.5623409669211196	0.2457627118644068	0.34478371501272265	0.3244274809160305	0.2010178117048346	1.0	1.0	1.0	0.3151515151515151	0.7786259541984732	1.0	1.0	1.0	0.8859649122807017	0.6055979643765903	0.2010178117048346	0.46055979643765904	1.0	
1.0	1.0	1.0	1.0	0.5217391304347826	1.0	1.0	1.0	1.0	1.0	1.0	1.0	1.0	1.0	0.7391304347826086	1.0	1.0	1.0	1.0	1.0	1.0	0.7391304347826086	1.0	1.0	1.0	0.7391304347826086	0.0	0.7391304347826086	1.0	1.0	1.0	1.0	0	1.0	0.7391304347826086	1.0	1.0	1.0	1.0	1.0	0.7391304347826086	1.0	1.0	1.0	0.7391304347826086	1.0	1.0	1.0	1.0	1.0	1.0	1.0	1.0	1.0	0.7391304347826086	
0.7209205020920502	1.0	0.6435146443514644	0.6786610878661088	0.705718270571827	0.6871345029239766	0.5807453416149069	0.30149253731343284	0.39757914338919925	0.6527001862197392	0.7164179104477612	0.8674418604651163	0.48220064724919093	0.4	0.28368200836820084	0.5387596899224806	0.7836065573770492	0.6937716262975778	1.0	0.4304635761589404	0.14634146341463414	0.41506276150627613	0.631578947368421	0.2549019607843137	0.47676669893514034	0.399163179916318	0.3514644351464435	0.47447698744769873	0.6774058577405858	0.20123839009287925	0.3742690058479532	0.4351145038167939	1.0	0	0.35648535564853556	0.0	0.497907949790795	0.603765690376569	0.0	0.50418410041841	0.5615062761506276	0.4690376569037657	0.4685714285714286	0.18503937007874016	0.7580645161290323	0.6060606060606061	0.8786163522012579	0.18503937007874016	0.6666666666666666	0.7401574803149606	0.9064327485380117	0.6523012552301255	0.4690376569037657	0.6313807531380753	0.3698630136986301	
0.6762261014131339	1.0	0.5556940980881131	0.6654197838736492	0.7050209205020921	0.5760233918128655	0.4831410825199645	0.31343283582089554	0.15828677839851024	0.5521415270018621	0.7283582089552239	0.586046511627907	0.517799352750809	0.4	0.31255195344970904	0.35400516795865633	0.7032786885245902	0.6643598615916955	0.0	0.15562913907284767	0.14634146341463414	0.49044056525353286	0.631578947368421	0.2549019607843137	0.3465634075508228	0.2772236076475478	0.29052369077306733	0.3657522859517872	0.5881130507065669	0.25386996904024767	0.24853801169590642	0.15521628498727735	0.7391304347826086	0.35648535564853556	0	0.9333333333333333	0.4114713216957606	0.5606816292601828	0.2457627118644068	0.4197838736492103	0.46384039900249374	0.3873649210307564	0.5	0.18503937007874016	0.03225806451612903	0.43636363636363634	0.8710691823899371	0.18503937007874016	0.030303030303030304	0.7401574803149606	0.8859649122807017	0.6118038237738986	0.3873649210307564	0.5536159600997507	0.3315068493150685	
0.5333333333333333	1.0	0.9333333333333333	0.9333333333333333	0.9333333333333333	1.0	0.9333333333333333	1.0	1.0	1.0	1.0	1.0	1.0	1.0	0.9333333333333333	1.0	0.9333333333333333	1.0	1.0	1.0	1.0	0.06666666666666667	1.0	1.0	1.0	0.9333333333333333	0.9333333333333333	1.0	1.0	1.0	1.0	1.0	1.0	0.0	0.9333333333333333	0	0.9333333333333333	1.0	1.0	0.9333333333333333	0.9333333333333333	1.0	1.0	1.0	1.0	1.0	1.0	1.0	1.0	1.0	1.0	0.9333333333333333	1.0	0.9333333333333333	1.0	
0.7031888798037612	1.0	0.5810473815461347	0.6524938675388389	0.6617852161785216	0.5409356725146199	0.5110913930789707	0.33134328358208953	0.22439478584729983	0.5931098696461825	0.5850746268656717	0.5162790697674419	0.598705501618123	0.4	0.4766966475878986	0.39405684754521964	0.7557377049180328	0.6522491349480969	0.26666666666666666	0.28807947019867547	0.14634146341463414	0.5392477514309076	0.5789473684210527	0.2549019607843137	0.45885769603097776	0.45053147996729354	0.44439901880621424	0.46852003270645953	0.5302534750613246	0.39164086687306504	0.30994152046783624	0.21246819338422393	1.0	0.497907949790795	0.4114713216957606	0.9333333333333333	0	0.6296758104738155	0.288135593220339	0.4538021259198692	0.4697465249386754	0.43093465674110837	0.5542857142857143	0.3346456692913386	0.5806451612903226	0.32727272727272727	0.8553459119496856	0.3346456692913386	0.36363636363636365	0.6023622047244095	0.8859649122807017	0.6762060506950123	0.43093465674110837	0.6099754701553557	0.4657534246575342	
0.7689110556940981	1.0	0.7065669160432253	0.7348295926849543	0.7894002789400278	0.6461988304093568	0.6446317657497782	0.42686567164179107	0.5288640595903166	0.7085661080074488	0.7507462686567165	0.8116279069767441	0.6747572815533981	0.7333333333333333	0.5698254364089775	0.624031007751938	0.8622950819672132	0.6124567474048442	1.0	0.34105960264900664	0.12195121951219512	0.6479634247714048	0.8947368421052632	0.29411764705882354	0.5648596321393998	0.5498753117206983	0.5440565253532834	0.6093100581878637	0.6479634247714048	0.48142414860681115	0.6052631578947368	0.5623409669211196	1.0	0.603765690376569	0.5606816292601828	1.0	0.6296758104738155	0	0.8305084745762712	0.5706566916043225	0.6650041562759768	0.5993349958437241	0.5714285714285714	0.3228346456692913	0.9032258064516129	0.6212121212121212	0.8433962264150944	0.3228346456692913	0.8181818181818182	0.7401574803149606	0.7368421052631579	0.7331670822942643	0.5993349958437241	0.7506234413965087	0.4808219178082192	
0.5677966101694916	1.0	0.288135593220339	0.5847457627118644	1.0	0.6101694915254238	0.5508474576271186	1.0	0.2457627118644068	0.5423728813559322	1.0	1.0	0.9576271186440678	1.0	0.2457627118644068	0.2457627118644068	1.0	1.0	1.0	0.5254237288135594	1.0	0.6101694915254238	1.0	0.5882352941176471	0.5254237288135594	0.2457627118644068	0.2457627118644068	0.2457627118644068	0.5677966101694916	1.0	0.2457627118644068	0.2457627118644068	1.0	0.0	0.2457627118644068	1.0	0.288135593220339	0.8305084745762712	0	0.288135593220339	0.2457627118644068	0.2457627118644068	1.0	1.0	1.0	0.6101694915254238	0.6271186440677966	1.0	1.0	1.0	0.8813559322033898	0.3220338983050847	0.2457627118644068	0.2457627118644068	1.0	
0.7076860179885527	1.0	0.6026600166251039	0.6762060506950123	0.6889818688981869	0.5409356725146199	0.5288376220053239	0.42686567164179107	0.32122905027932963	0.6080074487895717	0.6059701492537314	0.7744186046511627	0.6375404530744336	0.7333333333333333	0.42027800490596895	0.43281653746770027	0.6901639344262295	0.532871972318339	0.0	0.3344370860927152	0.14634146341463414	0.5776778413736713	0.8947368421052632	0.2549019607843137	0.4888673765730881	0.43008994276369583	0.4513491414554375	0.5245298446443173	0.5572363041700736	0.4055727554179567	0.30994152046783624	0.34478371501272265	1.0	0.50418410041841	0.4197838736492103	0.9333333333333333	0.4538021259198692	0.5706566916043225	0.288135593220339	0	0.5376124284546198	0.42431761786600497	0.4828571428571429	0.2559055118110236	0.1935483870967742	0.4090909090909091	0.8522012578616353	0.2559055118110236	0.0	0.7401574803149606	0.8362573099415205	0.6520850367947669	0.42431761786600497	0.5977105478331971	0.37534246575342467	
0.6794766966475879	1.0	0.6130507065669161	0.6079313164349959	0.5885634588563459	0.49122807017543857	0.6672582076308784	0.4388059701492537	0.32122905027932963	0.5754189944134078	0.5014925373134328	0.42790697674418604	0.6423948220064725	0.4	0.47914963205233035	0.3850129198966408	0.5377049180327869	0.5934256055363322	0.0	0.26490066225165565	0.0	0.6275551921504497	0.0	0.2549019607843137	0.43126815101645694	0.45748160261651677	0.48896156991005724	0.5147179067865904	0.6541291905151267	0.4845201238390093	0.2719298245614035	0.3244274809160305	0.7391304347826086	0.5615062761506276	0.46384039900249374	0.9333333333333333	0.4697465249386754	0.6650041562759768	0.2457627118644068	0.5376124284546198	0	0.5413564929693961	0.5142857142857142	0.3425196850393701	0.0	0.37272727272727274	0.8572327044025158	0.3425196850393701	0.0	0.6141732283464567	0.8918128654970761	0.553147996729354	0.5413564929693961	0.6508585445625511	0.4547945205479452	
0.7001654259718776	1.0	0.5656691604322527	0.6579818031430935	0.7078103207810321	0.5467836257309941	0.4605146406388642	0.3746268656716418	0.24022346368715083	0.5586592178770949	0.6940298507462687	0.6046511627906976	0.5339805825242718	0.4	0.41563275434243174	0.39664082687338503	0.659016393442623	0.759515570934256	0.26666666666666666	0.15562913907284767	0.45121951219512196	0.5694789081885856	0.0	0.2549019607843137	0.45498547918683446	0.4148056244830438	0.42431761786600497	0.40818858560794047	0.5818858560794045	0.2678018575851393	0.21929824561403508	0.2010178117048346	1.0	0.4690376569037657	0.3873649210307564	1.0	0.43093465674110837	0.5993349958437241	0.2457627118644068	0.42431761786600497	0.5413564929693961	0	0.5028571428571429	0.20866141732283464	0.7741935483870968	0.4	0.8566037735849057	0.20866141732283464	0.6666666666666666	0.7244094488188977	0.8859649122807017	0.6877584780810587	0.0	0.5492142266335814	0.44794520547945205	
0.6257142857142857	1.0	0.46	0.5428571428571428	0.6342857142857142	1.0	0.7314285714285714	0.5371428571428571	1.0	1.0	0.64	1.0	1.0	1.0	0.5057142857142857	1.0	1.0	0.7657142857142857	1.0	1.0	1.0	0.5771428571428572	1.0	1.0	0.4514285714285714	0.43714285714285717	0.5371428571428571	0.45714285714285713	0.66	0.45714285714285713	1.0	1.0	1.0	0.4685714285714286	0.5	1.0	0.5542857142857143	0.5714285714285714	1.0	0.4828571428571429	0.5142857142857142	0.5028571428571429	0	0.22440944881889763	1.0	1.0	1.0	0.22440944881889763	1.0	0.7480314960629921	1.0	0.4742857142857143	0.5028571428571429	0.56	0.43714285714285717	
0.40551181102362205	1.0	0.15748031496062992	0.29133858267716534	0.33858267716535434	1.0	0.65748031496063	0.2952755905511811	1.0	1.0	0.40551181102362205	1.0	1.0	1.0	0.24015748031496062	1.0	1.0	0.6732283464566929	1.0	1.0	1.0	0.38188976377952755	1.0	1.0	0.14566929133858267	0.14566929133858267	0.2952755905511811	0.14566929133858267	0.4763779527559055	0.24015748031496062	1.0	1.0	1.0	0.18503937007874016	0.18503937007874016	1.0	0.3346456692913386	0.3228346456692913	1.0	0.2559055118110236	0.3425196850393701	0.20866141732283464	0.22440944881889763	0	1.0	1.0	1.0	0.0	1.0	0.7244094488188977	1.0	0.20078740157480315	0.20866141732283464	0.3346456692913386	0.14566929133858267	
0.3387096774193548	1.0	0.5645161290322581	0.9838709677419355	0.5645161290322581	1.0	0.5483870967741935	0.6774193548387096	1.0	1.0	0.6612903225806451	1.0	1.0	1.0	0.4032258064516129	1.0	0.3064516129032258	0.6290322580645161	0.0	1.0	1.0	0.4032258064516129	1.0	1.0	0.20967741935483872	0.03225806451612903	0.6935483870967742	0.41935483870967744	0.5806451612903226	0.6774193548387096	1.0	1.0	0.7391304347826086	0.7580645161290323	0.03225806451612903	1.0	0.5806451612903226	0.9032258064516129	1.0	0.1935483870967742	0.0	0.7741935483870968	1.0	1.0	0	1.0	1.0	1.0	0.0	1.0	1.0	0.7096774193548387	0.7741935483870968	0.5645161290322581	0.03225806451612903	
0.5727272727272728	1.0	0.4696969696969697	0.6090909090909091	1.0	0.5515151515151515	0.7727272727272727	1.0	0.3151515151515151	0.5424242424242425	1.0	0.8696969696969697	0.9606060606060606	1.0	0.44242424242424244	0.43636363636363634	1.0	1.0	1.0	0.423841059602649	1.0	0.5636363636363636	1.0	0.3431372549019608	0.4090909090909091	0.3151515151515151	0.49393939393939396	0.3151515151515151	0.5060606060606061	1.0	0.49393939393939396	0.3151515151515151	1.0	0.6060606060606061	0.43636363636363634	1.0	0.32727272727272727	0.6212121212121212	0.6101694915254238	0.4090909090909091	0.37272727272727274	0.4	1.0	1.0	1.0	0	0.6909090909090909	1.0	1.0	1.0	0.8545454545454545	0.47878787878787876	0.4	0.43333333333333335	1.0	
0.8867924528301887	1.0	0.8742138364779874	0.7968553459119497	0.9741980474198048	0.6169590643274854	0.9044025157232705	1.0	0.7998137802607076	0.74487895716946	1.0	0.8906976744186047	0.8818770226537217	1.0	0.8408805031446541	0.7454780361757106	0.9606557377049181	1.0	1.0	0.7152317880794702	0.7439024390243902	0.8522012578616353	1.0	0.7450980392156863	0.8842767295597485	0.8534591194968554	0.8484276729559749	0.8647798742138365	0.8710691823899371	1.0	0.5672514619883041	0.7786259541984732	1.0	0.8786163522012579	0.8710691823899371	1.0	0.8553459119496856	0.8433962264150944	0.6271186440677966	0.8522012578616353	0.8572327044025158	0.8566037735849057	1.0	1.0	1.0	0.6909090909090909	0	1.0	1.0	1.0	0.6549707602339181	0.8672955974842768	0.8566037735849057	0.9106918238993711	1.0	
0.40551181102362205	1.0	0.15748031496062992	0.29133858267716534	0.33858267716535434	1.0	0.65748031496063	0.2952755905511811	1.0	1.0	0.40551181102362205	1.0	1.0	1.0	0.24015748031496062	1.0	1.0	0.6732283464566929	1.0	1.0	1.0	0.38188976377952755	1.0	1.0	0.14566929133858267	0.14566929133858267	0.2952755905511811	0.14566929133858267	0.4763779527559055	0.24015748031496062	1.0	1.0	1.0	0.18503937007874016	0.18503937007874016	1.0	0.3346456692913386	0.3228346456692913	1.0	0.2559055118110236	0.3425196850393701	0.20866141732283464	0.22440944881889763	0.0	1.0	1.0	1.0	0	1.0	0.7244094488188977	1.0	0.20078740157480315	0.20866141732283464	0.3346456692913386	0.14566929133858267	
0.030303030303030304	1.0	0.21212121212121213	1.0	0.24242424242424243	1.0	0.21212121212121213	0.3939393939393939	1.0	1.0	0.36363636363636365	1.0	1.0	1.0	0.6363636363636364	1.0	0.0	0.42424242424242425	0.0	1.0	1.0	0.6363636363636364	1.0	1.0	0.0	0.030303030303030304	0.8181818181818182	0.3939393939393939	0.36363636363636365	0.3939393939393939	1.0	1.0	1.0	0.6666666666666666	0.030303030303030304	1.0	0.36363636363636365	0.8181818181818182	1.0	0.0	0.0	0.6666666666666666	1.0	1.0	0.0	1.0	1.0	1.0	0	1.0	1.0	0.6363636363636364	0.6666666666666666	0.6363636363636364	0.030303030303030304	
0.7795275590551181	1.0	0.6653543307086615	0.7401574803149606	0.5866141732283464	1.0	0.7637795275590551	0.6023622047244095	1.0	1.0	0.562992125984252	1.0	1.0	1.0	0.7480314960629921	1.0	1.0	0.9173228346456693	1.0	1.0	1.0	0.7559055118110236	1.0	1.0	0.7401574803149606	0.7401574803149606	0.6023622047244095	0.7401574803149606	0.594488188976378	0.7559055118110236	1.0	1.0	1.0	0.7401574803149606	0.7401574803149606	1.0	0.6023622047244095	0.7401574803149606	1.0	0.7401574803149606	0.6141732283464567	0.7244094488188977	0.7480314960629921	0.7244094488188977	1.0	1.0	1.0	0.7244094488188977	1.0	0	1.0	0.7519685039370079	0.7244094488188977	0.7480314960629921	0.7401574803149606	
0.8157894736842105	1.0	0.8859649122807017	0.7807017543859649	1.0	0.7865497076023392	0.9678362573099415	1.0	0.8859649122807017	0.7748538011695907	1.0	0.9590643274853801	0.9766081871345029	1.0	0.8538011695906432	0.868421052631579	1.0	1.0	1.0	0.8145695364238411	1.0	0.7982456140350878	1.0	0.7254901960784313	0.8567251461988304	0.8859649122807017	0.8742690058479532	0.8859649122807017	0.7339181286549707	1.0	0.8771929824561403	0.8859649122807017	1.0	0.9064327485380117	0.8859649122807017	1.0	0.8859649122807017	0.7368421052631579	0.8813559322033898	0.8362573099415205	0.8918128654970761	0.8859649122807017	1.0	1.0	1.0	0.8545454545454545	0.6549707602339181	1.0	1.0	1.0	0	0.8859649122807017	0.8859649122807017	0.8567251461988304	1.0	
0.7559280457890434	1.0	0.683291770573566	0.5964840556009812	0.7440725244072525	0.5818713450292398	0.7661934338952973	0.5477611940298508	0.6201117318435754	0.723463687150838	0.7477611940298508	0.8767441860465116	0.8915857605177994	0.26666666666666666	0.6193785772690106	0.6744186046511628	0.7868852459016393	0.6747404844290658	0.8	0.5198675496688742	0.4268292682926829	0.7305805396565822	0.5789473684210527	0.2549019607843137	0.60648596321394	0.6038430089942763	0.6508585445625511	0.6553556827473426	0.7260834014717906	0.48297213622291024	0.4239766081871345	0.6055979643765903	1.0	0.6523012552301255	0.6118038237738986	0.9333333333333333	0.6762060506950123	0.7331670822942643	0.3220338983050847	0.6520850367947669	0.553147996729354	0.6877584780810587	0.4742857142857143	0.20078740157480315	0.7096774193548387	0.47878787878787876	0.8672955974842768	0.20078740157480315	0.6363636363636364	0.7519685039370079	0.8859649122807017	0	0.6877584780810587	0.7207686017988553	0.4767123287671233	
