0	0.5808080808080808	0.6192660550458715	0.6651376146788991	0.3211009174311927	0.3623853211009174	0.0	0.2411764705882353	0.3532110091743119	0.09859154929577464	0.38990825688073394	0.481651376146789	0.3924731182795699	0.23563218390804597	0.3924731182795699	0.22043010752688172	0.13076923076923078	0.20967741935483872	0.22043010752688172	0.3153846153846154	0.3978494623655914	0.0	0.19014084507042253	0.35454545454545455	0.2903225806451613	0.35454545454545455	0.3577981651376147	0.19014084507042253	0.7582417582417582	0.5045871559633027	0.38073394495412843	0.19014084507042253	0.2903225806451613	0.3978494623655914	
0.5808080808080808	0	0.8080808080808081	0.797979797979798	0.494949494949495	0.5353535353535354	0.15384615384615385	0.4823529411764706	0.3383838383838384	0.3732394366197183	0.31313131313131315	0.5606060606060606	0.532258064516129	0.47701149425287354	0.532258064516129	0.45698924731182794	0.4230769230769231	0.5483870967741935	0.45698924731182794	0.5230769230769231	0.27956989247311825	0.5135135135135135	0.44366197183098594	0.4	0.510752688172043	0.4	0.5353535353535354	0.44366197183098594	0.8846153846153846	0.3888888888888889	0.5454545454545454	0.44366197183098594	0.510752688172043	0.27956989247311825	
0.6192660550458715	0.8080808080808081	0	0.40336134453781514	0.5165289256198347	0.5588235294117647	1.0	0.4411764705882353	0.5082644628099173	0.6056338028169014	0.48760330578512395	0.6486486486486487	0.5806451612903226	0.4540229885057471	0.5806451612903226	0.489247311827957	0.5384615384615384	0.43548387096774194	0.489247311827957	0.4076923076923077	0.5698924731182796	0.32432432432432434	0.5352112676056338	0.6545454545454545	0.43548387096774194	0.6545454545454545	0.5165289256198347	0.5352112676056338	0.9340659340659341	0.5578512396694215	0.5247933884297521	0.5352112676056338	0.43548387096774194	0.5698924731182796	
0.6651376146788991	0.797979797979798	0.40336134453781514	0	0.592436974789916	0.542016806722689	1.0	0.48823529411764705	0.5840336134453782	0.6619718309859155	0.42016806722689076	0.6396396396396397	0.5698924731182796	0.5	0.5698924731182796	0.532258064516129	0.6307692307692307	0.6290322580645161	0.532258064516129	0.4461538461538462	0.5591397849462365	0.5945945945945946	0.6056338028169014	0.6545454545454545	0.489247311827957	0.6545454545454545	0.592436974789916	0.6056338028169014	0.9725274725274725	0.6428571428571429	0.5084033613445378	0.6056338028169014	0.489247311827957	0.5591397849462365	
0.3211009174311927	0.494949494949495	0.5165289256198347	0.592436974789916	0	0.07142857142857142	0.0	0.17058823529411765	0.2231404958677686	0.028169014084507043	0.34297520661157027	0.4369369369369369	0.3279569892473118	0.16666666666666666	0.3279569892473118	0.15591397849462366	0.1	0.20967741935483872	0.15591397849462366	0.2230769230769231	0.3333333333333333	0.0	0.11971830985915492	0.35454545454545455	0.22580645161290322	0.35454545454545455	0.03305785123966942	0.11971830985915492	0.7252747252747253	0.3512396694214876	0.10330578512396695	0.11971830985915492	0.22580645161290322	0.3333333333333333	
0.3623853211009174	0.5353535353535354	0.5588235294117647	0.542016806722689	0.07142857142857142	0	0.0	0.17058823529411765	0.29831932773109243	0.09154929577464789	0.31512605042016806	0.4774774774774775	0.3763440860215054	0.16666666666666666	0.3763440860215054	0.20430107526881722	0.11538461538461539	0.24193548387096775	0.20430107526881722	0.2230769230769231	0.3763440860215054	0.10810810810810811	0.13380281690140844	0.36363636363636365	0.23655913978494625	0.36363636363636365	0.05042016806722689	0.13380281690140844	0.7252747252747253	0.39915966386554624	0.046218487394957986	0.13380281690140844	0.23655913978494625	0.3763440860215054	
0.0	0.15384615384615385	1.0	1.0	0.0	0.0	0	0.0	0.0	0.0	0.15384615384615385	0.0	0.0	0.0	0.0	0.0	0.0	0.0	0.0	0.0	0.15384615384615385	0.9230769230769231	0.0	0.38461538461538464	0.0	0.38461538461538464	0.0	0.0	0.0	0.0	0.0	0.0	0.0	0.15384615384615385	
0.2411764705882353	0.4823529411764706	0.4411764705882353	0.48823529411764705	0.17058823529411765	0.17058823529411765	0.0	0	0.19411764705882353	0.11267605633802817	0.17647058823529413	0.17647058823529413	0.17647058823529413	0.0	0.17647058823529413	0.0	0.13846153846153847	0.2903225806451613	0.0	0.0	0.17647058823529413	0.16216216216216217	0.1267605633802817	0.39090909090909093	0.011764705882352941	0.39090909090909093	0.17058823529411765	0.1267605633802817	0.7235294117647059	0.24705882352941178	0.18235294117647058	0.1267605633802817	0.011764705882352941	0.17647058823529413	
0.3532110091743119	0.3383838383838384	0.5082644628099173	0.5840336134453782	0.2231404958677686	0.29831932773109243	0.0	0.19411764705882353	0	0.14084507042253522	0.3512396694214876	0.45495495495495497	0.34946236559139787	0.1896551724137931	0.34946236559139787	0.1774193548387097	0.19230769230769232	0.20967741935483872	0.1774193548387097	0.25384615384615383	0.3548387096774194	0.0	0.2323943661971831	0.37272727272727274	0.24731182795698925	0.37272727272727274	0.256198347107438	0.2323943661971831	0.7307692307692307	0.1859504132231405	0.32644628099173556	0.2323943661971831	0.24731182795698925	0.3548387096774194	
0.09859154929577464	0.3732394366197183	0.6056338028169014	0.6619718309859155	0.028169014084507043	0.09154929577464789	0.0	0.11267605633802817	0.14084507042253522	0	0.2323943661971831	0.22535211267605634	0.22535211267605634	0.08450704225352113	0.22535211267605634	0.0	0.1	0.20967741935483872	0.0	0.3384615384615385	0.2323943661971831	0.0	0.09154929577464789	0.35454545454545455	0.09154929577464789	0.35454545454545455	0.08450704225352113	0.09154929577464789	0.6690140845070423	0.2323943661971831	0.11971830985915492	0.09154929577464789	0.09154929577464789	0.2323943661971831	
0.38990825688073394	0.31313131313131315	0.48760330578512395	0.42016806722689076	0.34297520661157027	0.31512605042016806	0.15384615384615385	0.17647058823529413	0.3512396694214876	0.2323943661971831	0	0.3738738738738739	0.25268817204301075	0.1781609195402299	0.25268817204301075	0.1774193548387097	0.33076923076923076	0.5483870967741935	0.1774193548387097	0.12307692307692308	0.0	0.5135135135135135	0.3028169014084507	0.38181818181818183	0.23118279569892472	0.38181818181818183	0.3760330578512397	0.3028169014084507	0.8846153846153846	0.4834710743801653	0.3347107438016529	0.3028169014084507	0.23118279569892472	0.0	
0.481651376146789	0.5606060606060606	0.6486486486486487	0.6396396396396397	0.4369369369369369	0.4774774774774775	0.0	0.17647058823529413	0.45495495495495497	0.22535211267605634	0.3738738738738739	0	0.0	0.1724137931034483	0.0	0.17204301075268819	0.34615384615384615	0.5806451612903226	0.17204301075268819	0.1	0.25268817204301075	0.5405405405405406	0.31690140845070425	0.509090909090909	0.24193548387096775	0.509090909090909	0.47297297297297297	0.31690140845070425	0.8241758241758241	0.545045045045045	0.4954954954954955	0.31690140845070425	0.24193548387096775	0.25268817204301075	
0.3924731182795699	0.532258064516129	0.5806451612903226	0.5698924731182796	0.3279569892473118	0.3763440860215054	0.0	0.17647058823529413	0.34946236559139787	0.22535211267605634	0.25268817204301075	0.0	0	0.1724137931034483	0.0	0.17204301075268819	0.34615384615384615	0.5806451612903226	0.17204301075268819	0.1	0.25268817204301075	0.5405405405405406	0.31690140845070425	0.509090909090909	0.24193548387096775	0.509090909090909	0.3709677419354839	0.31690140845070425	0.8241758241758241	0.45698924731182794	0.3978494623655914	0.31690140845070425	0.24193548387096775	0.25268817204301075	
0.23563218390804597	0.47701149425287354	0.4540229885057471	0.5	0.16666666666666666	0.16666666666666666	0.0	0.0	0.1896551724137931	0.08450704225352113	0.1781609195402299	0.1724137931034483	0.1724137931034483	0	0.1724137931034483	0.0	0.13076923076923078	0.27419354838709675	0.0	0.0	0.1781609195402299	0.10810810810810811	0.11971830985915492	0.38181818181818183	0.028735632183908046	0.38181818181818183	0.16666666666666666	0.11971830985915492	0.7241379310344828	0.25862068965517243	0.19540229885057472	0.11971830985915492	0.028735632183908046	0.1781609195402299	
0.3924731182795699	0.532258064516129	0.5806451612903226	0.5698924731182796	0.3279569892473118	0.3763440860215054	0.0	0.17647058823529413	0.34946236559139787	0.22535211267605634	0.25268817204301075	0.0	0.0	0.1724137931034483	0	0.17204301075268819	0.34615384615384615	0.5806451612903226	0.17204301075268819	0.1	0.25268817204301075	0.5405405405405406	0.31690140845070425	0.509090909090909	0.24193548387096775	0.509090909090909	0.3709677419354839	0.31690140845070425	0.8241758241758241	0.45698924731182794	0.3978494623655914	0.31690140845070425	0.24193548387096775	0.25268817204301075	
0.22043010752688172	0.45698924731182794	0.489247311827957	0.532258064516129	0.15591397849462366	0.20430107526881722	0.0	0.0	0.1774193548387097	0.0	0.1774193548387097	0.17204301075268819	0.17204301075268819	0.0	0.17204301075268819	0	0.1	0.20967741935483872	0.0	0.0	0.1774193548387097	0.0	0.09154929577464789	0.35454545454545455	0.06989247311827956	0.35454545454545455	0.1989247311827957	0.09154929577464789	0.7307692307692307	0.2849462365591398	0.22580645161290322	0.09154929577464789	0.06989247311827956	0.1774193548387097	
0.13076923076923078	0.4230769230769231	0.5384615384615384	0.6307692307692307	0.1	0.11538461538461539	0.0	0.13846153846153847	0.19230769230769232	0.1	0.33076923076923076	0.34615384615384615	0.34615384615384615	0.13076923076923078	0.34615384615384615	0.1	0	0.0	0.1	0.4307692307692308	0.33076923076923076	0.21621621621621623	0.0	0.2818181818181818	0.0	0.2818181818181818	0.11538461538461539	0.0	0.6692307692307692	0.09230769230769231	0.0	0.0	0.0	0.33076923076923076	
0.20967741935483872	0.5483870967741935	0.43548387096774194	0.6290322580645161	0.20967741935483872	0.24193548387096775	0.0	0.2903225806451613	0.20967741935483872	0.20967741935483872	0.5483870967741935	0.5806451612903226	0.5806451612903226	0.27419354838709675	0.5806451612903226	0.20967741935483872	0.0	0	0.20967741935483872	0.6290322580645161	0.5483870967741935	0.21621621621621623	0.0	0.43548387096774194	0.0	0.43548387096774194	0.24193548387096775	0.0	0.5483870967741935	0.0	0.0	0.0	0.0	0.5483870967741935	
0.22043010752688172	0.45698924731182794	0.489247311827957	0.532258064516129	0.15591397849462366	0.20430107526881722	0.0	0.0	0.1774193548387097	0.0	0.1774193548387097	0.17204301075268819	0.17204301075268819	0.0	0.17204301075268819	0.0	0.1	0.20967741935483872	0	0.0	0.1774193548387097	0.0	0.09154929577464789	0.35454545454545455	0.06989247311827956	0.35454545454545455	0.1989247311827957	0.09154929577464789	0.7307692307692307	0.2849462365591398	0.22580645161290322	0.09154929577464789	0.06989247311827956	0.1774193548387097	
0.3153846153846154	0.5230769230769231	0.4076923076923077	0.4461538461538462	0.2230769230769231	0.2230769230769231	0.0	0.0	0.25384615384615383	0.3384615384615385	0.12307692307692308	0.1	0.1	0.0	0.1	0.0	0.4307692307692308	0.6290322580645161	0.0	0	0.12307692307692308	0.7027027027027027	0.3384615384615385	0.6363636363636364	0.0	0.6363636363636364	0.2230769230769231	0.3384615384615385	0.7384615384615385	0.3076923076923077	0.2230769230769231	0.3384615384615385	0.0	0.12307692307692308	
0.3978494623655914	0.27956989247311825	0.5698924731182796	0.5591397849462365	0.3333333333333333	0.3763440860215054	0.15384615384615385	0.17647058823529413	0.3548387096774194	0.2323943661971831	0.0	0.25268817204301075	0.25268817204301075	0.1781609195402299	0.25268817204301075	0.1774193548387097	0.33076923076923076	0.5483870967741935	0.1774193548387097	0.12307692307692308	0	0.5135135135135135	0.3028169014084507	0.38181818181818183	0.23118279569892472	0.38181818181818183	0.3763440860215054	0.3028169014084507	0.8846153846153846	0.44623655913978494	0.3870967741935484	0.3028169014084507	0.23118279569892472	0.0	
0.0	0.5135135135135135	0.32432432432432434	0.5945945945945946	0.0	0.10810810810810811	0.9230769230769231	0.16216216216216217	0.0	0.0	0.5135135135135135	0.5405405405405406	0.5405405405405406	0.10810810810810811	0.5405405405405406	0.0	0.21621621621621623	0.21621621621621623	0.0	0.7027027027027027	0.5135135135135135	0	0.21621621621621623	0.6486486486486487	0.21621621621621623	0.6486486486486487	0.10810810810810811	0.21621621621621623	0.5945945945945946	0.21621621621621623	0.21621621621621623	0.21621621621621623	0.21621621621621623	0.5135135135135135	
0.19014084507042253	0.44366197183098594	0.5352112676056338	0.6056338028169014	0.11971830985915492	0.13380281690140844	0.0	0.1267605633802817	0.2323943661971831	0.09154929577464789	0.3028169014084507	0.31690140845070425	0.31690140845070425	0.11971830985915492	0.31690140845070425	0.09154929577464789	0.0	0.0	0.09154929577464789	0.3384615384615385	0.3028169014084507	0.21621621621621623	0	0.2818181818181818	0.0	0.2818181818181818	0.13380281690140844	0.0	0.6830985915492958	0.14084507042253522	0.028169014084507043	0.0	0.0	0.3028169014084507	
0.35454545454545455	0.4	0.6545454545454545	0.6545454545454545	0.35454545454545455	0.36363636363636365	0.38461538461538464	0.39090909090909093	0.37272727272727274	0.35454545454545455	0.38181818181818183	0.509090909090909	0.509090909090909	0.38181818181818183	0.509090909090909	0.35454545454545455	0.2818181818181818	0.43548387096774194	0.35454545454545455	0.6363636363636364	0.38181818181818183	0.6486486486486487	0.2818181818181818	0	0.2818181818181818	0.0	0.36363636363636365	0.2818181818181818	0.8909090909090909	0.3	0.2818181818181818	0.2818181818181818	0.2818181818181818	0.38181818181818183	
0.2903225806451613	0.510752688172043	0.43548387096774194	0.489247311827957	0.22580645161290322	0.23655913978494625	0.0	0.011764705882352941	0.24731182795698925	0.09154929577464789	0.23118279569892472	0.24193548387096775	0.24193548387096775	0.028735632183908046	0.24193548387096775	0.06989247311827956	0.0	0.0	0.06989247311827956	0.0	0.23118279569892472	0.21621621621621623	0.0	0.2818181818181818	0	0.2818181818181818	0.23655913978494625	0.0	0.7417582417582418	0.21505376344086022	0.15591397849462366	0.0	0.0	0.23118279569892472	
0.35454545454545455	0.4	0.6545454545454545	0.6545454545454545	0.35454545454545455	0.36363636363636365	0.38461538461538464	0.39090909090909093	0.37272727272727274	0.35454545454545455	0.38181818181818183	0.509090909090909	0.509090909090909	0.38181818181818183	0.509090909090909	0.35454545454545455	0.2818181818181818	0.43548387096774194	0.35454545454545455	0.6363636363636364	0.38181818181818183	0.6486486486486487	0.2818181818181818	0.0	0.2818181818181818	0	0.36363636363636365	0.2818181818181818	0.8909090909090909	0.3	0.2818181818181818	0.2818181818181818	0.2818181818181818	0.38181818181818183	
0.3577981651376147	0.5353535353535354	0.5165289256198347	0.592436974789916	0.03305785123966942	0.05042016806722689	0.0	0.17058823529411765	0.256198347107438	0.08450704225352113	0.3760330578512397	0.47297297297297297	0.3709677419354839	0.16666666666666666	0.3709677419354839	0.1989247311827957	0.11538461538461539	0.24193548387096775	0.1989247311827957	0.2230769230769231	0.3763440860215054	0.10810810810810811	0.13380281690140844	0.36363636363636365	0.23655913978494625	0.36363636363636365	0	0.13380281690140844	0.7252747252747253	0.359504132231405	0.1115702479338843	0.13380281690140844	0.23655913978494625	0.3763440860215054	
0.19014084507042253	0.44366197183098594	0.5352112676056338	0.6056338028169014	0.11971830985915492	0.13380281690140844	0.0	0.1267605633802817	0.2323943661971831	0.09154929577464789	0.3028169014084507	0.31690140845070425	0.31690140845070425	0.11971830985915492	0.31690140845070425	0.09154929577464789	0.0	0.0	0.09154929577464789	0.3384615384615385	0.3028169014084507	0.21621621621621623	0.0	0.2818181818181818	0.0	0.2818181818181818	0.13380281690140844	0	0.6830985915492958	0.14084507042253522	0.028169014084507043	0.0	0.0	0.3028169014084507	
0.7582417582417582	0.8846153846153846	0.9340659340659341	0.9725274725274725	0.7252747252747253	0.7252747252747253	0.0	0.7235294117647059	0.7307692307692307	0.6690140845070423	0.8846153846153846	0.8241758241758241	0.8241758241758241	0.7241379310344828	0.8241758241758241	0.7307692307692307	0.6692307692307692	0.5483870967741935	0.7307692307692307	0.7384615384615385	0.8846153846153846	0.5945945945945946	0.6830985915492958	0.8909090909090909	0.7417582417582418	0.8909090909090909	0.7252747252747253	0.6830985915492958	0	0.7417582417582418	0.7362637362637363	0.6830985915492958	0.7417582417582418	0.8846153846153846	
0.5045871559633027	0.3888888888888889	0.5578512396694215	0.6428571428571429	0.3512396694214876	0.39915966386554624	0.0	0.24705882352941178	0.1859504132231405	0.2323943661971831	0.4834710743801653	0.545045045045045	0.45698924731182794	0.25862068965517243	0.45698924731182794	0.2849462365591398	0.09230769230769231	0.0	0.2849462365591398	0.3076923076923077	0.44623655913978494	0.21621621621621623	0.14084507042253522	0.3	0.21505376344086022	0.3	0.359504132231405	0.14084507042253522	0.7417582417582418	0	0.34710743801652894	0.14084507042253522	0.21505376344086022	0.44623655913978494	
0.38073394495412843	0.5454545454545454	0.5247933884297521	0.5084033613445378	0.10330578512396695	0.046218487394957986	0.0	0.18235294117647058	0.32644628099173556	0.11971830985915492	0.3347107438016529	0.4954954954954955	0.3978494623655914	0.19540229885057472	0.3978494623655914	0.22580645161290322	0.0	0.0	0.22580645161290322	0.2230769230769231	0.3870967741935484	0.21621621621621623	0.028169014084507043	0.2818181818181818	0.15591397849462366	0.2818181818181818	0.1115702479338843	0.028169014084507043	0.7362637362637363	0.34710743801652894	0	0.028169014084507043	0.15591397849462366	0.3870967741935484	
0.19014084507042253	0.44366197183098594	0.5352112676056338	0.6056338028169014	0.11971830985915492	0.13380281690140844	0.0	0.1267605633802817	0.2323943661971831	0.09154929577464789	0.3028169014084507	0.31690140845070425	0.31690140845070425	0.11971830985915492	0.31690140845070425	0.09154929577464789	0.0	0.0	0.09154929577464789	0.3384615384615385	0.3028169014084507	0.21621621621621623	0.0	0.2818181818181818	0.0	0.2818181818181818	0.13380281690140844	0.0	0.6830985915492958	0.14084507042253522	0.028169014084507043	0	0.0	0.3028169014084507	
0.2903225806451613	0.510752688172043	0.43548387096774194	0.489247311827957	0.22580645161290322	0.23655913978494625	0.0	0.011764705882352941	0.24731182795698925	0.09154929577464789	0.23118279569892472	0.24193548387096775	0.24193548387096775	0.028735632183908046	0.24193548387096775	0.06989247311827956	0.0	0.0	0.06989247311827956	0.0	0.23118279569892472	0.21621621621621623	0.0	0.2818181818181818	0.0	0.2818181818181818	0.23655913978494625	0.0	0.7417582417582418	0.21505376344086022	0.15591397849462366	0.0	0	0.23118279569892472	
0.3978494623655914	0.27956989247311825	0.5698924731182796	0.5591397849462365	0.3333333333333333	0.3763440860215054	0.15384615384615385	0.17647058823529413	0.3548387096774194	0.2323943661971831	0.0	0.25268817204301075	0.25268817204301075	0.1781609195402299	0.25268817204301075	0.1774193548387097	0.33076923076923076	0.5483870967741935	0.1774193548387097	0.12307692307692308	0.0	0.5135135135135135	0.3028169014084507	0.38181818181818183	0.23118279569892472	0.38181818181818183	0.3763440860215054	0.3028169014084507	0.8846153846153846	0.44623655913978494	0.3870967741935484	0.3028169014084507	0.23118279569892472	0	
