0	0.3523489932885906	0.4261744966442953	0.20134228187919462	0.6208053691275168	0.5805369127516778	0.0	0.4597315436241611	0.1728395061728395	0.5510204081632653	0.4732824427480916	0.6260504201680672	0.1791044776119403	1.0	0.6140939597315436	0.47315436241610737	0.6208053691275168	0.4228187919463087	0.38489208633093525	0.5458715596330275	0.43537414965986393	0.5374149659863946	0.0	0.6375838926174496	0.4563758389261745	0.3053691275167785	0.3859060402684564	0.5704697986577181	0.5338345864661654	0.31543624161073824	0.37919463087248323	0.3859060402684564	0.7483221476510067	0.46153846153846156	
0.3523489932885906	0	0.6731843575418994	0.4301675977653631	0.7419354838709677	0.8016759776536313	0.44692737430167595	0.5893854748603352	0.41358024691358025	0.6326530612244898	0.5	0.7310924369747899	0.34328358208955223	0.8461538461538461	0.8324022346368715	0.7067039106145251	0.7150837988826816	0.6564245810055865	0.5467625899280576	0.6284403669724771	0.6020408163265306	0.7244897959183674	0.44	0.7389937106918238	0.6479289940828402	0.37988826815642457	0.49162011173184356	0.6089385474860335	0.6654135338345865	0.5642458100558659	0.6424581005586593	0.49162011173184356	0.7254901960784313	0.28205128205128205	
0.4261744966442953	0.6731843575418994	0	0.44221105527638194	0.4258064516129032	0.5524861878453039	0.37185929648241206	0.4453551912568306	0.38271604938271603	0.6258503401360545	0.4618320610687023	0.5714285714285714	0.48507462686567165	0.0	0.6132596685082873	0.46685082872928174	0.6712707182320442	0.56353591160221	0.4568345323741007	0.4908256880733945	0.48299319727891155	0.4965986394557823	0.42	0.5628930817610063	0.5532544378698225	0.535175879396985	0.5165745856353591	0.542713567839196	0.5827067669172933	0.41899441340782123	0.3241206030150754	0.5165745856353591	0.6045751633986928	0.3333333333333333	
0.20134228187919462	0.4301675977653631	0.44221105527638194	0	0.6	0.643646408839779	0.16080402010050251	0.4016393442622951	0.1728395061728395	0.6768707482993197	0.5190839694656488	0.6680672268907563	0.5746268656716418	0.0	0.712707182320442	0.5607734806629834	0.7071823204419889	0.5497237569060773	0.5215827338129496	0.573394495412844	0.46598639455782315	0.5068027210884354	0.0	0.6037735849056604	0.48520710059171596	0.5150753768844221	0.5276243093922652	0.507537688442211	0.6691729323308271	0.41899441340782123	0.43467336683417085	0.5276243093922652	0.7091503267973857	0.6923076923076923	
0.6208053691275168	0.7419354838709677	0.4258064516129032	0.6	0	0.4161290322580645	0.46774193548387094	0.5451612903225806	0.654320987654321	0.3401360544217687	0.549618320610687	0.40336134453781514	0.47761194029850745	0.15384615384615385	0.5741935483870968	0.3741935483870968	0.42258064516129035	0.27741935483870966	0.6079136690647482	0.1926605504587156	0.24489795918367346	0.29931972789115646	0.44	0.5483870967741935	0.36774193548387096	0.5193548387096775	0.4290322580645161	0.5451612903225806	0.4548872180451128	0.5129032258064516	0.2967741935483871	0.4290322580645161	0.7254901960784313	0.0	
0.5805369127516778	0.8016759776536313	0.5524861878453039	0.643646408839779	0.4161290322580645	0	0.5248618784530387	0.5939226519337016	0.4506172839506173	0.43197278911564624	0.5687022900763359	0.31092436974789917	0.5522388059701493	0.15384615384615385	0.31215469613259667	0.2513812154696133	0.494475138121547	0.26243093922651933	0.6187050359712231	0.28440366972477066	0.23469387755102042	0.1598639455782313	0.14	0.46540880503144655	0.38461538461538464	0.5414364640883977	0.5359116022099447	0.649171270718232	0.6203007518796992	0.4664804469273743	0.45027624309392267	0.5359116022099447	0.7320261437908496	0.3333333333333333	
0.0	0.44692737430167595	0.37185929648241206	0.16080402010050251	0.46774193548387094	0.5248618784530387	0	0.3360655737704918	0.1728395061728395	0.46938775510204084	0.2824427480916031	0.4411764705882353	0.1791044776119403	0.0	0.5966850828729282	0.43646408839779005	0.5441988950276243	0.3812154696132597	0.38489208633093525	0.3073394495412844	0.2585034013605442	0.36054421768707484	0.0	0.5094339622641509	0.3875739644970414	0.3542713567839196	0.35082872928176795	0.4723618090452261	0.5338345864661654	0.2905027932960894	0.3241206030150754	0.35082872928176795	0.6830065359477124	0.46153846153846156	
0.4597315436241611	0.5893854748603352	0.4453551912568306	0.4016393442622951	0.5451612903225806	0.5939226519337016	0.3360655737704918	0	0.4012345679012346	0.5748299319727891	0.2824427480916031	0.4579831932773109	0.26119402985074625	0.0	0.6767955801104972	0.5276243093922652	0.5580110497237569	0.46685082872928174	0.5755395683453237	0.3256880733944954	0.36394557823129253	0.45918367346938777	0.42	0.3710691823899371	0.4171597633136095	0.3360655737704918	0.4005524861878453	0.3825136612021858	0.6353383458646616	0.3854748603351955	0.31420765027322406	0.4005524861878453	0.5	0.07692307692307693	
0.1728395061728395	0.41358024691358025	0.38271604938271603	0.1728395061728395	0.654320987654321	0.4506172839506173	0.1728395061728395	0.4012345679012346	0	0.7345679012345679	0.7962962962962963	0.8641975308641975	0.8582089552238806	1.0	0.46296296296296297	0.3271604938271605	0.7901234567901234	0.4074074074074074	0.4506172839506173	0.9259259259259259	0.5555555555555556	0.5555555555555556	0.0	0.654320987654321	0.2839506172839506	0.24074074074074073	0.35802469135802467	0.5925925925925926	0.6358024691358025	0.2716049382716049	0.2037037037037037	0.35802469135802467	0.7962962962962963	1.0	
0.5510204081632653	0.6326530612244898	0.6258503401360545	0.6768707482993197	0.3401360544217687	0.43197278911564624	0.46938775510204084	0.5748299319727891	0.7345679012345679	0	0.29770992366412213	0.3403361344537815	0.208955223880597	0.6923076923076923	0.564625850340136	0.3401360544217687	0.35714285714285715	0.2108843537414966	0.43884892086330934	0.14678899082568808	0.2108843537414966	0.3469387755102041	0.44	0.5510204081632653	0.3469387755102041	0.40816326530612246	0.32653061224489793	0.6530612244897959	0.49624060150375937	0.3877551020408163	0.4897959183673469	0.32653061224489793	0.6462585034013606	0.0	
0.4732824427480916	0.5	0.4618320610687023	0.5190839694656488	0.549618320610687	0.5687022900763359	0.2824427480916031	0.2824427480916031	0.7962962962962963	0.29770992366412213	0	0.4327731092436975	0.0	0.5384615384615384	0.6183206106870229	0.4847328244274809	0.366412213740458	0.366412213740458	0.583969465648855	0.2706422018348624	0.366412213740458	0.5190839694656488	0.78	0.549618320610687	0.5190839694656488	0.1297709923664122	0.2824427480916031	0.5114503816793893	0.6412213740458015	0.15267175572519084	0.2824427480916031	0.2824427480916031	0.5687022900763359	0.0	
0.6260504201680672	0.7310924369747899	0.5714285714285714	0.6680672268907563	0.40336134453781514	0.31092436974789917	0.4411764705882353	0.4579831932773109	0.8641975308641975	0.3403361344537815	0.4327731092436975	0	0.417910447761194	0.15384615384615385	0.5336134453781513	0.2184873949579832	0.21008403361344538	0.16806722689075632	0.6680672268907563	0.1834862385321101	0.16806722689075632	0.29831932773109243	0.66	0.3697478991596639	0.2689075630252101	0.3907563025210084	0.3697478991596639	0.592436974789916	0.7689075630252101	0.5210084033613446	0.46218487394957986	0.3697478991596639	0.7815126050420168	0.5128205128205128	
0.1791044776119403	0.34328358208955223	0.48507462686567165	0.5746268656716418	0.47761194029850745	0.5522388059701493	0.1791044776119403	0.26119402985074625	0.8582089552238806	0.208955223880597	0.0	0.417910447761194	0	1.0	0.5746268656716418	0.417910447761194	0.208955223880597	0.208955223880597	0.31343283582089554	0.208955223880597	0.208955223880597	0.47761194029850745	1.0	0.4701492537313433	0.4552238805970149	0.0	0.0	0.6343283582089553	0.417910447761194	0.26865671641791045	0.26865671641791045	0.0	0.6268656716417911	0.0	
1.0	0.8461538461538461	0.0	0.0	0.15384615384615385	0.15384615384615385	0.0	0.0	1.0	0.6923076923076923	0.5384615384615384	0.15384615384615385	1.0	0	1.0	0.15384615384615385	0.15384615384615385	0.15384615384615385	1.0	0.15384615384615385	0.15384615384615385	0.15384615384615385	1.0	0.15384615384615385	0.15384615384615385	0.5384615384615384	0.15384615384615385	0.0	1.0	0.5384615384615384	0.0	0.15384615384615385	0.6923076923076923	1.0	
0.6140939597315436	0.8324022346368715	0.6132596685082873	0.712707182320442	0.5741935483870968	0.31215469613259667	0.5966850828729282	0.6767955801104972	0.46296296296296297	0.564625850340136	0.6183206106870229	0.5336134453781513	0.5746268656716418	1.0	0	0.430939226519337	0.6353591160220995	0.35359116022099446	0.6258992805755396	0.5	0.43537414965986393	0.3877551020408163	0.0	0.610062893081761	0.5591715976331361	0.580110497237569	0.5911602209944752	0.6878453038674033	0.650375939849624	0.5279329608938548	0.5193370165745856	0.5911602209944752	0.7679738562091504	0.3333333333333333	
0.47315436241610737	0.7067039106145251	0.46685082872928174	0.5607734806629834	0.3741935483870968	0.2513812154696133	0.43646408839779005	0.5276243093922652	0.3271604938271605	0.3401360544217687	0.4847328244274809	0.2184873949579832	0.417910447761194	0.15384615384615385	0.430939226519337	0	0.4281767955801105	0.23204419889502761	0.49640287769784175	0.1834862385321101	0.1360544217687075	0.2108843537414966	0.0	0.389937106918239	0.27218934911242604	0.43646408839779005	0.430939226519337	0.5966850828729282	0.6165413533834586	0.49162011173184356	0.4281767955801105	0.430939226519337	0.7320261437908496	0.3333333333333333	
0.6208053691275168	0.7150837988826816	0.6712707182320442	0.7071823204419889	0.42258064516129035	0.494475138121547	0.5441988950276243	0.5580110497237569	0.7901234567901234	0.35714285714285715	0.366412213740458	0.21008403361344538	0.208955223880597	0.15384615384615385	0.6353591160220995	0.4281767955801105	0	0.31767955801104975	0.6870503597122302	0.0	0.21768707482993196	0.35374149659863946	0.76	0.49056603773584906	0.4349112426035503	0.46408839779005523	0.4447513812154696	0.643646408839779	0.6954887218045113	0.6368715083798883	0.5220994475138122	0.4447513812154696	0.7450980392156863	0.0	
0.4228187919463087	0.6564245810055865	0.56353591160221	0.5497237569060773	0.27741935483870966	0.26243093922651933	0.3812154696132597	0.46685082872928174	0.4074074074074074	0.2108843537414966	0.366412213740458	0.16806722689075632	0.208955223880597	0.15384615384615385	0.35359116022099446	0.23204419889502761	0.31767955801104975	0	0.5503597122302158	0.0	0.0	0.1360544217687075	0.0	0.3805031446540881	0.22485207100591717	0.3867403314917127	0.3756906077348066	0.569060773480663	0.556390977443609	0.4720670391061452	0.35359116022099446	0.3756906077348066	0.6928104575163399	0.0	
0.38489208633093525	0.5467625899280576	0.4568345323741007	0.5215827338129496	0.6079136690647482	0.6187050359712231	0.38489208633093525	0.5755395683453237	0.4506172839506173	0.43884892086330934	0.583969465648855	0.6680672268907563	0.31343283582089554	1.0	0.6258992805755396	0.49640287769784175	0.6870503597122302	0.5503597122302158	0	0.6100917431192661	0.5611510791366906	0.6187050359712231	0.44	0.6834532374100719	0.5431654676258992	0.4352517985611511	0.3489208633093525	0.6690647482014388	0.5	0.4244604316546763	0.539568345323741	0.3489208633093525	0.7985611510791367	0.3333333333333333	
0.5458715596330275	0.6284403669724771	0.4908256880733945	0.573394495412844	0.1926605504587156	0.28440366972477066	0.3073394495412844	0.3256880733944954	0.9259259259259259	0.14678899082568808	0.2706422018348624	0.1834862385321101	0.208955223880597	0.15384615384615385	0.5	0.1834862385321101	0.0	0.0	0.6100917431192661	0	0.0	0.1834862385321101	0.86	0.3165137614678899	0.1834862385321101	0.2706422018348624	0.16055045871559634	0.45871559633027525	0.6330275229357798	0.4541284403669725	0.3211009174311927	0.16055045871559634	0.6743119266055045	0.0	
0.43537414965986393	0.6020408163265306	0.48299319727891155	0.46598639455782315	0.24489795918367346	0.23469387755102042	0.2585034013605442	0.36394557823129253	0.5555555555555556	0.2108843537414966	0.366412213740458	0.16806722689075632	0.208955223880597	0.15384615384615385	0.43537414965986393	0.1360544217687075	0.21768707482993196	0.0	0.5611510791366906	0.0	0	0.1360544217687075	0.0	0.3435374149659864	0.1360544217687075	0.32653061224489793	0.3129251700680272	0.4897959183673469	0.5789473684210527	0.3673469387755102	0.2857142857142857	0.3129251700680272	0.6870748299319728	0.0	
0.5374149659863946	0.7244897959183674	0.4965986394557823	0.5068027210884354	0.29931972789115646	0.1598639455782313	0.36054421768707484	0.45918367346938777	0.5555555555555556	0.3469387755102041	0.5190839694656488	0.29831932773109243	0.47761194029850745	0.15384615384615385	0.3877551020408163	0.2108843537414966	0.35374149659863946	0.1360544217687075	0.6187050359712231	0.1834862385321101	0.1360544217687075	0	0.0	0.41496598639455784	0.22789115646258504	0.46258503401360546	0.4489795918367347	0.5374149659863946	0.6240601503759399	0.23129251700680273	0.3401360544217687	0.4489795918367347	0.6462585034013606	0.28205128205128205	
0.0	0.44	0.42	0.0	0.44	0.14	0.0	0.42	0.0	0.44	0.78	0.66	1.0	1.0	0.0	0.0	0.76	0.0	0.44	0.86	0.0	0.0	0	0.46	0.0	0.44	0.8	0.5	0.54	0.0	0.08	0.8	0.82	1.0	
0.6375838926174496	0.7389937106918238	0.5628930817610063	0.6037735849056604	0.5483870967741935	0.46540880503144655	0.5094339622641509	0.3710691823899371	0.654320987654321	0.5510204081632653	0.549618320610687	0.3697478991596639	0.4701492537313433	0.15384615384615385	0.610062893081761	0.389937106918239	0.49056603773584906	0.3805031446540881	0.6834532374100719	0.3165137614678899	0.3435374149659864	0.41496598639455784	0.46	0	0.4088050314465409	0.5188679245283019	0.5094339622641509	0.5974842767295597	0.8007518796992481	0.5471698113207547	0.5283018867924528	0.5094339622641509	0.6241830065359477	0.2564102564102564	
0.4563758389261745	0.6479289940828402	0.5532544378698225	0.48520710059171596	0.36774193548387096	0.38461538461538464	0.3875739644970414	0.4171597633136095	0.2839506172839506	0.3469387755102041	0.5190839694656488	0.2689075630252101	0.4552238805970149	0.15384615384615385	0.5591715976331361	0.27218934911242604	0.4349112426035503	0.22485207100591717	0.5431654676258992	0.1834862385321101	0.1360544217687075	0.22789115646258504	0.0	0.4088050314465409	0	0.4230769230769231	0.41124260355029585	0.5502958579881657	0.6428571428571429	0.45857988165680474	0.4378698224852071	0.41124260355029585	0.7058823529411765	0.46153846153846156	
0.3053691275167785	0.37988826815642457	0.535175879396985	0.5150753768844221	0.5193548387096775	0.5414364640883977	0.3542713567839196	0.3360655737704918	0.24074074074074073	0.40816326530612246	0.1297709923664122	0.3907563025210084	0.0	0.5384615384615384	0.580110497237569	0.43646408839779005	0.46408839779005523	0.3867403314917127	0.4352517985611511	0.2706422018348624	0.32653061224489793	0.46258503401360546	0.44	0.5188679245283019	0.4230769230769231	0	0.1878453038674033	0.5276381909547738	0.5037593984962406	0.3100558659217877	0.36683417085427134	0.1878453038674033	0.6372549019607843	0.0	
0.3859060402684564	0.49162011173184356	0.5165745856353591	0.5276243093922652	0.4290322580645161	0.5359116022099447	0.35082872928176795	0.4005524861878453	0.35802469135802467	0.32653061224489793	0.2824427480916031	0.3697478991596639	0.0	0.15384615384615385	0.5911602209944752	0.430939226519337	0.4447513812154696	0.3756906077348066	0.3489208633093525	0.16055045871559634	0.3129251700680272	0.4489795918367347	0.8	0.5094339622641509	0.41124260355029585	0.1878453038674033	0	0.5497237569060773	0.43609022556390975	0.46089385474860334	0.3701657458563536	0.0	0.6568627450980392	0.0	
0.5704697986577181	0.6089385474860335	0.542713567839196	0.507537688442211	0.5451612903225806	0.649171270718232	0.4723618090452261	0.3825136612021858	0.5925925925925926	0.6530612244897959	0.5114503816793893	0.592436974789916	0.6343283582089553	0.0	0.6878453038674033	0.5966850828729282	0.643646408839779	0.569060773480663	0.6690647482014388	0.45871559633027525	0.4897959183673469	0.5374149659863946	0.5	0.5974842767295597	0.5502958579881657	0.5276381909547738	0.5497237569060773	0	0.7142857142857143	0.5418994413407822	0.5175879396984925	0.5497237569060773	0.6993464052287581	0.07692307692307693	
0.5338345864661654	0.6654135338345865	0.5827067669172933	0.6691729323308271	0.4548872180451128	0.6203007518796992	0.5338345864661654	0.6353383458646616	0.6358024691358025	0.49624060150375937	0.6412213740458015	0.7689075630252101	0.417910447761194	1.0	0.650375939849624	0.6165413533834586	0.6954887218045113	0.556390977443609	0.5	0.6330275229357798	0.5789473684210527	0.6240601503759399	0.54	0.8007518796992481	0.6428571428571429	0.5037593984962406	0.43609022556390975	0.7142857142857143	0	0.5150375939849624	0.37218045112781956	0.43609022556390975	0.7518796992481203	0.0	
0.31543624161073824	0.5642458100558659	0.41899441340782123	0.41899441340782123	0.5129032258064516	0.4664804469273743	0.2905027932960894	0.3854748603351955	0.2716049382716049	0.3877551020408163	0.15267175572519084	0.5210084033613446	0.26865671641791045	0.5384615384615384	0.5279329608938548	0.49162011173184356	0.6368715083798883	0.4720670391061452	0.4244604316546763	0.4541284403669725	0.3673469387755102	0.23129251700680273	0.0	0.5471698113207547	0.45857988165680474	0.3100558659217877	0.46089385474860334	0.5418994413407822	0.5150375939849624	0	0.31843575418994413	0.46089385474860334	0.4673202614379085	0.28205128205128205	
0.37919463087248323	0.6424581005586593	0.3241206030150754	0.43467336683417085	0.2967741935483871	0.45027624309392267	0.3241206030150754	0.31420765027322406	0.2037037037037037	0.4897959183673469	0.2824427480916031	0.46218487394957986	0.26865671641791045	0.0	0.5193370165745856	0.4281767955801105	0.5220994475138122	0.35359116022099446	0.539568345323741	0.3211009174311927	0.2857142857142857	0.3401360544217687	0.08	0.5283018867924528	0.4378698224852071	0.36683417085427134	0.3701657458563536	0.5175879396984925	0.37218045112781956	0.31843575418994413	0	0.3701657458563536	0.6209150326797386	0.0	
0.3859060402684564	0.49162011173184356	0.5165745856353591	0.5276243093922652	0.4290322580645161	0.5359116022099447	0.35082872928176795	0.4005524861878453	0.35802469135802467	0.32653061224489793	0.2824427480916031	0.3697478991596639	0.0	0.15384615384615385	0.5911602209944752	0.430939226519337	0.4447513812154696	0.3756906077348066	0.3489208633093525	0.16055045871559634	0.3129251700680272	0.4489795918367347	0.8	0.5094339622641509	0.41124260355029585	0.1878453038674033	0.0	0.5497237569060773	0.43609022556390975	0.46089385474860334	0.3701657458563536	0	0.6568627450980392	0.0	
0.7483221476510067	0.7254901960784313	0.6045751633986928	0.7091503267973857	0.7254901960784313	0.7320261437908496	0.6830065359477124	0.5	0.7962962962962963	0.6462585034013606	0.5687022900763359	0.7815126050420168	0.6268656716417911	0.6923076923076923	0.7679738562091504	0.7320261437908496	0.7450980392156863	0.6928104575163399	0.7985611510791367	0.6743119266055045	0.6870748299319728	0.6462585034013606	0.82	0.6241830065359477	0.7058823529411765	0.6372549019607843	0.6568627450980392	0.6993464052287581	0.7518796992481203	0.4673202614379085	0.6209150326797386	0.6568627450980392	0	0.28205128205128205	
0.46153846153846156	0.28205128205128205	0.3333333333333333	0.6923076923076923	0.0	0.3333333333333333	0.46153846153846156	0.07692307692307693	1.0	0.0	0.0	0.5128205128205128	0.0	1.0	0.3333333333333333	0.3333333333333333	0.0	0.0	0.3333333333333333	0.0	0.0	0.28205128205128205	1.0	0.2564102564102564	0.46153846153846156	0.0	0.0	0.07692307692307693	0.0	0.28205128205128205	0.0	0.0	0.28205128205128205	0	
