0	0.7895752895752896	0.8706563706563707	0.6877729257641921	0.9030303030303031	0.7977777777777778	0.7889733840304183	0.9090909090909091	0.667953667953668	0.7033492822966507	0.7866108786610879	0.8174904942965779	0.8041825095057035	0.8389121338912134	0.9090909090909091	0.7889733840304183	0.7914691943127962	0.9090909090909091	0.9090909090909091	0.8075313807531381	0.727906976744186	0.7464114832535885	0.7827586206896552	0.7984790874524715	0.7766798418972332	0.7843601895734598	0.8286852589641435	0.6943127962085308	0.9090909090909091	0.6363636363636364	1.0	0.7928994082840237	0.8286852589641435	0.6289308176100629	
0.7895752895752896	0	0.7606177606177607	0.7248908296943232	0.7696969696969697	0.5066666666666667	0.5637065637065637	0.9090909090909091	0.5386100386100386	0.6100478468899522	0.5502092050209205	0.611969111969112	0.5328185328185329	0.7364016736401674	0.9090909090909091	0.6003861003861004	0.6303317535545023	0.9090909090909091	0.9090909090909091	0.6652719665271967	0.5930232558139535	0.5287081339712919	0.5620689655172414	0.6525096525096525	0.6146245059288538	0.6682464454976303	0.5756972111553785	0.54739336492891	0.9090909090909091	0.6363636363636364	1.0	0.7307692307692307	0.5756972111553785	0.46855345911949686	
0.8706563706563707	0.7606177606177607	0	0.8558951965065502	0.8363636363636363	0.8288888888888889	0.7625482625482626	0.9090909090909091	0.7567567567567568	0.8181818181818182	0.8075313807531381	0.8494208494208494	0.8146718146718147	0.9037656903765691	0.9090909090909091	0.7895752895752896	0.7559241706161137	0.9090909090909091	0.9090909090909091	0.805439330543933	0.7465116279069768	0.7392344497607656	0.7724137931034483	0.7722007722007722	0.8181818181818182	0.8625592417061612	0.8047808764940239	0.7962085308056872	0.9090909090909091	0.6363636363636364	1.0	0.7455621301775148	0.8047808764940239	0.7641509433962265	
0.6877729257641921	0.7248908296943232	0.8558951965065502	0	0.7787878787878788	0.6311111111111111	0.5545851528384279	0.9090909090909091	0.7248908296943232	0.6913875598086124	0.6637554585152838	0.6244541484716157	0.5786026200873362	0.7489082969432315	0.9090909090909091	0.6200873362445415	0.5947867298578199	0.9090909090909091	0.9090909090909091	0.7445414847161572	0.6	0.5956937799043063	0.4827586206896552	0.5655021834061136	0.5131004366812227	0.5639810426540285	0.5720524017467249	0.45023696682464454	0.9090909090909091	0.8181818181818182	1.0	0.5887573964497042	0.5720524017467249	0.3018867924528302	
0.9030303030303031	0.7696969696969697	0.8363636363636363	0.7787878787878788	0	0.7363636363636363	0.8	1.0	0.6757575757575758	0.7787878787878788	0.8393939393939394	0.793939393939394	0.8121212121212121	0.8727272727272727	1.0	0.8181818181818182	0.8121212121212121	1.0	1.0	0.8242424242424242	0.8151515151515152	0.8363636363636363	0.7793103448275862	0.803030303030303	0.7727272727272727	0.796969696969697	0.8181818181818182	0.8212121212121212	1.0	1.0	1.0	0.6515151515151515	0.8181818181818182	0.789308176100629	
0.7977777777777778	0.5066666666666667	0.8288888888888889	0.6311111111111111	0.7363636363636363	0	0.5066666666666667	0.0	0.6844444444444444	0.583732057416268	0.5644444444444444	0.5088888888888888	0.45111111111111113	0.66	0.0	0.5422222222222223	0.5687203791469194	0.0	0.0	0.58	0.5790697674418605	0.5454545454545454	0.3758620689655172	0.4311111111111111	0.44222222222222224	0.42890995260663506	0.46444444444444444	0.5971563981042654	0.0	1.0	0.6363636363636364	0.636094674556213	0.46444444444444444	0.3270440251572327	
0.7889733840304183	0.5637065637065637	0.7625482625482626	0.5545851528384279	0.8	0.5066666666666667	0	0.9090909090909091	0.637065637065637	0.6602870813397129	0.4476987447698745	0.5494296577946768	0.32509505703422054	0.5774058577405857	0.9090909090909091	0.43346007604562736	0.24407582938388625	0.9090909090909091	0.9090909090909091	0.5690376569037657	0.22325581395348837	0.33014354066985646	0.2413793103448276	0.39923954372623577	0.39723320158102765	0.41706161137440756	0.3784860557768924	0.42890995260663506	0.9090909090909091	0.6363636363636364	1.0	0.6715976331360947	0.3784860557768924	0.3081761006289308	
0.9090909090909091	0.9090909090909091	0.9090909090909091	0.9090909090909091	1.0	0.0	0.9090909090909091	0	0.9090909090909091	0.9090909090909091	0.9090909090909091	0.0	0.9090909090909091	0.0	0.0	0.9090909090909091	0.9090909090909091	0.0	0.0	0.0	0.9090909090909091	0.9090909090909091	1.0	0.9090909090909091	0.9090909090909091	0.6363636363636364	0.9090909090909091	0.9090909090909091	0.0	1.0	0.6363636363636364	1.0	0.9090909090909091	0.9090909090909091	
0.667953667953668	0.5386100386100386	0.7567567567567568	0.7248908296943232	0.6757575757575758	0.6844444444444444	0.637065637065637	0.9090909090909091	0	0.7655502392344498	0.5753138075313807	0.6081081081081081	0.6756756756756757	0.694560669456067	0.9090909090909091	0.5926640926640927	0.6990521327014217	0.9090909090909091	0.9090909090909091	0.7531380753138075	0.6023255813953489	0.5287081339712919	0.6551724137931034	0.722007722007722	0.6719367588932806	0.6919431279620853	0.6872509960159362	0.6587677725118484	0.9090909090909091	0.6363636363636364	1.0	0.650887573964497	0.6872509960159362	0.660377358490566	
0.7033492822966507	0.6100478468899522	0.8181818181818182	0.6913875598086124	0.7787878787878788	0.583732057416268	0.6602870813397129	0.9090909090909091	0.7655502392344498	0	0.69377990430622	0.7009569377990431	0.6100478468899522	0.80622009569378	0.9090909090909091	0.6578947368421053	0.7320574162679426	0.9090909090909091	0.9090909090909091	0.6866028708133971	0.7488038277511961	0.6626794258373205	0.593103448275862	0.6650717703349283	0.5789473684210527	0.6722488038277512	0.6866028708133971	0.6578947368421053	0.9090909090909091	1.0	1.0	0.636094674556213	0.6866028708133971	0.39308176100628933	
0.7866108786610879	0.5502092050209205	0.8075313807531381	0.6637554585152838	0.8393939393939394	0.5644444444444444	0.4476987447698745	0.9090909090909091	0.5753138075313807	0.69377990430622	0	0.18828451882845187	0.39330543933054396	0.4205020920502092	0.9090909090909091	0.2405857740585774	0.47393364928909953	0.9090909090909091	0.9090909090909091	0.600418410041841	0.34186046511627904	0.22248803827751196	0.3482758620689655	0.4497907949790795	0.37656903765690375	0.42890995260663506	0.4456066945606695	0.5734597156398105	0.9090909090909091	0.6363636363636364	1.0	0.757396449704142	0.4456066945606695	0.3805031446540881	
0.8174904942965779	0.611969111969112	0.8494208494208494	0.6244541484716157	0.793939393939394	0.5088888888888888	0.5494296577946768	0.0	0.6081081081081081	0.7009569377990431	0.18828451882845187	0	0.467680608365019	0.3619246861924686	0.0	0.3612167300380228	0.523696682464455	0.0	0.0	0.5334728033472803	0.38372093023255816	0.2799043062200957	0.30689655172413793	0.467680608365019	0.4426877470355731	0.3909952606635071	0.4820717131474104	0.6018957345971564	0.0	1.0	0.6363636363636364	0.6775147928994083	0.4820717131474104	0.4371069182389937	
0.8041825095057035	0.5328185328185329	0.8146718146718147	0.5786026200873362	0.8121212121212121	0.45111111111111113	0.32509505703422054	0.9090909090909091	0.6756756756756757	0.6100478468899522	0.39330543933054396	0.467680608365019	0	0.5355648535564853	0.9090909090909091	0.41064638783269963	0.3862559241706161	0.9090909090909091	0.9090909090909091	0.48326359832635984	0.28604651162790695	0.33253588516746413	0.22758620689655173	0.25475285171102663	0.34189723320158105	0.3744075829383886	0.3286852589641434	0.542654028436019	0.9090909090909091	0.6363636363636364	1.0	0.7248520710059172	0.3286852589641434	0.29559748427672955	
0.8389121338912134	0.7364016736401674	0.9037656903765691	0.7489082969432315	0.8727272727272727	0.66	0.5774058577405857	0.0	0.694560669456067	0.80622009569378	0.4205020920502092	0.3619246861924686	0.5355648535564853	0	0.0	0.5334728033472803	0.5947867298578199	0.0	0.0	0.696652719665272	0.5558139534883721	0.5047846889952153	0.4793103448275862	0.6213389121338913	0.5983263598326359	0.580568720379147	0.600418410041841	0.7180094786729858	0.0	1.0	0.6363636363636364	0.8017751479289941	0.600418410041841	0.6069182389937107	
0.9090909090909091	0.9090909090909091	0.9090909090909091	0.9090909090909091	1.0	0.0	0.9090909090909091	0.0	0.9090909090909091	0.9090909090909091	0.9090909090909091	0.0	0.9090909090909091	0.0	0	0.9090909090909091	0.9090909090909091	0.0	0.0	0.0	0.9090909090909091	0.9090909090909091	1.0	0.9090909090909091	0.9090909090909091	0.6363636363636364	0.9090909090909091	0.9090909090909091	0.0	1.0	0.6363636363636364	1.0	0.9090909090909091	0.9090909090909091	
0.7889733840304183	0.6003861003861004	0.7895752895752896	0.6200873362445415	0.8181818181818182	0.5422222222222223	0.43346007604562736	0.9090909090909091	0.5926640926640927	0.6578947368421053	0.2405857740585774	0.3612167300380228	0.41064638783269963	0.5334728033472803	0.9090909090909091	0	0.45260663507109006	0.9090909090909091	0.9090909090909091	0.5188284518828452	0.3744186046511628	0.0	0.2793103448275862	0.4524714828897338	0.44466403162055335	0.4431279620853081	0.44223107569721115	0.5497630331753555	0.9090909090909091	0.6363636363636364	1.0	0.7307692307692307	0.44223107569721115	0.31761006289308175	
0.7914691943127962	0.6303317535545023	0.7559241706161137	0.5947867298578199	0.8121212121212121	0.5687203791469194	0.24407582938388625	0.9090909090909091	0.6990521327014217	0.7320574162679426	0.47393364928909953	0.523696682464455	0.3862559241706161	0.5947867298578199	0.9090909090909091	0.45260663507109006	0	0.9090909090909091	0.9090909090909091	0.6492890995260664	0.22748815165876776	0.4904306220095694	0.33793103448275863	0.43364928909952605	0.3957345971563981	0.5450236966824644	0.4004739336492891	0.6018957345971564	0.9090909090909091	0.6363636363636364	1.0	0.6775147928994083	0.4004739336492891	0.36163522012578614	
0.9090909090909091	0.9090909090909091	0.9090909090909091	0.9090909090909091	1.0	0.0	0.9090909090909091	0.0	0.9090909090909091	0.9090909090909091	0.9090909090909091	0.0	0.9090909090909091	0.0	0.0	0.9090909090909091	0.9090909090909091	0	0.0	0.0	0.9090909090909091	0.9090909090909091	1.0	0.9090909090909091	0.9090909090909091	0.6363636363636364	0.9090909090909091	0.9090909090909091	0.0	1.0	0.6363636363636364	1.0	0.9090909090909091	0.9090909090909091	
0.9090909090909091	0.9090909090909091	0.9090909090909091	0.9090909090909091	1.0	0.0	0.9090909090909091	0.0	0.9090909090909091	0.9090909090909091	0.9090909090909091	0.0	0.9090909090909091	0.0	0.0	0.9090909090909091	0.9090909090909091	0.0	0	0.0	0.9090909090909091	0.9090909090909091	1.0	0.9090909090909091	0.9090909090909091	0.6363636363636364	0.9090909090909091	0.9090909090909091	0.0	1.0	0.6363636363636364	1.0	0.9090909090909091	0.9090909090909091	
0.8075313807531381	0.6652719665271967	0.805439330543933	0.7445414847161572	0.8242424242424242	0.58	0.5690376569037657	0.0	0.7531380753138075	0.6866028708133971	0.600418410041841	0.5334728033472803	0.48326359832635984	0.696652719665272	0.0	0.5188284518828452	0.6492890995260664	0.0	0.0	0	0.686046511627907	0.5191387559808612	0.4896551724137931	0.42677824267782427	0.5857740585774058	0.6161137440758294	0.6150627615062761	0.6966824644549763	0.0	1.0	0.6363636363636364	0.7692307692307693	0.6150627615062761	0.5817610062893082	
0.727906976744186	0.5930232558139535	0.7465116279069768	0.6	0.8151515151515152	0.5790697674418605	0.22325581395348837	0.9090909090909091	0.6023255813953489	0.7488038277511961	0.34186046511627904	0.38372093023255816	0.28604651162790695	0.5558139534883721	0.9090909090909091	0.3744186046511628	0.22748815165876776	0.9090909090909091	0.9090909090909091	0.686046511627907	0	0.37559808612440193	0.35517241379310344	0.37906976744186044	0.2930232558139535	0.36492890995260663	0.3581395348837209	0.6279620853080569	0.9090909090909091	0.6363636363636364	1.0	0.7041420118343196	0.3581395348837209	0.36163522012578614	
0.7464114832535885	0.5287081339712919	0.7392344497607656	0.5956937799043063	0.8363636363636363	0.5454545454545454	0.33014354066985646	0.9090909090909091	0.5287081339712919	0.6626794258373205	0.22248803827751196	0.2799043062200957	0.33253588516746413	0.5047846889952153	0.9090909090909091	0.0	0.4904306220095694	0.9090909090909091	0.9090909090909091	0.5191387559808612	0.37559808612440193	0	0.3310344827586207	0.37559808612440193	0.3708133971291866	0.4473684210526316	0.3684210526315789	0.562200956937799	0.9090909090909091	0.6363636363636364	1.0	0.7396449704142012	0.3684210526315789	0.3270440251572327	
0.7827586206896552	0.5620689655172414	0.7724137931034483	0.4827586206896552	0.7793103448275862	0.3758620689655172	0.2413793103448276	1.0	0.6551724137931034	0.593103448275862	0.3482758620689655	0.30689655172413793	0.22758620689655173	0.4793103448275862	1.0	0.2793103448275862	0.33793103448275863	1.0	1.0	0.4896551724137931	0.35517241379310344	0.3310344827586207	0	0.22758620689655173	0.2482758620689655	0.31724137931034485	0.296551724137931	0.43103448275862066	1.0	1.0	1.0	0.6793103448275862	0.296551724137931	0.43103448275862066	
0.7984790874524715	0.6525096525096525	0.7722007722007722	0.5655021834061136	0.803030303030303	0.4311111111111111	0.39923954372623577	0.9090909090909091	0.722007722007722	0.6650717703349283	0.4497907949790795	0.467680608365019	0.25475285171102663	0.6213389121338913	0.9090909090909091	0.4524714828897338	0.43364928909952605	0.9090909090909091	0.9090909090909091	0.42677824267782427	0.37906976744186044	0.37559808612440193	0.22758620689655173	0	0.3181818181818182	0.3767772511848341	0.37250996015936255	0.5379146919431279	0.9090909090909091	0.6363636363636364	1.0	0.7248520710059172	0.37250996015936255	0.3333333333333333	
0.7766798418972332	0.6146245059288538	0.8181818181818182	0.5131004366812227	0.7727272727272727	0.44222222222222224	0.39723320158102765	0.9090909090909091	0.6719367588932806	0.5789473684210527	0.37656903765690375	0.4426877470355731	0.34189723320158105	0.5983263598326359	0.9090909090909091	0.44466403162055335	0.3957345971563981	0.9090909090909091	0.9090909090909091	0.5857740585774058	0.2930232558139535	0.3708133971291866	0.2482758620689655	0.3181818181818182	0	0.22274881516587677	0.3565737051792829	0.518957345971564	0.9090909090909091	0.6363636363636364	1.0	0.7011834319526628	0.3565737051792829	0.21069182389937108	
0.7843601895734598	0.6682464454976303	0.8625592417061612	0.5639810426540285	0.796969696969697	0.42890995260663506	0.41706161137440756	0.6363636363636364	0.6919431279620853	0.6722488038277512	0.42890995260663506	0.3909952606635071	0.3744075829383886	0.580568720379147	0.6363636363636364	0.4431279620853081	0.5450236966824644	0.6363636363636364	0.6363636363636364	0.6161137440758294	0.36492890995260663	0.4473684210526316	0.31724137931034485	0.3767772511848341	0.22274881516587677	0	0.3933649289099526	0.6161137440758294	0.6363636363636364	0.9090909090909091	0.0	0.7218934911242604	0.3933649289099526	0.3113207547169811	
0.8286852589641435	0.5756972111553785	0.8047808764940239	0.5720524017467249	0.8181818181818182	0.46444444444444444	0.3784860557768924	0.9090909090909091	0.6872509960159362	0.6866028708133971	0.4456066945606695	0.4820717131474104	0.3286852589641434	0.600418410041841	0.9090909090909091	0.44223107569721115	0.4004739336492891	0.9090909090909091	0.9090909090909091	0.6150627615062761	0.3581395348837209	0.3684210526315789	0.296551724137931	0.37250996015936255	0.3565737051792829	0.3933649289099526	0	0.5781990521327014	0.9090909090909091	0.6363636363636364	1.0	0.7337278106508875	0.0	0.32075471698113206	
0.6943127962085308	0.54739336492891	0.7962085308056872	0.45023696682464454	0.8212121212121212	0.5971563981042654	0.42890995260663506	0.9090909090909091	0.6587677725118484	0.6578947368421053	0.5734597156398105	0.6018957345971564	0.542654028436019	0.7180094786729858	0.9090909090909091	0.5497630331753555	0.6018957345971564	0.9090909090909091	0.9090909090909091	0.6966824644549763	0.6279620853080569	0.562200956937799	0.43103448275862066	0.5379146919431279	0.518957345971564	0.6161137440758294	0.5781990521327014	0	0.9090909090909091	1.0	1.0	0.7337278106508875	0.5781990521327014	0.41823899371069184	
0.9090909090909091	0.9090909090909091	0.9090909090909091	0.9090909090909091	1.0	0.0	0.9090909090909091	0.0	0.9090909090909091	0.9090909090909091	0.9090909090909091	0.0	0.9090909090909091	0.0	0.0	0.9090909090909091	0.9090909090909091	0.0	0.0	0.0	0.9090909090909091	0.9090909090909091	1.0	0.9090909090909091	0.9090909090909091	0.6363636363636364	0.9090909090909091	0.9090909090909091	0	1.0	0.6363636363636364	1.0	0.9090909090909091	0.9090909090909091	
0.6363636363636364	0.6363636363636364	0.6363636363636364	0.8181818181818182	1.0	1.0	0.6363636363636364	1.0	0.6363636363636364	1.0	0.6363636363636364	1.0	0.6363636363636364	1.0	1.0	0.6363636363636364	0.6363636363636364	1.0	1.0	1.0	0.6363636363636364	0.6363636363636364	1.0	0.6363636363636364	0.6363636363636364	0.9090909090909091	0.6363636363636364	1.0	1.0	0	0.9090909090909091	1.0	0.6363636363636364	0.6363636363636364	
1.0	1.0	1.0	1.0	1.0	0.6363636363636364	1.0	0.6363636363636364	1.0	1.0	1.0	0.6363636363636364	1.0	0.6363636363636364	0.6363636363636364	1.0	1.0	0.6363636363636364	0.6363636363636364	0.6363636363636364	1.0	1.0	1.0	1.0	1.0	0.0	1.0	1.0	0.6363636363636364	0.9090909090909091	0	1.0	1.0	1.0	
0.7928994082840237	0.7307692307692307	0.7455621301775148	0.5887573964497042	0.6515151515151515	0.636094674556213	0.6715976331360947	1.0	0.650887573964497	0.636094674556213	0.757396449704142	0.6775147928994083	0.7248520710059172	0.8017751479289941	1.0	0.7307692307692307	0.6775147928994083	1.0	1.0	0.7692307692307693	0.7041420118343196	0.7396449704142012	0.6793103448275862	0.7248520710059172	0.7011834319526628	0.7218934911242604	0.7337278106508875	0.7337278106508875	1.0	1.0	1.0	0	0.7337278106508875	0.6792452830188679	
0.8286852589641435	0.5756972111553785	0.8047808764940239	0.5720524017467249	0.8181818181818182	0.46444444444444444	0.3784860557768924	0.9090909090909091	0.6872509960159362	0.6866028708133971	0.4456066945606695	0.4820717131474104	0.3286852589641434	0.600418410041841	0.9090909090909091	0.44223107569721115	0.4004739336492891	0.9090909090909091	0.9090909090909091	0.6150627615062761	0.3581395348837209	0.3684210526315789	0.296551724137931	0.37250996015936255	0.3565737051792829	0.3933649289099526	0.0	0.5781990521327014	0.9090909090909091	0.6363636363636364	1.0	0.7337278106508875	0	0.32075471698113206	
0.6289308176100629	0.46855345911949686	0.7641509433962265	0.3018867924528302	0.789308176100629	0.3270440251572327	0.3081761006289308	0.9090909090909091	0.660377358490566	0.39308176100628933	0.3805031446540881	0.4371069182389937	0.29559748427672955	0.6069182389937107	0.9090909090909091	0.31761006289308175	0.36163522012578614	0.9090909090909091	0.9090909090909091	0.5817610062893082	0.36163522012578614	0.3270440251572327	0.43103448275862066	0.3333333333333333	0.21069182389937108	0.3113207547169811	0.32075471698113206	0.41823899371069184	0.9090909090909091	0.6363636363636364	1.0	0.6792452830188679	0.32075471698113206	0	
