0	0.8717948717948718	0.6633466135458167	0.6633466135458167	0.6155378486055777	0.4760956175298805	0.547808764940239	0.5287958115183246	0.15217391304347827	0.5717131474103586	0.6951219512195121	0.5717131474103586	0.49800796812749004	0.603585657370518	0.6698113207547169	0.5756972111553785	0.7589641434262948	0.5976095617529881	0.6414342629482072	0.5976095617529881	0.6274900398406374	0.647410358565737	0.5239043824701195	0.6055776892430279	0.6095617529880478	0.5059760956175299	0.5717131474103586	0.7807017543859649	0.7529880478087649	0.701195219123506	0.8826291079812206	0.49800796812749004	0.5717131474103586	0.6693227091633466	
0.8717948717948718	0	0.7435897435897436	0.15384615384615385	0.15384615384615385	0.6410256410256411	0.6410256410256411	1.0	0.8717948717948718	0.6666666666666666	1.0	0.6410256410256411	0.0	0.6666666666666666	1.0	0.6410256410256411	0.6410256410256411	0.6410256410256411	0.6410256410256411	0.6410256410256411	0.6666666666666666	0.6410256410256411	0.6410256410256411	0.6410256410256411	0.6410256410256411	0.2564102564102564	0.6410256410256411	0.0	0.15384615384615385	0.7435897435897436	0.15384615384615385	0.15384615384615385	0.6410256410256411	0.6410256410256411	
0.6633466135458167	0.7435897435897436	0	0.7172284644194756	0.6985018726591761	0.6629213483146067	0.5955056179775281	0.56282722513089	0.572463768115942	0.7051792828685259	0.7317073170731707	0.6404494382022472	0.5636704119850188	0.6872509960159362	0.6415094339622641	0.6441947565543071	0.7116104868913857	0.6217228464419475	0.6985018726591761	0.6217228464419475	0.7370517928286853	0.6404494382022472	0.6666666666666666	0.6797752808988764	0.5730337078651685	0.6067415730337079	0.6853932584269663	0.631578947368421	0.7752808988764045	0.6947565543071161	0.863849765258216	0.6722846441947565	0.6853932584269663	0.5898876404494382	
0.6633466135458167	0.15384615384615385	0.7172284644194756	0	0.43856655290102387	0.5812720848056537	0.6523809523809524	0.6570680628272252	0.7415458937198067	0.6812749003984063	0.6951219512195121	0.6904761904761905	0.4966101694915254	0.7071713147410359	0.6886792452830188	0.6841269841269841	0.8013029315960912	0.6793650793650794	0.5298245614035088	0.6793650793650794	0.703187250996016	0.7105263157894737	0.6494661921708185	0.6928327645051194	0.6619047619047619	0.5546075085324232	0.6587301587301587	0.2807017543859649	0.5759717314487632	0.6145454545454545	0.5164319248826291	0.5051546391752577	0.635593220338983	0.7333333333333333	
0.6155378486055777	0.15384615384615385	0.6985018726591761	0.43856655290102387	0	0.5530035335689046	0.5750853242320819	0.4005235602094241	0.6690821256038647	0.5836653386454184	0.18292682926829268	0.5580204778156996	0.36006825938566556	0.6215139442231076	0.2358490566037736	0.6160409556313993	0.6416382252559727	0.6109215017064846	0.6754385964912281	0.6109215017064846	0.5737051792828686	0.5684210526315789	0.5338078291814946	0.5477815699658704	0.621160409556314	0.5119453924914675	0.5170648464163823	0.2807017543859649	0.5848056537102474	0.6690909090909091	0.528169014084507	0.45532646048109965	0.5170648464163823	0.643344709897611	
0.4760956175298805	0.6410256410256411	0.6629213483146067	0.5812720848056537	0.5530035335689046	0	0.2703180212014134	0.4581151832460733	0.538647342995169	0.26294820717131473	0.4024390243902439	0.22614840989399293	0.5	0.34063745019920316	0.42452830188679247	0.2791519434628975	0.44876325088339225	0.20141342756183744	0.28975265017667845	0.20141342756183744	0.3107569721115538	0.2968197879858657	0.17793594306049823	0.2826855123674912	0.2579505300353357	0.5671378091872792	0.26325088339222613	0.5350877192982456	0.6784452296819788	0.6745454545454546	0.7323943661971831	0.549469964664311	0.26325088339222613	0.4169611307420495	
0.547808764940239	0.6410256410256411	0.5955056179775281	0.6523809523809524	0.5750853242320819	0.2703180212014134	0	0.3717277486910995	0.572463768115942	0.2250996015936255	0.32926829268292684	0.23492063492063492	0.535593220338983	0.14741035856573706	0.36792452830188677	0.319047619047619	0.40879478827361565	0.26031746031746034	0.46842105263157896	0.26031746031746034	0.31274900398406374	0.2771929824561403	0.18149466192170818	0.30204778156996587	0.17142857142857143	0.5307167235494881	0.2571428571428571	0.6754385964912281	0.6448763250883393	0.6272727272727273	0.7276995305164319	0.6323024054982818	0.20677966101694914	0.28095238095238095	
0.5287958115183246	1.0	0.56282722513089	0.6570680628272252	0.4005235602094241	0.4581151832460733	0.3717277486910995	0	0.6308900523560209	0.43455497382198954	0.0	0.43455497382198954	0.1806282722513089	0.47643979057591623	0.09433962264150944	0.4712041884816754	0.450261780104712	0.5157068062827225	0.6989528795811518	0.5157068062827225	0.387434554973822	0.34554973821989526	0.5	0.5052356020942408	0.4109947643979058	0.3403141361256545	0.43455497382198954	1.0	0.5497382198952879	0.6256544502617801	0.8219895287958116	0.5680628272251309	0.43455497382198954	0.4005235602094241	
0.15217391304347827	0.8717948717948718	0.572463768115942	0.7415458937198067	0.6690821256038647	0.538647342995169	0.572463768115942	0.6308900523560209	0	0.463768115942029	0.6951219512195121	0.463768115942029	0.5700483091787439	0.5072463768115942	0.6886792452830188	0.4855072463768116	0.6980676328502415	0.5410628019323671	0.6497584541062802	0.5410628019323671	0.5990338164251208	0.5555555555555556	0.5434782608695652	0.5072463768115942	0.5024154589371981	0.47101449275362317	0.5966183574879227	0.8245614035087719	0.8140096618357487	0.6908212560386473	0.9299516908212561	0.5144927536231884	0.5966183574879227	0.5797101449275363	
0.5717131474103586	0.6666666666666666	0.7051792828685259	0.6812749003984063	0.5836653386454184	0.26294820717131473	0.2250996015936255	0.43455497382198954	0.463768115942029	0	0.32926829268292684	0.0	0.545816733067729	0.1394422310756972	0.3867924528301887	0.0796812749003984	0.3705179282868526	0.29880478087649404	0.42231075697211157	0.29880478087649404	0.15737051792828685	0.0796812749003984	0.22709163346613545	0.16533864541832669	0.1553784860557769	0.5717131474103586	0.1593625498007968	0.7807017543859649	0.6872509960159362	0.7410358565737052	0.8215962441314554	0.6135458167330677	0.1593625498007968	0.3147410358565737	
0.6951219512195121	1.0	0.7317073170731707	0.6951219512195121	0.18292682926829268	0.4024390243902439	0.32926829268292684	0.0	0.6951219512195121	0.32926829268292684	0	0.32926829268292684	0.0	0.32926829268292684	0.0	0.43902439024390244	0.34146341463414637	0.4024390243902439	0.5121951219512195	0.4024390243902439	0.32926829268292684	0.32926829268292684	0.32926829268292684	0.47560975609756095	0.32926829268292684	0.6097560975609756	0.5121951219512195	1.0	0.2682926829268293	0.6951219512195121	0.6463414634146342	0.6219512195121951	0.5121951219512195	0.5609756097560976	
0.5717131474103586	0.6410256410256411	0.6404494382022472	0.6904761904761905	0.5580204778156996	0.22614840989399293	0.23492063492063492	0.43455497382198954	0.463768115942029	0.0	0.32926829268292684	0	0.559322033898305	0.1394422310756972	0.3867924528301887	0.11587301587301588	0.3127035830618892	0.24603174603174602	0.3719298245614035	0.24603174603174602	0.15737051792828685	0.07017543859649122	0.08185053380782918	0.1416382252559727	0.2015873015873016	0.5853242320819113	0.15555555555555556	0.5350877192982456	0.6819787985865724	0.6981818181818182	0.7183098591549296	0.5738831615120275	0.09830508474576272	0.32222222222222224	
0.49800796812749004	0.0	0.5636704119850188	0.4966101694915254	0.36006825938566556	0.5	0.535593220338983	0.1806282722513089	0.5700483091787439	0.545816733067729	0.0	0.559322033898305	0	0.5717131474103586	0.0	0.6067796610169491	0.5847457627118644	0.6016949152542372	0.6385964912280702	0.6016949152542372	0.44621513944223107	0.49122807017543857	0.5195729537366548	0.5767918088737202	0.5661016949152542	0.5238907849829352	0.5932203389830508	0.017543859649122806	0.5918727915194346	0.7472727272727273	0.5657276995305164	0.49312714776632305	0.5932203389830508	0.559322033898305	
0.603585657370518	0.6666666666666666	0.6872509960159362	0.7071713147410359	0.6215139442231076	0.34063745019920316	0.14741035856573706	0.47643979057591623	0.5072463768115942	0.1394422310756972	0.32926829268292684	0.1394422310756972	0.5717131474103586	0	0.3867924528301887	0.21912350597609562	0.3944223107569721	0.22111553784860558	0.5	0.22111553784860558	0.250996015936255	0.21912350597609562	0.3047808764940239	0.24302788844621515	0.11752988047808766	0.603585657370518	0.29880478087649404	0.8771929824561403	0.7051792828685259	0.701195219123506	0.8755868544600939	0.6713147410358565	0.29880478087649404	0.2729083665338645	
0.6698113207547169	1.0	0.6415094339622641	0.6886792452830188	0.2358490566037736	0.42452830188679247	0.36792452830188677	0.09433962264150944	0.6886792452830188	0.3867924528301887	0.0	0.3867924528301887	0.0	0.3867924528301887	0	0.49056603773584906	0.4716981132075472	0.44339622641509435	0.5471698113207547	0.44339622641509435	0.3867924528301887	0.3867924528301887	0.36792452830188677	0.5377358490566038	0.3867924528301887	0.5849056603773585	0.5094339622641509	1.0	0.3018867924528302	0.6886792452830188	0.7264150943396226	0.6132075471698113	0.5094339622641509	0.5660377358490566	
0.5756972111553785	0.6410256410256411	0.6441947565543071	0.6841269841269841	0.6160409556313993	0.2791519434628975	0.319047619047619	0.4712041884816754	0.4855072463768116	0.0796812749003984	0.43902439024390244	0.11587301587301588	0.6067796610169491	0.21912350597609562	0.49056603773584906	0	0.42671009771986973	0.34285714285714286	0.34035087719298246	0.34285714285714286	0.23705179282868527	0.15789473684210525	0.19750889679715303	0.23720136518771331	0.2904761904761905	0.6313993174061433	0.2507936507936508	0.6228070175438597	0.7137809187279152	0.6854545454545454	0.7652582159624414	0.6254295532646048	0.2	0.4142857142857143	
0.7589641434262948	0.6410256410256411	0.7116104868913857	0.8013029315960912	0.6416382252559727	0.44876325088339225	0.40879478827361565	0.450261780104712	0.6980676328502415	0.3705179282868526	0.34146341463414637	0.3127035830618892	0.5847457627118644	0.3944223107569721	0.4716981132075472	0.42671009771986973	0	0.41205211726384366	0.5578947368421052	0.41205211726384366	0.3207171314741036	0.27017543859649124	0.31494661921708184	0.3856655290102389	0.3745928338762215	0.7286689419795221	0.4185667752442997	0.6666666666666666	0.7879858657243817	0.8	0.7793427230046949	0.7594501718213058	0.3949152542372881	0.3745928338762215	
0.5976095617529881	0.6410256410256411	0.6217228464419475	0.6793650793650794	0.6109215017064846	0.20141342756183744	0.26031746031746034	0.5157068062827225	0.5410628019323671	0.29880478087649404	0.4024390243902439	0.24603174603174602	0.6016949152542372	0.22111553784860558	0.44339622641509435	0.34285714285714286	0.41205211726384366	0	0.3526315789473684	0.0	0.3466135458167331	0.34210526315789475	0.22419928825622776	0.3122866894197952	0.21428571428571427	0.6177474402730375	0.3682539682539683	0.6754385964912281	0.7137809187279152	0.6781818181818182	0.7887323943661971	0.627147766323024	0.3254237288135593	0.3523809523809524	
0.6414342629482072	0.6410256410256411	0.6985018726591761	0.5298245614035088	0.6754385964912281	0.28975265017667845	0.46842105263157896	0.6989528795811518	0.6497584541062802	0.42231075697211157	0.5121951219512195	0.3719298245614035	0.6385964912280702	0.5	0.5471698113207547	0.34035087719298246	0.5578947368421052	0.3526315789473684	0	0.3526315789473684	0.4342629482071713	0.43157894736842106	0.37722419928825623	0.41754385964912283	0.4192982456140351	0.724561403508772	0.443859649122807	0.5350877192982456	0.7014134275618374	0.7090909090909091	0.7323943661971831	0.6508771929824562	0.443859649122807	0.5526315789473685	
0.5976095617529881	0.6410256410256411	0.6217228464419475	0.6793650793650794	0.6109215017064846	0.20141342756183744	0.26031746031746034	0.5157068062827225	0.5410628019323671	0.29880478087649404	0.4024390243902439	0.24603174603174602	0.6016949152542372	0.22111553784860558	0.44339622641509435	0.34285714285714286	0.41205211726384366	0.0	0.3526315789473684	0	0.3466135458167331	0.34210526315789475	0.22419928825622776	0.3122866894197952	0.21428571428571427	0.6177474402730375	0.3682539682539683	0.6754385964912281	0.7137809187279152	0.6781818181818182	0.7887323943661971	0.627147766323024	0.3254237288135593	0.3523809523809524	
0.6274900398406374	0.6666666666666666	0.7370517928286853	0.703187250996016	0.5737051792828686	0.3107569721115538	0.31274900398406374	0.387434554973822	0.5990338164251208	0.15737051792828685	0.32926829268292684	0.15737051792828685	0.44621513944223107	0.250996015936255	0.3867924528301887	0.23705179282868527	0.3207171314741036	0.3466135458167331	0.4342629482071713	0.3466135458167331	0	0.07768924302788845	0.2749003984063745	0.2848605577689243	0.2908366533864542	0.6752988047808764	0.29282868525896416	0.7807017543859649	0.7350597609561753	0.796812749003984	0.8169014084507042	0.6653386454183267	0.29282868525896416	0.2948207171314741	
0.647410358565737	0.6410256410256411	0.6404494382022472	0.7105263157894737	0.5684210526315789	0.2968197879858657	0.2771929824561403	0.34554973821989526	0.5555555555555556	0.0796812749003984	0.32926829268292684	0.07017543859649122	0.49122807017543857	0.21912350597609562	0.3867924528301887	0.15789473684210525	0.27017543859649124	0.34210526315789475	0.43157894736842106	0.34210526315789475	0.07768924302788845	0	0.2597864768683274	0.21578947368421053	0.21578947368421053	0.6421052631578947	0.21052631578947367	0.5350877192982456	0.7084805653710248	0.7418181818181818	0.7347417840375586	0.6771929824561403	0.21052631578947367	0.21929824561403508	
0.5239043824701195	0.6410256410256411	0.6666666666666666	0.6494661921708185	0.5338078291814946	0.17793594306049823	0.18149466192170818	0.5	0.5434782608695652	0.22709163346613545	0.32926829268292684	0.08185053380782918	0.5195729537366548	0.3047808764940239	0.36792452830188677	0.19750889679715303	0.31494661921708184	0.22419928825622776	0.37722419928825623	0.22419928825622776	0.2749003984063745	0.2597864768683274	0	0.23309608540925267	0.2313167259786477	0.6120996441281139	0.15302491103202848	0.5350877192982456	0.6886120996441281	0.7145454545454546	0.7511737089201878	0.5231316725978647	0.15302491103202848	0.3665480427046263	
0.6055776892430279	0.6410256410256411	0.6797752808988764	0.6928327645051194	0.5477815699658704	0.2826855123674912	0.30204778156996587	0.5052356020942408	0.5072463768115942	0.16533864541832669	0.47560975609756095	0.1416382252559727	0.5767918088737202	0.24302788844621515	0.5377358490566038	0.23720136518771331	0.3856655290102389	0.3122866894197952	0.41754385964912283	0.3122866894197952	0.2848605577689243	0.21578947368421053	0.23309608540925267	0	0.24744027303754265	0.6313993174061433	0.2781569965870307	0.5350877192982456	0.7120141342756183	0.7218181818181818	0.7347417840375586	0.6185567010309279	0.2781569965870307	0.3703071672354949	
0.6095617529880478	0.6410256410256411	0.5730337078651685	0.6619047619047619	0.621160409556314	0.2579505300353357	0.17142857142857143	0.4109947643979058	0.5024154589371981	0.1553784860557769	0.32926829268292684	0.2015873015873016	0.5661016949152542	0.11752988047808766	0.3867924528301887	0.2904761904761905	0.3745928338762215	0.21428571428571427	0.4192982456140351	0.21428571428571427	0.2908366533864542	0.21578947368421053	0.2313167259786477	0.24744027303754265	0	0.5563139931740614	0.2920634920634921	0.6754385964912281	0.6607773851590106	0.6927272727272727	0.6713615023474179	0.6597938144329897	0.2440677966101695	0.20793650793650795	
0.5059760956175299	0.2564102564102564	0.6067415730337079	0.5546075085324232	0.5119453924914675	0.5671378091872792	0.5307167235494881	0.3403141361256545	0.47101449275362317	0.5717131474103586	0.6097560975609756	0.5853242320819113	0.5238907849829352	0.603585657370518	0.5849056603773585	0.6313993174061433	0.7286689419795221	0.6177474402730375	0.724561403508772	0.6177474402730375	0.6752988047808764	0.6421052631578947	0.6120996441281139	0.6313993174061433	0.5563139931740614	0	0.5170648464163823	0.5175438596491229	0.6042402826855123	0.5363636363636364	0.7112676056338029	0.4725085910652921	0.5170648464163823	0.5938566552901023	
0.5717131474103586	0.6410256410256411	0.6853932584269663	0.6587301587301587	0.5170648464163823	0.26325088339222613	0.2571428571428571	0.43455497382198954	0.5966183574879227	0.1593625498007968	0.5121951219512195	0.15555555555555556	0.5932203389830508	0.29880478087649404	0.5094339622641509	0.2507936507936508	0.4185667752442997	0.3682539682539683	0.443859649122807	0.3682539682539683	0.29282868525896416	0.21052631578947367	0.15302491103202848	0.2781569965870307	0.2920634920634921	0.5170648464163823	0	0.5350877192982456	0.6342756183745583	0.6418181818181818	0.6901408450704225	0.49140893470790376	0.0	0.42063492063492064	
0.7807017543859649	0.0	0.631578947368421	0.2807017543859649	0.2807017543859649	0.5350877192982456	0.6754385964912281	1.0	0.8245614035087719	0.7807017543859649	1.0	0.5350877192982456	0.017543859649122806	0.8771929824561403	1.0	0.6228070175438597	0.6666666666666666	0.6754385964912281	0.5350877192982456	0.6754385964912281	0.7807017543859649	0.5350877192982456	0.5350877192982456	0.5350877192982456	0.6754385964912281	0.5175438596491229	0.5350877192982456	0	0.40350877192982454	0.7894736842105263	0.2807017543859649	0.2631578947368421	0.5350877192982456	0.6754385964912281	
0.7529880478087649	0.15384615384615385	0.7752808988764045	0.5759717314487632	0.5848056537102474	0.6784452296819788	0.6448763250883393	0.5497382198952879	0.8140096618357487	0.6872509960159362	0.2682926829268293	0.6819787985865724	0.5918727915194346	0.7051792828685259	0.3018867924528302	0.7137809187279152	0.7879858657243817	0.7137809187279152	0.7014134275618374	0.7137809187279152	0.7350597609561753	0.7084805653710248	0.6886120996441281	0.7120141342756183	0.6607773851590106	0.6042402826855123	0.6342756183745583	0.40350877192982454	0	0.7181818181818181	0.6807511737089202	0.6342756183745583	0.6342756183745583	0.7014134275618374	
0.701195219123506	0.7435897435897436	0.6947565543071161	0.6145454545454545	0.6690909090909091	0.6745454545454546	0.6272727272727273	0.6256544502617801	0.6908212560386473	0.7410358565737052	0.6951219512195121	0.6981818181818182	0.7472727272727273	0.701195219123506	0.6886792452830188	0.6854545454545454	0.8	0.6781818181818182	0.7090909090909091	0.6781818181818182	0.796812749003984	0.7418181818181818	0.7145454545454546	0.7218181818181818	0.6927272727272727	0.5363636363636364	0.6418181818181818	0.7894736842105263	0.7181818181818181	0	0.8873239436619719	0.6963636363636364	0.6418181818181818	0.7454545454545455	
0.8826291079812206	0.15384615384615385	0.863849765258216	0.5164319248826291	0.528169014084507	0.7323943661971831	0.7276995305164319	0.8219895287958116	0.9299516908212561	0.8215962441314554	0.6463414634146342	0.7183098591549296	0.5657276995305164	0.8755868544600939	0.7264150943396226	0.7652582159624414	0.7793427230046949	0.7887323943661971	0.7323943661971831	0.7887323943661971	0.8169014084507042	0.7347417840375586	0.7511737089201878	0.7347417840375586	0.6713615023474179	0.7112676056338029	0.6901408450704225	0.2807017543859649	0.6807511737089202	0.8873239436619719	0	0.6009389671361502	0.6901408450704225	0.7136150234741784	
0.49800796812749004	0.15384615384615385	0.6722846441947565	0.5051546391752577	0.45532646048109965	0.549469964664311	0.6323024054982818	0.5680628272251309	0.5144927536231884	0.6135458167330677	0.6219512195121951	0.5738831615120275	0.49312714776632305	0.6713147410358565	0.6132075471698113	0.6254295532646048	0.7594501718213058	0.627147766323024	0.6508771929824562	0.627147766323024	0.6653386454183267	0.6771929824561403	0.5231316725978647	0.6185567010309279	0.6597938144329897	0.4725085910652921	0.49140893470790376	0.2631578947368421	0.6342756183745583	0.6963636363636364	0.6009389671361502	0	0.5395189003436426	0.711340206185567	
0.5717131474103586	0.6410256410256411	0.6853932584269663	0.635593220338983	0.5170648464163823	0.26325088339222613	0.20677966101694914	0.43455497382198954	0.5966183574879227	0.1593625498007968	0.5121951219512195	0.09830508474576272	0.5932203389830508	0.29880478087649404	0.5094339622641509	0.2	0.3949152542372881	0.3254237288135593	0.443859649122807	0.3254237288135593	0.29282868525896416	0.21052631578947367	0.15302491103202848	0.2781569965870307	0.2440677966101695	0.5170648464163823	0.0	0.5350877192982456	0.6342756183745583	0.6418181818181818	0.6901408450704225	0.5395189003436426	0	0.3813559322033898	
0.6693227091633466	0.6410256410256411	0.5898876404494382	0.7333333333333333	0.643344709897611	0.4169611307420495	0.28095238095238095	0.4005235602094241	0.5797101449275363	0.3147410358565737	0.5609756097560976	0.32222222222222224	0.559322033898305	0.2729083665338645	0.5660377358490566	0.4142857142857143	0.3745928338762215	0.3523809523809524	0.5526315789473685	0.3523809523809524	0.2948207171314741	0.21929824561403508	0.3665480427046263	0.3703071672354949	0.20793650793650795	0.5938566552901023	0.42063492063492064	0.6754385964912281	0.7014134275618374	0.7454545454545455	0.7136150234741784	0.711340206185567	0.3813559322033898	0	
