0	0.8666666666666667	0.0	0.17123287671232876	0.14383561643835616	0.14383561643835616	0.0	
0.8666666666666667	0	0.8666666666666667	0.8666666666666667	0.8666666666666667	0.8666666666666667	0.9333333333333333	
0.0	0.8666666666666667	0	0.3356164383561644	0.3082191780821918	0.3082191780821918	0.0	
0.17123287671232876	0.8666666666666667	0.3356164383561644	0	0.10273972602739725	0.10273972602739725	0.0	
0.14383561643835616	0.8666666666666667	0.3082191780821918	0.10273972602739725	0	0.0	0.0	
0.14383561643835616	0.8666666666666667	0.3082191780821918	0.10273972602739725	0.0	0	0.0	
0.0	0.9333333333333333	0.0	0.0	0.0	0.0	0	
