0	1.0	0.6363636363636364	0.0	1.0	0.6363636363636364	1.0	
1.0	0	0.5909090909090909	0.9565217391304348	0.7058823529411765	0.4666666666666667	0.6923076923076923	
0.6363636363636364	0.5909090909090909	0	0.782608695652174	0.9411764705882353	0.0	1.0	
0.0	0.9565217391304348	0.782608695652174	0	0.5294117647058824	0.6666666666666666	1.0	
1.0	0.7058823529411765	0.9411764705882353	0.5294117647058824	0	0.9333333333333333	1.0	
0.6363636363636364	0.4666666666666667	0.0	0.6666666666666666	0.9333333333333333	0	1.0	
1.0	0.6923076923076923	1.0	1.0	1.0	1.0	0	
