0	0.7619047619047619	0.6125827814569537	0.3757062146892655	0.647239263803681	0.5384615384615384	0.7119509703779366	0.6531027466937945	0.5985090521831736	0.6668383110195675	0.6654135338345865	0.6261730969760166	0.4701130856219709	0.3689655172413793	0.4562043795620438	0.7290322580645161	0.6666666666666666	0.4222222222222222	0.6954887218045113	0.6141361256544503	0.6966292134831461	0.5976095617529881	0.6868131868131868	0.7664864864864865	0.7980665950590763	0.7992849846782432	0.692266380236305	0.8815384615384615	0.692266380236305	0.7869955156950673	0.7277121374865736	0.7334689725330621	0.7188679245283018	1.0	0.659206510681587	0.8156146179401993	0.6368260427263479	0.5732451678535097	0.6703967446592065	0.1836734693877551	0.5185185185185185	0.5269461077844312	0.7427122940430925	0.6912512716174974	0.6850989522700814	0.6522655426765016	0.6663275686673449	0.7512794268167861	0.0	0.8210831721470019	0.060240963855421686	
0.7619047619047619	0	1.0	1.0	1.0	1.0	0.9523809523809523	1.0	0.7619047619047619	0.7619047619047619	0.9523809523809523	0.7619047619047619	1.0	1.0	1.0	1.0	1.0	1.0	1.0	0.7619047619047619	1.0	1.0	1.0	1.0	1.0	1.0	0.9523809523809523	1.0	0.9523809523809523	1.0	1.0	1.0	1.0	1.0	0.7619047619047619	1.0	0.7619047619047619	1.0	0.7619047619047619	1.0	1.0	1.0	1.0	1.0	1.0	1.0	0.7619047619047619	1.0	1.0	1.0	1.0	
0.6125827814569537	1.0	0	1.0	1.0	0.0	0.7615894039735099	0.6589403973509934	0.46688741721854304	0.609271523178808	0.5596026490066225	0.5695364238410596	0.5728476821192053	0.5206896551724138	1.0	1.0	1.0	0.9888888888888889	0.7052980132450332	0.609271523178808	0.7152317880794702	0.7218543046357616	1.0	0.7152317880794702	0.7152317880794702	0.7218543046357616	0.609271523178808	0.8145695364238411	0.609271523178808	0.7218543046357616	0.7152317880794702	0.7847682119205298	0.7152317880794702	1.0	0.6158940397350994	0.9602649006622517	0.609271523178808	0.46688741721854304	0.7549668874172185	0.02040816326530612	1.0	0.6754966887417219	0.9006622516556292	0.5794701986754967	0.7781456953642384	0.5165562913907285	0.7549668874172185	0.7384105960264901	1.0	0.7152317880794702	1.0	
0.3757062146892655	1.0	1.0	0	1.0	1.0	0.711864406779661	0.4943502824858757	0.4576271186440678	0.5	0.3757062146892655	0.4265536723163842	1.0	1.0	0.4927007299270073	1.0	0.8444444444444444	1.0	0.3559322033898305	0.5112994350282486	0.307909604519774	1.0	0.7417582417582418	0.4322033898305085	0.5225988700564972	0.4915254237288136	0.4661016949152542	0.711864406779661	0.4661016949152542	1.0	0.4887005649717514	0.4124293785310734	1.0	1.0	0.4491525423728814	0.6129943502824858	0.3926553672316384	0.3220338983050847	0.403954802259887	1.0	1.0	1.0	0.5790960451977402	0.7062146892655368	0.596045197740113	0.3757062146892655	0.403954802259887	0.4209039548022599	0.0	1.0	0.0	
0.647239263803681	1.0	1.0	1.0	0	1.0	0.5828220858895705	0.5766871165644172	0.5306748466257669	0.7024539877300614	0.8865030674846626	0.6104294478527608	0.50920245398773	1.0	1.0	1.0	1.0	1.0	0.8343558282208589	0.7116564417177914	0.7024539877300614	1.0	1.0	0.8803680981595092	0.8742331288343558	0.7668711656441718	0.9141104294478528	0.8742331288343558	0.9141104294478528	1.0	0.8343558282208589	0.7085889570552147	1.0	1.0	0.6748466257668712	0.5920245398773006	0.5828220858895705	0.4785276073619632	0.6165644171779141	1.0	0.6728395061728395	1.0	0.6073619631901841	0.6226993865030674	0.588957055214724	0.7361963190184049	0.6165644171779141	0.7576687116564417	1.0	0.9263803680981595	1.0	
0.5384615384615384	1.0	0.0	1.0	1.0	0	0.5384615384615384	0.0	0.0	0.0	0.0	0.0	0.5384615384615384	0.0	1.0	1.0	1.0	1.0	0.0	0.0	0.0	0.0	1.0	0.0	0.0	0.0	0.0	0.0	0.0	0.0	0.0	0.0	0.0	1.0	0.0	1.0	0.0	0.0	0.0	0.0	1.0	0.8461538461538461	1.0	0.0	0.6923076923076923	0.0	0.0	0.0	1.0	0.0	1.0	
0.7119509703779366	0.9523809523809523	0.7615894039735099	0.711864406779661	0.5828220858895705	0.5384615384615384	0	0.710929519918284	0.6922257720979765	0.6678681771369722	0.7561761546723953	0.7122002085505735	0.6050080775444265	0.4413793103448276	0.7773722627737226	0.9741935483870968	0.9444444444444444	0.7666666666666667	0.757250268528464	0.6869109947643979	0.7216547497446374	0.8406374501992032	0.6208791208791209	0.745945945945946	0.7266380236305048	0.7579162410623085	0.7518796992481203	0.897948717948718	0.7518796992481203	0.7017937219730942	0.7046186895810956	0.7221654749744637	0.6547169811320754	0.2	0.7318692543411645	0.7718715393133998	0.7068437180796732	0.6307456588355465	0.7252298263534218	0.6122448979591837	0.2037037037037037	0.47305389221556887	0.7515842839036755	0.6899897854954035	0.7438882421420256	0.7787144362486829	0.7150153217568948	0.7507676560900717	0.6857142857142857	0.7620889748549323	0.4759036144578313	
0.6531027466937945	1.0	0.6589403973509934	0.4943502824858757	0.5766871165644172	0.0	0.710929519918284	0	0.5889243876464324	0.586508753861998	0.6541353383458647	0.467674661105318	0.5379644588045234	0.39655172413793105	0.5328467153284672	0.5161290322580645	0.7555555555555555	0.3333333333333333	0.625671321160043	0.562303664921466	0.6491317671092952	0.5219123505976095	0.6483516483516484	0.6827027027027027	0.6836734693877551	0.7226762002042901	0.6476906552094522	0.8784615384615385	0.6476906552094522	0.7107623318385651	0.6573576799140709	0.6943031536113937	0.6811320754716981	1.0	0.6012207527975585	0.7308970099667774	0.528971028971029	0.47008973080757727	0.5523906408952187	0.29591836734693877	0.24691358024691357	0.7095808383233533	0.6711026615969582	0.6658341658341659	0.6606519208381839	0.5526870389884089	0.5371312309257376	0.7400204708290685	0.37142857142857144	0.7350096711798839	0.10843373493975904	
0.5985090521831736	0.7619047619047619	0.46688741721854304	0.4576271186440678	0.5306748466257669	0.0	0.6922257720979765	0.5889243876464324	0	0.6160809371671991	0.6525241675617616	0.54419595314164	0.5016155088852988	0.0	0.5802919708029197	0.6709677419354839	0.7555555555555555	0.28888888888888886	0.6670247046186896	0.556975505857295	0.6735889243876464	0.5796812749003984	0.5714285714285714	0.7172972972972973	0.7255639097744361	0.744408945686901	0.6809881847475833	0.8631522896698616	0.6809881847475833	0.6838565022421524	0.6804511278195489	0.6884984025559105	0.560377358490566	0.8666666666666667	0.5947816826411075	0.7768549280177187	0.5846645367412141	0.4685835995740149	0.6224707135250266	0.0	0.2037037037037037	0.38922155688622756	0.6837769328263625	0.6187433439829606	0.6909196740395809	0.6048988285410011	0.6224707135250266	0.711395101171459	0.0	0.7340425531914894	0.20481927710843373	
0.6668383110195675	0.7619047619047619	0.609271523178808	0.5	0.7024539877300614	0.0	0.6678681771369722	0.586508753861998	0.6160809371671991	0	0.5671321160042965	0.5891553701772679	0.6025848142164781	0.3758620689655172	0.583941605839416	0.6709677419354839	0.8777777777777778	0.6222222222222222	0.5526315789473685	0.5973821989528796	0.5401647785787848	0.5199203187250996	0.6758241758241759	0.5848648648648649	0.5821697099892589	0.678681771369722	0.5537056928034372	0.853244078269825	0.5537056928034372	0.437219730941704	0.5306122448979592	0.6498455200823893	0.33962264150943394	1.0	0.5422245108135942	0.6661129568106312	0.4588053553038105	0.5818743563336766	0.46189495365602473	0.0	0.2654320987654321	0.6437125748502994	0.6660329531051965	0.6771369721936148	0.7380675203725262	0.6696522655426765	0.45159629248197736	0.6853759011328527	0.5142857142857142	0.5319148936170213	0.25903614457831325	
0.6654135338345865	0.9523809523809523	0.5596026490066225	0.3757062146892655	0.8865030674846626	0.0	0.7561761546723953	0.6541353383458647	0.6525241675617616	0.5671321160042965	0	0.5934479054779807	0.6712439418416801	0.35517241379310344	0.5766423357664233	0.8064516129032258	0.5666666666666667	0.32222222222222224	0.5037593984962406	0.5929108485499462	0.5010741138560687	0.6215139442231076	0.24725274725274726	0.4643243243243243	0.6235230934479055	0.6423200859291085	0.3523093447905478	0.8512352309344791	0.3523093447905478	0.48878923766816146	0.5252416756176155	0.6009667024704619	0.439622641509434	1.0	0.5257787325456499	0.7270210409745294	0.4317937701396348	0.5816326530612245	0.5069817400644469	0.0	0.5185185185185185	0.5479041916167665	0.738276299112801	0.7024704618689581	0.7630966239813737	0.6600429645542427	0.5048335123523093	0.7030075187969925	0.0	0.5754352030947776	0.060240963855421686	
0.6261730969760166	0.7619047619047619	0.5695364238410596	0.4265536723163842	0.6104294478527608	0.0	0.7122002085505735	0.467674661105318	0.54419595314164	0.5891553701772679	0.5934479054779807	0	0.46122778675282716	0.24482758620689654	0.5802919708029197	0.5709677419354838	0.5666666666666667	0.6555555555555556	0.6031149301825993	0.4895287958115183	0.6412930135557873	0.4601593625498008	0.3131868131868132	0.6881081081081081	0.6659505907626209	0.7064650677789364	0.6530612244897959	0.8592283628779979	0.6530612244897959	0.6121076233183856	0.6288936627282492	0.6668404588112617	0.6679245283018868	0.7333333333333333	0.5750782064650678	0.7624584717607974	0.5396246089676746	0.3733055265901981	0.5677789363920751	0.29591836734693877	0.3888888888888889	0.25748502994011974	0.6577946768060836	0.6100104275286757	0.7019790454016298	0.5305584826132771	0.5521376433785193	0.7069864442127216	0.37142857142857144	0.6721470019342359	0.1686746987951807	
0.4701130856219709	1.0	0.5728476821192053	1.0	0.50920245398773	0.5384615384615384	0.6050080775444265	0.5379644588045234	0.5016155088852988	0.6025848142164781	0.6712439418416801	0.46122778675282716	0	0.24482758620689654	1.0	0.6838709677419355	1.0	0.7222222222222222	0.635702746365105	0.4927302100161551	0.6567043618739903	0.49800796812749004	1.0	0.7463651050080775	0.7084006462035541	0.7431340872374798	0.721324717285945	0.8683360258481422	0.721324717285945	0.7533632286995515	0.6615508885298869	0.7148626817447497	0.6415094339622641	0.7333333333333333	0.5888529886914378	0.7754442649434572	0.5266558966074314	0.3861066235864297	0.6276252019386107	0.1836734693877551	0.21604938271604937	0.4431137724550898	0.7592891760904685	0.6017770597738288	0.622778675282714	0.5856219709208401	0.6033925686591276	0.7334410339256866	1.0	0.7253384912959381	1.0	
0.3689655172413793	1.0	0.5206896551724138	1.0	1.0	0.0	0.4413793103448276	0.39655172413793105	0.0	0.3758620689655172	0.35517241379310344	0.24482758620689654	0.24482758620689654	0	1.0	1.0	1.0	0.7888888888888889	0.49310344827586206	0.20689655172413793	0.4827586206896552	0.593103448275862	1.0	0.4517241379310345	0.503448275862069	0.6482758620689655	0.3758620689655172	0.8275862068965517	0.3758620689655172	0.6482758620689655	0.4517241379310345	0.5620689655172414	0.4517241379310345	1.0	0.23103448275862068	0.9586206896551724	0.32413793103448274	0.10689655172413794	0.49310344827586206	0.0	1.0	0.5137931034482759	0.7103448275862069	0.22758620689655173	0.5586206896551724	0.04827586206896552	0.49310344827586206	0.6517241379310345	1.0	0.503448275862069	1.0	
0.4562043795620438	1.0	1.0	0.4927007299270073	1.0	1.0	0.7773722627737226	0.5328467153284672	0.5802919708029197	0.583941605839416	0.5766423357664233	0.5802919708029197	1.0	1.0	0	1.0	1.0	1.0	0.4708029197080292	0.6313868613138686	0.40875912408759124	1.0	0.8626373626373627	0.5401459854014599	0.5912408759124088	0.5437956204379562	0.6277372262773723	0.7518248175182481	0.6277372262773723	1.0	0.6240875912408759	0.5109489051094891	1.0	1.0	0.5182481751824818	0.7700729927007299	0.5	0.3759124087591241	0.5072992700729927	1.0	1.0	1.0	0.5328467153284672	0.6715328467153284	0.5802919708029197	0.5255474452554745	0.5072992700729927	0.5328467153284672	0.5714285714285714	1.0	0.35542168674698793	
0.7290322580645161	1.0	1.0	1.0	1.0	1.0	0.9741935483870968	0.5161290322580645	0.6709677419354839	0.6709677419354839	0.8064516129032258	0.5709677419354838	0.6838709677419355	1.0	1.0	0	1.0	1.0	0.6451612903225806	0.4612903225806452	0.8387096774193549	0.5258064516129032	1.0	0.8032258064516129	0.6741935483870968	0.8903225806451613	0.7354838709677419	0.9903225806451613	0.7354838709677419	0.9935483870967742	0.6774193548387096	0.9290322580645162	0.8935483870967742	0.8666666666666667	0.6774193548387096	0.9838709677419355	0.6290322580645161	0.5870967741935483	0.6967741935483871	1.0	1.0	1.0	0.7935483870967742	0.7709677419354839	0.8709677419354839	0.4935483870967742	0.6967741935483871	0.9	1.0	0.7580645161290323	1.0	
0.6666666666666666	1.0	1.0	0.8444444444444444	1.0	1.0	0.9444444444444444	0.7555555555555555	0.7555555555555555	0.8777777777777778	0.5666666666666667	0.5666666666666667	1.0	1.0	1.0	1.0	0	1.0	0.7555555555555555	0.6666666666666666	0.7333333333333333	1.0	0.8444444444444444	0.7777777777777778	0.7555555555555555	0.8444444444444444	0.8666666666666667	0.8888888888888888	0.8666666666666667	1.0	0.6666666666666666	0.6666666666666666	1.0	1.0	0.6555555555555556	0.8	0.7333333333333333	0.6666666666666666	0.8888888888888888	1.0	1.0	1.0	0.9	0.9222222222222223	0.8111111111111111	0.7555555555555555	0.8888888888888888	0.7888888888888889	1.0	1.0	1.0	
0.4222222222222222	1.0	0.9888888888888889	1.0	1.0	1.0	0.7666666666666667	0.3333333333333333	0.28888888888888886	0.6222222222222222	0.32222222222222224	0.6555555555555556	0.7222222222222222	0.7888888888888889	1.0	1.0	1.0	0	0.7222222222222222	0.6666666666666666	0.7444444444444445	0.6666666666666666	1.0	0.6	0.7666666666666667	0.9555555555555556	0.35555555555555557	0.9	0.35555555555555557	0.9555555555555556	0.7222222222222222	0.8888888888888888	0.7222222222222222	1.0	0.6222222222222222	0.9888888888888889	0.7111111111111111	0.7333333333333333	0.4666666666666667	0.9666666666666667	1.0	1.0	0.7222222222222222	0.6	0.6888888888888889	0.7333333333333333	0.4666666666666667	0.7555555555555555	1.0	0.6111111111111112	1.0	
0.6954887218045113	1.0	0.7052980132450332	0.3559322033898305	0.8343558282208589	0.0	0.757250268528464	0.625671321160043	0.6670247046186896	0.5526315789473685	0.5037593984962406	0.6031149301825993	0.635702746365105	0.49310344827586206	0.4708029197080292	0.6451612903225806	0.7555555555555555	0.7222222222222222	0	0.6326530612244898	0.4296455424274973	0.5956175298804781	0.5769230769230769	0.5686486486486486	0.4473684210526316	0.5155746509129968	0.6100966702470462	0.8254564983888292	0.6100966702470462	0.484304932735426	0.36143931256713213	0.514500537056928	0.25471698113207547	0.7333333333333333	0.5671321160042965	0.7513842746400886	0.43501611170784105	0.5816326530612245	0.4747583243823845	0.3979591836734694	0.5185185185185185	0.6377245508982036	0.7129277566539924	0.6761546723952739	0.7211874272409778	0.6482277121374865	0.453813104189044	0.6783029001074113	0.0	0.40522243713733075	0.0	
0.6141361256544503	0.7619047619047619	0.609271523178808	0.5112994350282486	0.7116564417177914	0.0	0.6869109947643979	0.562303664921466	0.556975505857295	0.5973821989528796	0.5929108485499462	0.4895287958115183	0.4927302100161551	0.20689655172413793	0.6313868613138686	0.4612903225806452	0.6666666666666666	0.6666666666666666	0.6326530612244898	0	0.6717277486910995	0.0	0.0	0.6913513513513514	0.6793770139634802	0.7418848167539267	0.6278195488721805	0.8638743455497382	0.6278195488721805	0.7533632286995515	0.6095596133190118	0.6947643979057592	0.5811320754716981	0.7333333333333333	0.5675392670157068	0.7751937984496124	0.5424083769633508	0.3973821989528796	0.5979057591623037	0.07142857142857142	0.41358024691358025	0.5688622754491018	0.7135614702154626	0.6680628272251309	0.719441210710128	0.5842992623814541	0.5973821989528796	0.725130890052356	0.5714285714285714	0.723404255319149	0.24096385542168675	
0.6966292134831461	1.0	0.7152317880794702	0.307909604519774	0.7024539877300614	0.0	0.7216547497446374	0.6491317671092952	0.6735889243876464	0.5401647785787848	0.5010741138560687	0.6412930135557873	0.6567043618739903	0.4827586206896552	0.40875912408759124	0.8387096774193549	0.7333333333333333	0.7444444444444445	0.4296455424274973	0.6717277486910995	0	0.7250996015936255	0.6538461538461539	0.5454054054054054	0.5193340494092373	0.5633299284984679	0.5542427497314716	0.8589743589743589	0.5542427497314716	0.4910313901345291	0.3716433941997852	0.5097037793667007	0.27547169811320754	1.0	0.608273748723187	0.7314507198228128	0.4703779366700715	0.6118488253319714	0.5275791624106231	0.30612244897959184	0.20987654320987653	0.6706586826347305	0.7122940430925222	0.669050051072523	0.69965075669383	0.6559536354056902	0.5076608784473953	0.6566018423746162	0.0	0.4874274661508704	0.0	
0.5976095617529881	1.0	0.7218543046357616	1.0	1.0	0.0	0.8406374501992032	0.5219123505976095	0.5796812749003984	0.5199203187250996	0.6215139442231076	0.4601593625498008	0.49800796812749004	0.593103448275862	1.0	0.5258064516129032	1.0	0.6666666666666666	0.5956175298804781	0.0	0.7250996015936255	0	1.0	0.6733067729083665	0.5936254980079682	0.8386454183266933	0.5358565737051793	0.9143426294820717	0.5358565737051793	0.8923766816143498	0.5956175298804781	0.8187250996015937	0.7151394422310757	0.7333333333333333	0.4541832669322709	0.9641434262948207	0.5059760956175299	0.40239043824701193	0.6414342629482072	0.12244897959183673	1.0	0.844311377245509	0.8147410358565738	0.5916334661354582	0.7470119521912351	0.48406374501992033	0.6414342629482072	0.7350597609561753	1.0	0.6374501992031872	1.0	
0.6868131868131868	1.0	1.0	0.7417582417582418	1.0	1.0	0.6208791208791209	0.6483516483516484	0.5714285714285714	0.6758241758241759	0.24725274725274726	0.3131868131868132	1.0	1.0	0.8626373626373627	1.0	0.8444444444444444	1.0	0.5769230769230769	0.0	0.6538461538461539	1.0	0	0.7472527472527473	0.6978021978021978	0.5	0.6593406593406593	0.8571428571428571	0.6593406593406593	1.0	0.4340659340659341	0.6208791208791209	1.0	1.0	0.31868131868131866	0.6978021978021978	0.521978021978022	0.23626373626373626	0.38461538461538464	1.0	1.0	1.0	0.9120879120879121	0.8681318681318682	0.7857142857142857	0.6208791208791209	0.38461538461538464	0.7087912087912088	0.7428571428571429	1.0	0.9457831325301205	
0.7664864864864865	1.0	0.7152317880794702	0.4322033898305085	0.8803680981595092	0.0	0.745945945945946	0.6827027027027027	0.7172972972972973	0.5848648648648649	0.4643243243243243	0.6881081081081081	0.7463651050080775	0.4517241379310345	0.5401459854014599	0.8032258064516129	0.7777777777777778	0.6	0.5686486486486486	0.6913513513513514	0.5454054054054054	0.6733067729083665	0.7472527472527473	0	0.5935135135135136	0.667027027027027	0.4664864864864865	0.8535135135135136	0.4664864864864865	0.47533632286995514	0.5324324324324324	0.6367567567567568	0.25660377358490566	1.0	0.6005405405405405	0.7524916943521595	0.5205405405405406	0.6897297297297297	0.5048648648648648	0.30612244897959184	0.5185185185185185	0.6706586826347305	0.7357414448669202	0.7097297297297297	0.7724097788125728	0.6913513513513514	0.5027027027027027	0.6924324324324325	0.0	0.5638297872340425	0.0	
0.7980665950590763	1.0	0.7152317880794702	0.5225988700564972	0.8742331288343558	0.0	0.7266380236305048	0.6836734693877551	0.7255639097744361	0.5821697099892589	0.6235230934479055	0.6659505907626209	0.7084006462035541	0.503448275862069	0.5912408759124088	0.6741935483870968	0.7555555555555555	0.7666666666666667	0.4473684210526316	0.6793770139634802	0.5193340494092373	0.5936254980079682	0.6978021978021978	0.5935135135135136	0	0.5682062298603652	0.6680988184747583	0.8748657357679914	0.6680988184747583	0.37668161434977576	0.47046186895810954	0.6009667024704619	0.22641509433962265	0.7333333333333333	0.6245972073039742	0.801218161683278	0.5580021482277121	0.6493018259935553	0.575187969924812	0.30612244897959184	0.6790123456790124	0.6526946107784432	0.7325728770595691	0.709452201933405	0.7834691501746216	0.7201933404940923	0.5542427497314716	0.7169709989258861	0.6857142857142857	0.20309477756286268	0.21686746987951808	
0.7992849846782432	1.0	0.7218543046357616	0.4915254237288136	0.7668711656441718	0.0	0.7579162410623085	0.7226762002042901	0.744408945686901	0.678681771369722	0.6423200859291085	0.7064650677789364	0.7431340872374798	0.6482758620689655	0.5437956204379562	0.8903225806451613	0.8444444444444444	0.9555555555555556	0.5155746509129968	0.7418848167539267	0.5633299284984679	0.8386454183266933	0.5	0.667027027027027	0.5682062298603652	0	0.7148227712137487	0.8692307692307693	0.7148227712137487	0.0	0.5612244897959183	0.6363636363636364	0.5075471698113208	0.0	0.7058222676200204	0.7574750830564784	0.6475995914198162	0.6664964249233912	0.6782431052093973	0.47959183673469385	0.48148148148148145	0.6676646706586826	0.770595690747782	0.7620020429009193	0.759604190919674	0.7334035827186512	0.6583248212461695	0.7671443193449334	0.5714285714285714	0.5899419729206963	0.18072289156626506	
0.692266380236305	0.9523809523809523	0.609271523178808	0.4661016949152542	0.9141104294478528	0.0	0.7518796992481203	0.6476906552094522	0.6809881847475833	0.5537056928034372	0.3523093447905478	0.6530612244897959	0.721324717285945	0.3758620689655172	0.6277372262773723	0.7354838709677419	0.8666666666666667	0.35555555555555557	0.6100966702470462	0.6278195488721805	0.5542427497314716	0.5358565737051793	0.6593406593406593	0.4664864864864865	0.6680988184747583	0.7148227712137487	0	0.8791621911922664	0.0	0.625560538116592	0.5966702470461869	0.6240601503759399	0.4830188679245283	1.0	0.5467239527389903	0.7236987818383167	0.4758324382384533	0.6390977443609023	0.533297529538131	0.0	0.5185185185185185	0.562874251497006	0.7129277566539924	0.7142857142857143	0.770081490104773	0.6713211600429646	0.5311493018259935	0.6718582169709989	0.0	0.6624758220502901	0.060240963855421686	
0.8815384615384615	1.0	0.8145695364238411	0.711864406779661	0.8742331288343558	0.0	0.897948717948718	0.8784615384615385	0.8631522896698616	0.853244078269825	0.8512352309344791	0.8592283628779979	0.8683360258481422	0.8275862068965517	0.7518248175182481	0.9903225806451613	0.8888888888888888	0.9	0.8254564983888292	0.8638743455497382	0.8589743589743589	0.9143426294820717	0.8571428571428571	0.8535135135135136	0.8748657357679914	0.8692307692307693	0.8791621911922664	0	0.8791621911922664	0.820627802690583	0.8732545649838883	0.8333333333333334	0.8358490566037736	1.0	0.8764102564102564	0.8870431893687708	0.8548717948717949	0.8553846153846154	0.8317948717948718	0.6020408163265306	0.6234567901234568	0.9011976047904192	0.9017743979721166	0.8635897435897436	0.8591385331781141	0.8940990516332982	0.8292307692307692	0.8738461538461538	0.8571428571428571	0.9100580270793037	0.5060240963855421	
0.692266380236305	0.9523809523809523	0.609271523178808	0.4661016949152542	0.9141104294478528	0.0	0.7518796992481203	0.6476906552094522	0.6809881847475833	0.5537056928034372	0.3523093447905478	0.6530612244897959	0.721324717285945	0.3758620689655172	0.6277372262773723	0.7354838709677419	0.8666666666666667	0.35555555555555557	0.6100966702470462	0.6278195488721805	0.5542427497314716	0.5358565737051793	0.6593406593406593	0.4664864864864865	0.6680988184747583	0.7148227712137487	0.0	0.8791621911922664	0	0.625560538116592	0.5966702470461869	0.6240601503759399	0.4830188679245283	1.0	0.5467239527389903	0.7236987818383167	0.4758324382384533	0.6390977443609023	0.533297529538131	0.0	0.5185185185185185	0.562874251497006	0.7129277566539924	0.7142857142857143	0.770081490104773	0.6713211600429646	0.5311493018259935	0.6718582169709989	0.0	0.6624758220502901	0.060240963855421686	
0.7869955156950673	1.0	0.7218543046357616	1.0	1.0	0.0	0.7017937219730942	0.7107623318385651	0.6838565022421524	0.437219730941704	0.48878923766816146	0.6121076233183856	0.7533632286995515	0.6482758620689655	1.0	0.9935483870967742	1.0	0.9555555555555556	0.484304932735426	0.7533632286995515	0.4910313901345291	0.8923766816143498	1.0	0.47533632286995514	0.37668161434977576	0.0	0.625560538116592	0.820627802690583	0.625560538116592	0	0.4663677130044843	0.6412556053811659	0.4663677130044843	0.0	0.6905829596412556	0.9932735426008968	0.5381165919282511	0.6165919282511211	0.5582959641255605	0.47959183673469385	1.0	0.6826347305389222	0.7869955156950673	0.6165919282511211	0.8116591928251121	0.7443946188340808	0.5582959641255605	0.8452914798206278	1.0	0.37668161434977576	1.0	
0.7277121374865736	1.0	0.7152317880794702	0.4887005649717514	0.8343558282208589	0.0	0.7046186895810956	0.6573576799140709	0.6804511278195489	0.5306122448979592	0.5252416756176155	0.6288936627282492	0.6615508885298869	0.4517241379310345	0.6240875912408759	0.6774193548387096	0.6666666666666666	0.7222222222222222	0.36143931256713213	0.6095596133190118	0.3716433941997852	0.5956175298804781	0.4340659340659341	0.5324324324324324	0.47046186895810954	0.5612244897959183	0.5966702470461869	0.8732545649838883	0.5966702470461869	0.4663677130044843	0	0.5665950590762621	0.0	0.7333333333333333	0.5338345864661654	0.7331118493909191	0.47099892588614395	0.5972073039742213	0.5118152524167562	0.30612244897959184	0.5185185185185185	0.6706586826347305	0.7230671736375158	0.6868958109559613	0.7718277066356228	0.6750805585392051	0.4908700322234157	0.6906552094522019	0.0	0.4158607350096712	0.19879518072289157	
0.7334689725330621	1.0	0.7847682119205298	0.4124293785310734	0.7085889570552147	0.0	0.7221654749744637	0.6943031536113937	0.6884984025559105	0.6498455200823893	0.6009667024704619	0.6668404588112617	0.7148626817447497	0.5620689655172414	0.5109489051094891	0.9290322580645162	0.6666666666666666	0.8888888888888888	0.514500537056928	0.6947643979057592	0.5097037793667007	0.8187250996015937	0.6208791208791209	0.6367567567567568	0.6009667024704619	0.6363636363636364	0.6240601503759399	0.8333333333333334	0.6240601503759399	0.6412556053811659	0.5665950590762621	0	0.5528301886792453	1.0	0.6398779247202442	0.7342192691029901	0.5768056968463886	0.5966429298067142	0.6169888097660223	0.4897959183673469	0.20987654320987653	0.625748502994012	0.7211660329531052	0.7212614445574771	0.7171129220023282	0.702845100105374	0.5971515768056969	0.68014329580348	0.0	0.6286266924564797	0.0	
0.7188679245283018	1.0	0.7152317880794702	1.0	1.0	0.0	0.6547169811320754	0.6811320754716981	0.560377358490566	0.33962264150943394	0.439622641509434	0.6679245283018868	0.6415094339622641	0.4517241379310345	1.0	0.8935483870967742	1.0	0.7222222222222222	0.25471698113207547	0.5811320754716981	0.27547169811320754	0.7151394422310757	1.0	0.25660377358490566	0.22641509433962265	0.5075471698113208	0.4830188679245283	0.8358490566037736	0.4830188679245283	0.4663677130044843	0.0	0.5528301886792453	0	0.7333333333333333	0.42641509433962266	0.9679245283018868	0.30754716981132074	0.6188679245283019	0.32264150943396225	0.30612244897959184	1.0	0.7155688622754491	0.6849056603773584	0.4830188679245283	0.7905660377358491	0.620754716981132	0.32264150943396225	0.6962264150943396	1.0	0.2320754716981132	1.0	
1.0	1.0	1.0	1.0	1.0	1.0	0.2	1.0	0.8666666666666667	1.0	1.0	0.7333333333333333	0.7333333333333333	1.0	1.0	0.8666666666666667	1.0	1.0	0.7333333333333333	0.7333333333333333	1.0	0.7333333333333333	1.0	1.0	0.7333333333333333	0.0	1.0	1.0	1.0	0.0	0.7333333333333333	1.0	0.7333333333333333	0	1.0	1.0	1.0	0.0	1.0	1.0	1.0	1.0	1.0	0.7333333333333333	1.0	1.0	1.0	0.26666666666666666	1.0	0.7333333333333333	1.0	
0.659206510681587	0.7619047619047619	0.6158940397350994	0.4491525423728814	0.6748466257668712	0.0	0.7318692543411645	0.6012207527975585	0.5947816826411075	0.5422245108135942	0.5257787325456499	0.5750782064650678	0.5888529886914378	0.23103448275862068	0.5182481751824818	0.6774193548387096	0.6555555555555556	0.6222222222222222	0.5671321160042965	0.5675392670157068	0.608273748723187	0.4541832669322709	0.31868131868131866	0.6005405405405405	0.6245972073039742	0.7058222676200204	0.5467239527389903	0.8764102564102564	0.5467239527389903	0.6905829596412556	0.5338345864661654	0.6398779247202442	0.42641509433962266	1.0	0	0.7142857142857143	0.4745676500508647	0.5218718209562564	0.5615462868769074	0.0	0.4382716049382716	0.6437125748502994	0.7395437262357415	0.7049847405900305	0.7217694994179278	0.6253951527924131	0.5478128179043744	0.6755373592630501	0.0	0.5831721470019342	0.060240963855421686	
0.8156146179401993	1.0	0.9602649006622517	0.6129943502824858	0.5920245398773006	1.0	0.7718715393133998	0.7308970099667774	0.7768549280177187	0.6661129568106312	0.7270210409745294	0.7624584717607974	0.7754442649434572	0.9586206896551724	0.7700729927007299	0.9838709677419355	0.8	0.9888888888888889	0.7513842746400886	0.7751937984496124	0.7314507198228128	0.9641434262948207	0.6978021978021978	0.7524916943521595	0.801218161683278	0.7574750830564784	0.7236987818383167	0.8870431893687708	0.7236987818383167	0.9932735426008968	0.7331118493909191	0.7342192691029901	0.9679245283018868	1.0	0.7142857142857143	0	0.6539313399778516	0.7198228128460686	0.6805094130675526	0.8775510204081632	0.2037037037037037	0.9550898203592815	0.8105196451204055	0.7973421926910299	0.8183934807916181	0.8294573643410853	0.6583610188261351	0.7724252491694352	0.5714285714285714	0.9381044487427466	0.3674698795180723	
0.6368260427263479	0.7619047619047619	0.609271523178808	0.3926553672316384	0.5828220858895705	0.0	0.7068437180796732	0.528971028971029	0.5846645367412141	0.4588053553038105	0.4317937701396348	0.5396246089676746	0.5266558966074314	0.32413793103448274	0.5	0.6290322580645161	0.7333333333333333	0.7111111111111111	0.43501611170784105	0.5424083769633508	0.4703779366700715	0.5059760956175299	0.521978021978022	0.5205405405405406	0.5580021482277121	0.6475995914198162	0.4758324382384533	0.8548717948717949	0.4758324382384533	0.5381165919282511	0.47099892588614395	0.5768056968463886	0.30754716981132074	1.0	0.4745676500508647	0.6539313399778516	0	0.515984015984016	0.34587995930824006	0.0	0.2037037037037037	0.6077844311377245	0.7078580481622306	0.6413586413586414	0.7037252619324796	0.5821917808219178	0.32706002034587994	0.6151484135107472	0.0	0.5096711798839458	0.060240963855421686	
0.5732451678535097	1.0	0.46688741721854304	0.3220338983050847	0.4785276073619632	0.0	0.6307456588355465	0.47008973080757727	0.4685835995740149	0.5818743563336766	0.5816326530612245	0.3733055265901981	0.3861066235864297	0.10689655172413794	0.3759124087591241	0.5870967741935483	0.6666666666666666	0.7333333333333333	0.5816326530612245	0.3973821989528796	0.6118488253319714	0.40239043824701193	0.23626373626373626	0.6897297297297297	0.6493018259935553	0.6664964249233912	0.6390977443609023	0.8553846153846154	0.6390977443609023	0.6165919282511211	0.5972073039742213	0.5966429298067142	0.6188679245283019	0.0	0.5218718209562564	0.7198228128460686	0.515984015984016	0	0.5930824008138352	0.0	0.2037037037037037	0.3652694610778443	0.6489226869455006	0.6043956043956044	0.6280558789289872	0.5147523709167545	0.5778229908443541	0.6688843398157626	0.0	0.7011605415860735	0.0	
0.6703967446592065	0.7619047619047619	0.7549668874172185	0.403954802259887	0.6165644171779141	0.0	0.7252298263534218	0.5523906408952187	0.6224707135250266	0.46189495365602473	0.5069817400644469	0.5677789363920751	0.6276252019386107	0.49310344827586206	0.5072992700729927	0.6967741935483871	0.8888888888888888	0.4666666666666667	0.4747583243823845	0.5979057591623037	0.5275791624106231	0.6414342629482072	0.38461538461538464	0.5048648648648648	0.575187969924812	0.6782431052093973	0.533297529538131	0.8317948717948718	0.533297529538131	0.5582959641255605	0.5118152524167562	0.6169888097660223	0.32264150943396225	1.0	0.5615462868769074	0.6805094130675526	0.34587995930824006	0.5930824008138352	0	0.3979591836734694	0.21604938271604937	0.6976047904191617	0.6825095057034221	0.7065106815869786	0.7386495925494762	0.6886195995785037	0.02034587995930824	0.6837256908904811	0.0	0.562862669245648	0.060240963855421686	
0.1836734693877551	1.0	0.02040816326530612	1.0	1.0	0.0	0.6122448979591837	0.29591836734693877	0.0	0.0	0.0	0.29591836734693877	0.1836734693877551	0.0	1.0	1.0	1.0	0.9666666666666667	0.3979591836734694	0.07142857142857142	0.30612244897959184	0.12244897959183673	1.0	0.30612244897959184	0.30612244897959184	0.47959183673469385	0.0	0.6020408163265306	0.0	0.47959183673469385	0.30612244897959184	0.4897959183673469	0.30612244897959184	1.0	0.0	0.8775510204081632	0.0	0.0	0.3979591836734694	0	1.0	0.4489795918367347	0.8979591836734694	0.30612244897959184	0.5510204081632653	0.0	0.3979591836734694	0.3877551020408163	1.0	0.30612244897959184	1.0	
0.5185185185185185	1.0	1.0	1.0	0.6728395061728395	1.0	0.2037037037037037	0.24691358024691357	0.2037037037037037	0.2654320987654321	0.5185185185185185	0.3888888888888889	0.21604938271604937	1.0	1.0	1.0	1.0	1.0	0.5185185185185185	0.41358024691358025	0.20987654320987653	1.0	1.0	0.5185185185185185	0.6790123456790124	0.48148148148148145	0.5185185185185185	0.6234567901234568	0.5185185185185185	1.0	0.5185185185185185	0.20987654320987653	1.0	1.0	0.4382716049382716	0.2037037037037037	0.2037037037037037	0.2037037037037037	0.21604938271604937	1.0	0	1.0	0.3888888888888889	0.42592592592592593	0.2037037037037037	0.7530864197530864	0.21604938271604937	0.0	1.0	1.0	1.0	
0.5269461077844312	1.0	0.6754966887417219	1.0	1.0	0.8461538461538461	0.47305389221556887	0.7095808383233533	0.38922155688622756	0.6437125748502994	0.5479041916167665	0.25748502994011974	0.4431137724550898	0.5137931034482759	1.0	1.0	1.0	1.0	0.6377245508982036	0.5688622754491018	0.6706586826347305	0.844311377245509	1.0	0.6706586826347305	0.6526946107784432	0.6676646706586826	0.562874251497006	0.9011976047904192	0.562874251497006	0.6826347305389222	0.6706586826347305	0.625748502994012	0.7155688622754491	1.0	0.6437125748502994	0.9550898203592815	0.6077844311377245	0.3652694610778443	0.6976047904191617	0.4489795918367347	1.0	0	0.47005988023952094	0.37425149700598803	0.655688622754491	0.5059880239520959	0.6976047904191617	0.7904191616766467	1.0	0.6526946107784432	1.0	
0.7427122940430925	1.0	0.9006622516556292	0.5790960451977402	0.6073619631901841	1.0	0.7515842839036755	0.6711026615969582	0.6837769328263625	0.6660329531051965	0.738276299112801	0.6577946768060836	0.7592891760904685	0.7103448275862069	0.5328467153284672	0.7935483870967742	0.9	0.7222222222222222	0.7129277566539924	0.7135614702154626	0.7122940430925222	0.8147410358565738	0.9120879120879121	0.7357414448669202	0.7325728770595691	0.770595690747782	0.7129277566539924	0.9017743979721166	0.7129277566539924	0.7869955156950673	0.7230671736375158	0.7211660329531052	0.6849056603773584	1.0	0.7395437262357415	0.8105196451204055	0.7078580481622306	0.6489226869455006	0.6825095057034221	0.8979591836734694	0.3888888888888889	0.47005988023952094	0	0.7173637515842839	0.7667934093789607	0.6888466413181242	0.6825095057034221	0.7686945500633714	0.7428571428571429	0.7998065764023211	0.25301204819277107	
0.6912512716174974	1.0	0.5794701986754967	0.7062146892655368	0.6226993865030674	0.0	0.6899897854954035	0.6658341658341659	0.6187433439829606	0.6771369721936148	0.7024704618689581	0.6100104275286757	0.6017770597738288	0.22758620689655173	0.6715328467153284	0.7709677419354839	0.9222222222222223	0.6	0.6761546723952739	0.6680628272251309	0.669050051072523	0.5916334661354582	0.8681318681318682	0.7097297297297297	0.709452201933405	0.7620020429009193	0.7142857142857143	0.8635897435897436	0.7142857142857143	0.6165919282511211	0.6868958109559613	0.7212614445574771	0.4830188679245283	0.7333333333333333	0.7049847405900305	0.7973421926910299	0.6413586413586414	0.6043956043956044	0.7065106815869786	0.30612244897959184	0.42592592592592593	0.37425149700598803	0.7173637515842839	0	0.7421420256111758	0.6801896733403583	0.6948118006103764	0.7722620266120778	0.8	0.6189555125725339	0.463855421686747	
0.6850989522700814	1.0	0.7781456953642384	0.596045197740113	0.588957055214724	0.6923076923076923	0.7438882421420256	0.6606519208381839	0.6909196740395809	0.7380675203725262	0.7630966239813737	0.7019790454016298	0.622778675282714	0.5586206896551724	0.5802919708029197	0.8709677419354839	0.8111111111111111	0.6888888888888889	0.7211874272409778	0.719441210710128	0.69965075669383	0.7470119521912351	0.7857142857142857	0.7724097788125728	0.7834691501746216	0.759604190919674	0.770081490104773	0.8591385331781141	0.770081490104773	0.8116591928251121	0.7718277066356228	0.7171129220023282	0.7905660377358491	1.0	0.7217694994179278	0.8183934807916181	0.7037252619324796	0.6280558789289872	0.7386495925494762	0.5510204081632653	0.2037037037037037	0.655688622754491	0.7667934093789607	0.7421420256111758	0	0.7549476135040745	0.7275902211874272	0.7438882421420256	0.7428571428571429	0.8239845261121856	0.3192771084337349	
0.6522655426765016	1.0	0.5165562913907285	0.3757062146892655	0.7361963190184049	0.0	0.7787144362486829	0.5526870389884089	0.6048988285410011	0.6696522655426765	0.6600429645542427	0.5305584826132771	0.5856219709208401	0.04827586206896552	0.5255474452554745	0.4935483870967742	0.7555555555555555	0.7333333333333333	0.6482277121374865	0.5842992623814541	0.6559536354056902	0.48406374501992033	0.6208791208791209	0.6913513513513514	0.7201933404940923	0.7334035827186512	0.6713211600429646	0.8940990516332982	0.6713211600429646	0.7443946188340808	0.6750805585392051	0.702845100105374	0.620754716981132	1.0	0.6253951527924131	0.8294573643410853	0.5821917808219178	0.5147523709167545	0.6886195995785037	0.0	0.7530864197530864	0.5059880239520959	0.6888466413181242	0.6801896733403583	0.7549476135040745	0	0.672813487881981	0.708113804004215	0.37142857142857144	0.7562862669245648	0.10843373493975904	
0.6663275686673449	0.7619047619047619	0.7549668874172185	0.403954802259887	0.6165644171779141	0.0	0.7150153217568948	0.5371312309257376	0.6224707135250266	0.45159629248197736	0.5048335123523093	0.5521376433785193	0.6033925686591276	0.49310344827586206	0.5072992700729927	0.6967741935483871	0.8888888888888888	0.4666666666666667	0.453813104189044	0.5973821989528796	0.5076608784473953	0.6414342629482072	0.38461538461538464	0.5027027027027027	0.5542427497314716	0.6583248212461695	0.5311493018259935	0.8292307692307692	0.5311493018259935	0.5582959641255605	0.4908700322234157	0.5971515768056969	0.32264150943396225	1.0	0.5478128179043744	0.6583610188261351	0.32706002034587994	0.5778229908443541	0.02034587995930824	0.3979591836734694	0.21604938271604937	0.6976047904191617	0.6825095057034221	0.6948118006103764	0.7275902211874272	0.672813487881981	0	0.6647901740020471	0.0	0.558027079303675	0.060240963855421686	
0.7512794268167861	1.0	0.7384105960264901	0.4209039548022599	0.7576687116564417	0.0	0.7507676560900717	0.7400204708290685	0.711395101171459	0.6853759011328527	0.7030075187969925	0.7069864442127216	0.7334410339256866	0.6517241379310345	0.5328467153284672	0.9	0.7888888888888889	0.7555555555555555	0.6783029001074113	0.725130890052356	0.6566018423746162	0.7350597609561753	0.7087912087912088	0.6924324324324325	0.7169709989258861	0.7671443193449334	0.6718582169709989	0.8738461538461538	0.6718582169709989	0.8452914798206278	0.6906552094522019	0.68014329580348	0.6962264150943396	0.26666666666666666	0.6755373592630501	0.7724252491694352	0.6151484135107472	0.6688843398157626	0.6837256908904811	0.3877551020408163	0.0	0.7904191616766467	0.7686945500633714	0.7722620266120778	0.7438882421420256	0.708113804004215	0.6647901740020471	0	0.0	0.7920696324951644	0.07228915662650602	
0.0	1.0	1.0	0.0	1.0	1.0	0.6857142857142857	0.37142857142857144	0.0	0.5142857142857142	0.0	0.37142857142857144	1.0	1.0	0.5714285714285714	1.0	1.0	1.0	0.0	0.5714285714285714	0.0	1.0	0.7428571428571429	0.0	0.6857142857142857	0.5714285714285714	0.0	0.8571428571428571	0.0	1.0	0.0	0.0	1.0	1.0	0.0	0.5714285714285714	0.0	0.0	0.0	1.0	1.0	1.0	0.7428571428571429	0.8	0.7428571428571429	0.37142857142857144	0.0	0.0	0	1.0	0.0	
0.8210831721470019	1.0	0.7152317880794702	1.0	0.9263803680981595	0.0	0.7620889748549323	0.7350096711798839	0.7340425531914894	0.5319148936170213	0.5754352030947776	0.6721470019342359	0.7253384912959381	0.503448275862069	1.0	0.7580645161290323	1.0	0.6111111111111112	0.40522243713733075	0.723404255319149	0.4874274661508704	0.6374501992031872	1.0	0.5638297872340425	0.20309477756286268	0.5899419729206963	0.6624758220502901	0.9100580270793037	0.6624758220502901	0.37668161434977576	0.4158607350096712	0.6286266924564797	0.2320754716981132	0.7333333333333333	0.5831721470019342	0.9381044487427466	0.5096711798839458	0.7011605415860735	0.562862669245648	0.30612244897959184	1.0	0.6526946107784432	0.7998065764023211	0.6189555125725339	0.8239845261121856	0.7562862669245648	0.558027079303675	0.7920696324951644	1.0	0	1.0	
