0	0.3644859813084112	0.8744493392070485	0.5903083700440529	0.5220264317180616	0.7610619469026548	0.6563876651982379	0.5414634146341464	0.9230769230769231	0.748898678414097	0.42070484581497797	0.8590604026845637	0.5029239766081871	0.76431718061674	0.6784140969162996	0.8193832599118943	0.5925110132158591	0.0	0.41379310344827586	0.7797356828193832	0.7052401746724891	0.6977777777777778	0.7885572139303483	0.7663755458515283	0.4408284023668639	0.6740088105726872	0.7867132867132867	0.37714285714285717	0.6257668711656442	0.5393013100436681	0.7092511013215859	0.6035242290748899	0.6740088105726872	0.8181818181818182	
0.3644859813084112	0	0.9626168224299065	0.5	0.5514018691588785	0.8364485981308412	0.48130841121495327	0.48598130841121495	0.9230769230769231	0.6542056074766355	0.5093457943925234	0.9112149532710281	0.46261682242990654	0.6682242990654206	0.514018691588785	0.719626168224299	0.34579439252336447	1.0	0.34579439252336447	0.7009345794392523	0.4672897196261682	0.6261682242990654	0.8037383177570093	0.6448598130841121	0.4485981308411215	0.5560747663551402	0.7757009345794392	0.2383177570093458	0.7523364485981309	0.411214953271028	0.6869158878504673	0.5700934579439252	0.5560747663551402	0.8037383177570093	
0.8744493392070485	0.9626168224299065	0	0.8502202643171806	0.8656387665198237	0.8230088495575221	0.8854625550660793	0.9512195121951219	1.0	0.933920704845815	0.8612334801762115	0.9362416107382551	0.9181286549707602	0.9361233480176211	0.933920704845815	0.9559471365638766	0.9295154185022027	0.0	0.9206896551724137	0.920704845814978	0.9581497797356828	0.86	0.8830845771144279	0.8986784140969163	0.9437869822485208	0.9295154185022027	0.986013986013986	0.96	0.9539877300613497	0.8480176211453745	0.920704845814978	0.8303964757709251	0.9295154185022027	0.9424242424242424	
0.5903083700440529	0.5	0.8502202643171806	0	0.539647577092511	0.7699115044247787	0.762114537444934	0.36829268292682926	0.0	0.8039647577092511	0.5682819383259912	0.8187919463087249	0.5175438596491229	0.8325991189427313	0.751101321585903	0.8414096916299559	0.6718061674008811	0.0	0.6068965517241379	0.8149779735682819	0.6585903083700441	0.7177777777777777	0.8084577114427861	0.6013215859030837	0.4526627218934911	0.6541850220264317	0.7867132867132867	0.3657142857142857	0.843558282208589	0.6013215859030837	0.8171806167400881	0.5748898678414097	0.6541850220264317	0.7303030303030303	
0.5220264317180616	0.5514018691588785	0.8656387665198237	0.539647577092511	0	0.8053097345132744	0.6960352422907489	0.5121951219512195	0.0	0.8612334801762115	0.5286343612334802	0.8523489932885906	0.47076023391812866	0.801762114537445	0.7907488986784141	0.8788546255506607	0.7048458149779736	0.0	0.6172413793103448	0.8127753303964758	0.7224669603524229	0.6977777777777778	0.7686567164179104	0.7466960352422908	0.5502958579881657	0.6872246696035242	0.7307692307692307	0.45714285714285713	0.7484662576687117	0.486784140969163	0.6453744493392071	0.5352422907488987	0.6872246696035242	0.696969696969697	
0.7610619469026548	0.8364485981308412	0.8230088495575221	0.7699115044247787	0.8053097345132744	0	0.7256637168141593	0.8495575221238938	1.0	0.8230088495575221	0.7256637168141593	0.9911504424778761	0.8761061946902655	0.7964601769911505	0.7522123893805309	0.8539823008849557	0.7522123893805309	0.2608695652173913	0.7522123893805309	0.8230088495575221	0.7876106194690266	0.6946902654867256	0.5265486725663717	0.8008849557522124	0.8805309734513275	0.6150442477876106	0.911504424778761	0.8584070796460177	0.8849557522123894	0.7787610619469026	0.831858407079646	0.8230088495575221	0.6150442477876106	0.9823008849557522	
0.6563876651982379	0.48130841121495327	0.8854625550660793	0.762114537444934	0.6960352422907489	0.7256637168141593	0	0.675609756097561	1.0	0.5704845814977973	0.6365638766519823	0.6040268456375839	0.4853801169590643	0.1762114537444934	0.4801762114537445	0.724669603524229	0.3634361233480176	0.2608695652173913	0.3310344827586207	0.5594713656387665	0.32599118942731276	0.4688888888888889	0.599502487562189	0.5969162995594713	0.5857988165680473	0.4185022026431718	0.7657342657342657	0.5685714285714286	0.7515337423312883	0.5638766519823789	0.748898678414097	0.6828193832599119	0.4185022026431718	0.6181818181818182	
0.5414634146341464	0.48598130841121495	0.9512195121951219	0.36829268292682926	0.5121951219512195	0.8495575221238938	0.675609756097561	0	0.0	0.7975609756097561	0.3097560975609756	0.8322147651006712	0.39473684210526316	0.775609756097561	0.7390243902439024	0.8658536585365854	0.6634146341463415	0.9565217391304348	0.603448275862069	0.8121951219512196	0.6487804878048781	0.7780487804878049	0.8432835820895522	0.6829268292682927	0.28994082840236685	0.7219512195121951	0.7867132867132867	0.28	0.7852760736196319	0.5048780487804878	0.7268292682926829	0.5634146341463414	0.7219512195121951	0.7636363636363637	
0.9230769230769231	0.9230769230769231	1.0	0.0	0.0	1.0	1.0	0.0	0	1.0	0.9230769230769231	1.0	1.0	1.0	1.0	1.0	0.9230769230769231	1.0	0.9230769230769231	1.0	1.0	1.0	1.0	1.0	1.0	1.0	1.0	0.9230769230769231	1.0	1.0	1.0	0.6153846153846154	1.0	1.0	
0.748898678414097	0.6542056074766355	0.933920704845815	0.8039647577092511	0.8612334801762115	0.8230088495575221	0.5704845814977973	0.7975609756097561	1.0	0	0.7797356828193832	0.5604026845637584	0.6988304093567251	0.6387665198237885	0.2422907488986784	0.7907488986784141	0.5947136563876652	0.2608695652173913	0.5206896551724138	0.5814977973568282	0.5881057268722467	0.7133333333333334	0.7338308457711443	0.6409691629955947	0.727810650887574	0.6343612334801763	0.7867132867132867	0.7171428571428572	0.852760736196319	0.724669603524229	0.9008810572687225	0.8171806167400881	0.6343612334801763	0.44242424242424244	
0.42070484581497797	0.5093457943925234	0.8612334801762115	0.5682819383259912	0.5286343612334802	0.7256637168141593	0.6365638766519823	0.3097560975609756	0.9230769230769231	0.7797356828193832	0	0.8187919463087249	0.38011695906432746	0.775330396475771	0.7268722466960352	0.8325991189427313	0.6409691629955947	0.2608695652173913	0.5275862068965518	0.775330396475771	0.6894273127753304	0.7311111111111112	0.7686567164179104	0.737885462555066	0.35502958579881655	0.6806167400881057	0.7587412587412588	0.33714285714285713	0.7331288343558282	0.4955947136563877	0.6718061674008811	0.5440528634361234	0.6806167400881057	0.8121212121212121	
0.8590604026845637	0.9112149532710281	0.9362416107382551	0.8187919463087249	0.8523489932885906	0.9911504424778761	0.6040268456375839	0.8322147651006712	1.0	0.5604026845637584	0.8187919463087249	0	0.7885906040268457	0.5100671140939598	0.5604026845637584	0.7919463087248322	0.6140939597315436	1.0	0.8206896551724138	0.4697986577181208	0.45302013422818793	0.7114093959731543	0.7785234899328859	0.6342281879194631	0.8389261744966443	0.5268456375838926	0.8251748251748252	0.8187919463087249	0.9362416107382551	0.7885906040268457	0.8859060402684564	0.7986577181208053	0.5268456375838926	0.6375838926174496	
0.5029239766081871	0.46261682242990654	0.9181286549707602	0.5175438596491229	0.47076023391812866	0.8761061946902655	0.4853801169590643	0.39473684210526316	1.0	0.6988304093567251	0.38011695906432746	0.7885906040268457	0	0.6929824561403509	0.6052631578947368	0.7631578947368421	0.5263157894736842	1.0	0.5482758620689655	0.6929824561403509	0.47953216374269003	0.5701754385964912	0.7923976608187134	0.6695906432748538	0.3905325443786982	0.5789473684210527	0.6923076923076923	0.2573099415204678	0.6809815950920245	0.21052631578947367	0.6257309941520468	0.3508771929824561	0.5789473684210527	0.7	
0.76431718061674	0.6682242990654206	0.9361233480176211	0.8325991189427313	0.801762114537445	0.7964601769911505	0.1762114537444934	0.775609756097561	1.0	0.6387665198237885	0.775330396475771	0.5100671140939598	0.6929824561403509	0	0.5837004405286343	0.748898678414097	0.44713656387665196	0.2608695652173913	0.4689655172413793	0.486784140969163	0.42070484581497797	0.5777777777777777	0.5597014925373134	0.6696035242290749	0.757396449704142	0.4779735682819383	0.8461538461538461	0.6857142857142857	0.8895705521472392	0.7202643171806168	0.8656387665198237	0.76431718061674	0.4779735682819383	0.696969696969697	
0.6784140969162996	0.514018691588785	0.933920704845815	0.751101321585903	0.7907488986784141	0.7522123893805309	0.4801762114537445	0.7390243902439024	1.0	0.2422907488986784	0.7268722466960352	0.5604026845637584	0.6052631578947368	0.5837004405286343	0	0.7444933920704846	0.5198237885462555	0.2608695652173913	0.40344827586206894	0.3876651982378855	0.44933920704845814	0.6311111111111111	0.7064676616915423	0.5837004405286343	0.6331360946745562	0.5440528634361234	0.7132867132867133	0.6257142857142857	0.7607361963190185	0.6541850220264317	0.8303964757709251	0.8105726872246696	0.5440528634361234	0.41515151515151516	
0.8193832599118943	0.719626168224299	0.9559471365638766	0.8414096916299559	0.8788546255506607	0.8539823008849557	0.724669603524229	0.8658536585365854	1.0	0.7907488986784141	0.8325991189427313	0.7919463087248322	0.7631578947368421	0.748898678414097	0.7444933920704846	0	0.7004405286343612	0.6521739130434783	0.7413793103448276	0.7290748898678414	0.7070484581497798	0.7711111111111111	0.8532338308457711	0.7995594713656388	0.8254437869822485	0.7158590308370044	0.8461538461538461	0.7828571428571428	0.8773006134969326	0.7951541850220264	0.8612334801762115	0.8348017621145375	0.7158590308370044	0.8848484848484849	
0.5925110132158591	0.34579439252336447	0.9295154185022027	0.6718061674008811	0.7048458149779736	0.7522123893805309	0.3634361233480176	0.6634146341463415	0.9230769230769231	0.5947136563876652	0.6409691629955947	0.6140939597315436	0.5263157894736842	0.44713656387665196	0.5198237885462555	0.7004405286343612	0	0.2608695652173913	0.0	0.579295154185022	0.45154185022026433	0.6355555555555555	0.6915422885572139	0.6233480176211453	0.6035502958579881	0.4977973568281938	0.6993006993006993	0.48	0.7944785276073619	0.5814977973568282	0.7555066079295154	0.7290748898678414	0.4977973568281938	0.6757575757575758	
0.0	1.0	0.0	0.0	0.0	0.2608695652173913	0.2608695652173913	0.9565217391304348	1.0	0.2608695652173913	0.2608695652173913	1.0	1.0	0.2608695652173913	0.2608695652173913	0.6521739130434783	0.2608695652173913	0	0.2608695652173913	0.2608695652173913	0.8260869565217391	0.0	0.2608695652173913	0.0	1.0	0.2608695652173913	1.0	1.0	1.0	0.0	0.8260869565217391	0.0	0.2608695652173913	1.0	
0.41379310344827586	0.34579439252336447	0.9206896551724137	0.6068965517241379	0.6172413793103448	0.7522123893805309	0.3310344827586207	0.603448275862069	0.9230769230769231	0.5206896551724138	0.5275862068965518	0.8206896551724138	0.5482758620689655	0.4689655172413793	0.40344827586206894	0.7413793103448276	0.0	0.2608695652173913	0	0.5344827586206896	0.3931034482758621	0.49310344827586206	0.6586206896551724	0.6620689655172414	0.5655172413793104	0.4517241379310345	0.8251748251748252	0.4482758620689655	0.8241379310344827	0.45517241379310347	0.696551724137931	0.6724137931034483	0.4517241379310345	0.7758620689655172	
0.7797356828193832	0.7009345794392523	0.920704845814978	0.8149779735682819	0.8127753303964758	0.8230088495575221	0.5594713656387665	0.8121951219512196	1.0	0.5814977973568282	0.775330396475771	0.4697986577181208	0.6929824561403509	0.486784140969163	0.3876651982378855	0.7290748898678414	0.579295154185022	0.2608695652173913	0.5344827586206896	0	0.4889867841409692	0.6533333333333333	0.6492537313432836	0.6674008810572687	0.7485207100591716	0.539647577092511	0.8286713286713286	0.7142857142857143	0.8773006134969326	0.7202643171806168	0.8678414096916299	0.801762114537445	0.539647577092511	0.7909090909090909	
0.7052401746724891	0.4672897196261682	0.9581497797356828	0.6585903083700441	0.7224669603524229	0.7876106194690266	0.32599118942731276	0.6487804878048781	1.0	0.5881057268722467	0.6894273127753304	0.45302013422818793	0.47953216374269003	0.42070484581497797	0.44933920704845814	0.7070484581497798	0.45154185022026433	0.8260869565217391	0.3931034482758621	0.4889867841409692	0	0.4311111111111111	0.4900497512437811	0.4017467248908297	0.5828402366863905	0.2356828193832599	0.7027972027972028	0.48	0.7944785276073619	0.6179039301310044	0.7577092511013216	0.7400881057268722	0.2356828193832599	0.4121212121212121	
0.6977777777777778	0.6261682242990654	0.86	0.7177777777777777	0.6977777777777778	0.6946902654867256	0.4688888888888889	0.7780487804878049	1.0	0.7133333333333334	0.7311111111111112	0.7114093959731543	0.5701754385964912	0.5777777777777777	0.6311111111111111	0.7711111111111111	0.6355555555555555	0.0	0.49310344827586206	0.6533333333333333	0.4311111111111111	0	0.49502487562189057	0.6533333333333333	0.6272189349112426	0.3488888888888889	0.8566433566433567	0.66	0.7944785276073619	0.6377777777777778	0.7911111111111111	0.6044444444444445	0.3488888888888889	0.6272727272727273	
0.7885572139303483	0.8037383177570093	0.8830845771144279	0.8084577114427861	0.7686567164179104	0.5265486725663717	0.599502487562189	0.8432835820895522	1.0	0.7338308457711443	0.7686567164179104	0.7785234899328859	0.7923976608187134	0.5597014925373134	0.7064676616915423	0.8532338308457711	0.6915422885572139	0.2608695652173913	0.6586206896551724	0.6492537313432836	0.4900497512437811	0.49502487562189057	0	0.599502487562189	0.8816568047337278	0.3383084577114428	0.9090909090909091	0.76	0.9539877300613497	0.7960199004975125	0.8805970149253731	0.7661691542288557	0.3383084577114428	0.6909090909090909	
0.7663755458515283	0.6448598130841121	0.8986784140969163	0.6013215859030837	0.7466960352422908	0.8008849557522124	0.5969162995594713	0.6829268292682927	1.0	0.6409691629955947	0.737885462555066	0.6342281879194631	0.6695906432748538	0.6696035242290749	0.5837004405286343	0.7995594713656388	0.6233480176211453	0.0	0.6620689655172414	0.6674008810572687	0.4017467248908297	0.6533333333333333	0.599502487562189	0	0.7751479289940828	0.45154185022026433	0.7972027972027972	0.6657142857142857	0.8742331288343558	0.7117903930131004	0.8656387665198237	0.7004405286343612	0.45154185022026433	0.3939393939393939	
0.4408284023668639	0.4485981308411215	0.9437869822485208	0.4526627218934911	0.5502958579881657	0.8805309734513275	0.5857988165680473	0.28994082840236685	1.0	0.727810650887574	0.35502958579881655	0.8389261744966443	0.3905325443786982	0.757396449704142	0.6331360946745562	0.8254437869822485	0.6035502958579881	1.0	0.5655172413793104	0.7485207100591716	0.5828402366863905	0.6272189349112426	0.8816568047337278	0.7751479289940828	0	0.6834319526627219	0.7972027972027972	0.3520710059171598	0.7269938650306749	0.4437869822485207	0.6745562130177515	0.5798816568047337	0.6834319526627219	0.7424242424242424	
0.6740088105726872	0.5560747663551402	0.9295154185022027	0.6541850220264317	0.6872246696035242	0.6150442477876106	0.4185022026431718	0.7219512195121951	1.0	0.6343612334801763	0.6806167400881057	0.5268456375838926	0.5789473684210527	0.4779735682819383	0.5440528634361234	0.7158590308370044	0.4977973568281938	0.2608695652173913	0.4517241379310345	0.539647577092511	0.2356828193832599	0.3488888888888889	0.3383084577114428	0.45154185022026433	0.6834319526627219	0	0.7237762237762237	0.5771428571428572	0.7638036809815951	0.6585903083700441	0.762114537444934	0.7136563876651982	0.0	0.5272727272727272	
0.7867132867132867	0.7757009345794392	0.986013986013986	0.7867132867132867	0.7307692307692307	0.911504424778761	0.7657342657342657	0.7867132867132867	1.0	0.7867132867132867	0.7587412587412588	0.8251748251748252	0.6923076923076923	0.8461538461538461	0.7132867132867133	0.8461538461538461	0.6993006993006993	1.0	0.8251748251748252	0.8286713286713286	0.7027972027972028	0.8566433566433567	0.9090909090909091	0.7972027972027972	0.7972027972027972	0.7237762237762237	0	0.7657342657342657	0.8181818181818182	0.6818181818181818	0.8391608391608392	0.8496503496503497	0.7237762237762237	0.7832167832167832	
0.37714285714285717	0.2383177570093458	0.96	0.3657142857142857	0.45714285714285713	0.8584070796460177	0.5685714285714286	0.28	0.9230769230769231	0.7171428571428572	0.33714285714285713	0.8187919463087249	0.2573099415204678	0.6857142857142857	0.6257142857142857	0.7828571428571428	0.48	1.0	0.4482758620689655	0.7142857142857143	0.48	0.66	0.76	0.6657142857142857	0.3520710059171598	0.5771428571428572	0.7657342657342657	0	0.7944785276073619	0.38571428571428573	0.6714285714285714	0.4114285714285714	0.5771428571428572	0.7121212121212122	
0.6257668711656442	0.7523364485981309	0.9539877300613497	0.843558282208589	0.7484662576687117	0.8849557522123894	0.7515337423312883	0.7852760736196319	1.0	0.852760736196319	0.7331288343558282	0.9362416107382551	0.6809815950920245	0.8895705521472392	0.7607361963190185	0.8773006134969326	0.7944785276073619	1.0	0.8241379310344827	0.8773006134969326	0.7944785276073619	0.7944785276073619	0.9539877300613497	0.8742331288343558	0.7269938650306749	0.7638036809815951	0.8181818181818182	0.7944785276073619	0	0.6748466257668712	0.5705521472392638	0.8374233128834356	0.7638036809815951	0.8865030674846626	
0.5393013100436681	0.411214953271028	0.8480176211453745	0.6013215859030837	0.486784140969163	0.7787610619469026	0.5638766519823789	0.5048780487804878	1.0	0.724669603524229	0.4955947136563877	0.7885906040268457	0.21052631578947367	0.7202643171806168	0.6541850220264317	0.7951541850220264	0.5814977973568282	0.0	0.45517241379310347	0.7202643171806168	0.6179039301310044	0.6377777777777778	0.7960199004975125	0.7117903930131004	0.4437869822485207	0.6585903083700441	0.6818181818181818	0.38571428571428573	0.6748466257668712	0	0.7048458149779736	0.5022026431718062	0.6585903083700441	0.7363636363636363	
0.7092511013215859	0.6869158878504673	0.920704845814978	0.8171806167400881	0.6453744493392071	0.831858407079646	0.748898678414097	0.7268292682926829	1.0	0.9008810572687225	0.6718061674008811	0.8859060402684564	0.6257309941520468	0.8656387665198237	0.8303964757709251	0.8612334801762115	0.7555066079295154	0.8260869565217391	0.696551724137931	0.8678414096916299	0.7577092511013216	0.7911111111111111	0.8805970149253731	0.8656387665198237	0.6745562130177515	0.762114537444934	0.8391608391608392	0.6714285714285714	0.5705521472392638	0.7048458149779736	0	0.801762114537445	0.762114537444934	0.8848484848484849	
0.6035242290748899	0.5700934579439252	0.8303964757709251	0.5748898678414097	0.5352422907488987	0.8230088495575221	0.6828193832599119	0.5634146341463414	0.6153846153846154	0.8171806167400881	0.5440528634361234	0.7986577181208053	0.3508771929824561	0.76431718061674	0.8105726872246696	0.8348017621145375	0.7290748898678414	0.0	0.6724137931034483	0.801762114537445	0.7400881057268722	0.6044444444444445	0.7661691542288557	0.7004405286343612	0.5798816568047337	0.7136563876651982	0.8496503496503497	0.4114285714285714	0.8374233128834356	0.5022026431718062	0.801762114537445	0	0.7136563876651982	0.7242424242424242	
0.6740088105726872	0.5560747663551402	0.9295154185022027	0.6541850220264317	0.6872246696035242	0.6150442477876106	0.4185022026431718	0.7219512195121951	1.0	0.6343612334801763	0.6806167400881057	0.5268456375838926	0.5789473684210527	0.4779735682819383	0.5440528634361234	0.7158590308370044	0.4977973568281938	0.2608695652173913	0.4517241379310345	0.539647577092511	0.2356828193832599	0.3488888888888889	0.3383084577114428	0.45154185022026433	0.6834319526627219	0.0	0.7237762237762237	0.5771428571428572	0.7638036809815951	0.6585903083700441	0.762114537444934	0.7136563876651982	0	0.5272727272727272	
0.8181818181818182	0.8037383177570093	0.9424242424242424	0.7303030303030303	0.696969696969697	0.9823008849557522	0.6181818181818182	0.7636363636363637	1.0	0.44242424242424244	0.8121212121212121	0.6375838926174496	0.7	0.696969696969697	0.41515151515151516	0.8848484848484849	0.6757575757575758	1.0	0.7758620689655172	0.7909090909090909	0.4121212121212121	0.6272727272727273	0.6909090909090909	0.3939393939393939	0.7424242424242424	0.5272727272727272	0.7832167832167832	0.7121212121212122	0.8865030674846626	0.7363636363636363	0.8848484848484849	0.7242424242424242	0.5272727272727272	0	
