0	0.48098859315589354	0.5854214123006833	0.6335149863760218	0.6404358353510896	0.5864553314121037	0.6552567237163814	0.6150684931506849	0.4662004662004662	0.5882352941176471	0.5620689655172414	0.1981981981981982	0.44656488549618323	0.5925925925925926	0.4801864801864802	0.3955431754874652	0.5641025641025641	0.44523326572008115	0.5020283975659229	0.4254545454545455	0.10743801652892562	0.5944055944055944	0.596078431372549	0.3404255319148936	0.4230769230769231	0.5221445221445221	0.486013986013986	0.5559440559440559	0.48259860788863107	0.486013986013986	0.5382830626450116	0.506993006993007	0.44568690095846647	0.41317365269461076	0.3503480278422274	0.6389452332657201	0.2222222222222222	0.7682926829268293	0.7241379310344828	0.526369168356998	0.6643454038997214	0.49411764705882355	0.4649859943977591	0.6595744680851063	0.21311475409836064	0.6130434782608696	0.7169373549883991	0.7575757575757576	0.7051282051282052	0.5603248259860789	0.4825174825174825	
0.48098859315589354	0	0.7129277566539924	0.5779467680608364	0.7452471482889734	0.6007604562737643	0.6958174904942965	0.6653992395437263	0.5380228136882129	0.9893048128342246	0.6241379310344828	0.5855855855855856	0.6679389312977099	0.8580246913580247	0.4429657794676806	0.591254752851711	0.5494296577946768	0.5722433460076045	0.5798479087452472	0.6692015209125475	0.30991735537190085	0.6406844106463878	0.7313725490196078	0.6127659574468085	0.6615384615384615	0.4429657794676806	0.3669201520912547	0.5342205323193916	0.6178707224334601	0.3669201520912547	0.5	0.3269961977186312	0.5	0.4550898203592814	0.4619771863117871	0.6825095057034221	0.2222222222222222	0.8326996197718631	0.6806083650190115	0.5950570342205324	0.8079847908745247	0.796078431372549	0.5817490494296578	0.6482889733840305	0.32786885245901637	0.5494296577946768	0.591254752851711	0.629277566539924	0.6482889733840305	0.4391634980988593	0.4429657794676806	
0.5854214123006833	0.7129277566539924	0	0.6866485013623979	0.6876513317191283	0.5489913544668588	0.7322738386308069	0.7068493150684931	0.4965034965034965	0.6096256684491979	0.5655172413793104	0.6081081081081081	0.648854961832061	0.8888888888888888	0.634032634032634	0.3579387186629526	0.634032634032634	0.4760820045558087	0.5364464692482915	0.4090909090909091	0.5413223140495868	0.7505827505827506	0.7352941176470589	0.5297872340425532	0.4230769230769231	0.6293706293706294	0.6037296037296037	0.6643356643356644	0.6299303944315545	0.6037296037296037	0.5939675174013921	0.6853146853146853	0.5447284345047924	0.6826347305389222	0.531322505800464	0.7084282460136674	0.4382716049382716	0.8075880758807588	0.725287356321839	0.48291571753986334	0.6406685236768802	0.4392156862745098	0.5896358543417367	0.6367781155015197	0.5	0.7623188405797101	0.7308584686774942	0.7564102564102564	0.7016317016317016	0.734338747099768	0.6410256410256411	
0.6335149863760218	0.5779467680608364	0.6866485013623979	0	0.603542234332425	0.6023054755043228	0.6239782016348774	0.7410958904109589	0.6811989100817438	0.8529411764705882	0.5793103448275863	0.7162162162162162	0.7633587786259542	0.8703703703703703	0.5395095367847411	0.6309192200557103	0.5776566757493188	0.6171662125340599	0.6485013623978202	0.6636363636363637	0.5950413223140496	0.5953678474114441	0.8137254901960784	0.6787234042553192	0.6461538461538462	0.5340599455040872	0.5435967302452316	0.6771117166212534	0.4713896457765668	0.5435967302452316	0.5640326975476839	0.5163487738419619	0.6357827476038339	0.6646706586826348	0.5517711171662125	0.6839237057220708	0.6172839506172839	0.8596730245231607	0.6430517711171662	0.6376021798365122	0.7409470752089137	0.6509803921568628	0.5742296918767507	0.5197568389057751	0.6557377049180327	0.7144927536231884	0.6321525885558583	0.6880108991825613	0.5613079019073569	0.7983651226158038	0.5395095367847411	
0.6404358353510896	0.7452471482889734	0.6876513317191283	0.603542234332425	0	0.7175792507204611	0.7212713936430318	0.7068493150684931	0.6380145278450363	0.7272727272727273	0.6862068965517242	0.46396396396396394	0.6870229007633588	0.8703703703703703	0.7046004842615012	0.6323119777158774	0.7009685230024213	0.5968523002421308	0.6900726392251816	0.5145454545454545	0.6859504132231405	0.5992736077481841	0.7509803921568627	0.5085106382978724	0.6384615384615384	0.725181598062954	0.774818401937046	0.7203389830508474	0.6138014527845036	0.774818401937046	0.7566585956416465	0.761501210653753	0.8035143769968051	0.8832335329341318	0.6016949152542372	0.7348668280871671	0.5740740740740741	0.8563685636856369	0.7590799031476998	0.6222760290556901	0.7520891364902507	0.6882352941176471	0.6834733893557423	0.6550151975683891	0.6557377049180327	0.7289855072463768	0.7276029055690073	0.7106537530266344	0.6864406779661016	0.7554479418886199	0.7506053268765133	
0.5864553314121037	0.6007604562737643	0.5489913544668588	0.6023054755043228	0.7175792507204611	0	0.45821325648414984	0.6023054755043228	0.5778097982708934	0.8663101604278075	0.3793103448275862	0.581081081081081	0.6068702290076335	0.8827160493827161	0.5057636887608069	0.4654178674351585	0.5273775216138329	0.5734870317002881	0.4538904899135447	0.42	0.49586776859504134	0.4827089337175792	0.6450980392156863	0.5468085106382978	0.19230769230769232	0.5172910662824207	0.4711815561959654	0.35014409221902015	0.579250720461095	0.4711815561959654	0.5504322766570605	0.5605187319884726	0.5527156549520766	0.5029940119760479	0.5144092219020173	0.4769452449567723	0.49382716049382713	0.6268011527377522	0.3904899135446686	0.48559077809798273	0.6988472622478387	0.6392156862745098	0.6354466858789626	0.4209726443768997	0.5409836065573771	0.7318840579710145	0.6152737752161384	0.5706051873198847	0.3976945244956772	0.5547550432276657	0.5	
0.6552567237163814	0.6958174904942965	0.7322738386308069	0.6239782016348774	0.7212713936430318	0.45821325648414984	0	0.7520547945205479	0.7090464547677262	0.8475935828877005	0.5862068965517241	0.6711711711711712	0.6603053435114504	0.8950617283950617	0.5464547677261614	0.5473537604456824	0.5244498777506112	0.6797066014669927	0.6454767726161369	0.6163636363636363	0.49173553719008267	0.2885085574572127	0.7529411764705882	0.6127659574468085	0.6	0.519559902200489	0.5709046454767727	0.19926650366748166	0.684596577017115	0.5709046454767727	0.597799511002445	0.5366748166259169	0.5638977635782748	0.4161676646706587	0.706601466992665	0.19926650366748166	0.6604938271604939	0.6802168021680217	0.2041564792176039	0.5293398533007335	0.7158774373259053	0.6745098039215687	0.6834733893557423	0.12158054711246201	0.6967213114754098	0.6681159420289855	0.7836185819070904	0.39486552567237165	0.08679706601466992	0.45232273838630804	0.5073349633251834	
0.6150684931506849	0.6653992395437263	0.7068493150684931	0.7410958904109589	0.7068493150684931	0.6023054755043228	0.7520547945205479	0	0.5808219178082191	0.8502673796791443	0.5448275862068965	0.6171171171171171	0.7480916030534351	0.8827160493827161	0.7657534246575343	0.6114206128133705	0.7054794520547946	0.5986301369863014	0.5958904109589042	0.6745454545454546	0.5330578512396694	0.7232876712328767	0.7529411764705882	0.6574468085106383	0.5769230769230769	0.7684931506849315	0.7287671232876712	0.6465753424657534	0.6013698630136987	0.7287671232876712	0.7780821917808219	0.7712328767123288	0.7907348242811502	0.7904191616766467	0.6438356164383562	0.736986301369863	0.49382716049382713	0.8356164383561644	0.7767123287671233	0.6287671232876713	0.6713091922005571	0.7745098039215687	0.7156862745098039	0.7370820668693009	0.5409836065573771	0.7681159420289855	0.636986301369863	0.763013698630137	0.7479452054794521	0.7068493150684931	0.7657534246575343	
0.4662004662004662	0.5380228136882129	0.4965034965034965	0.6811989100817438	0.6380145278450363	0.5778097982708934	0.7090464547677262	0.5808219178082191	0	0.5775401069518716	0.27586206896551724	0.0	0.26717557251908397	0.7716049382716049	0.5769230769230769	0.30362116991643456	0.5477855477855478	0.38578088578088576	0.42424242424242425	0.3654545454545455	0.371900826446281	0.6410256410256411	0.5843137254901961	0.3659574468085106	0.46923076923076923	0.5862470862470862	0.5909090909090909	0.6118881118881119	0.4813519813519814	0.5909090909090909	0.6072261072261073	0.5944055944055944	0.5415335463258786	0.6616766467065869	0.3706293706293706	0.6317016317016317	0.2716049382716049	0.7994579945799458	0.7272727272727273	0.40792540792540793	0.5167130919220055	0.3215686274509804	0.5896358543417367	0.6337386018237082	0.47540983606557374	0.672463768115942	0.6491841491841492	0.6526806526806527	0.6981351981351981	0.6375291375291375	0.6095571095571095	
0.5882352941176471	0.9893048128342246	0.6096256684491979	0.8529411764705882	0.7272727272727273	0.8663101604278075	0.8475935828877005	0.8502673796791443	0.5775401069518716	0	1.0	0.8738738738738738	0.9885496183206107	1.0	0.7807486631016043	0.56951871657754	0.7192513368983957	0.5	0.6256684491978609	0.8048128342245989	1.0	0.8342245989304813	1.0	0.9385026737967914	0.9384615384615385	0.767379679144385	0.713903743315508	0.8315508021390374	0.6096256684491979	0.713903743315508	0.7032085561497327	0.732620320855615	0.8770053475935828	1.0	0.6176470588235294	0.767379679144385	1.0	0.9197860962566845	0.8502673796791443	0.4893048128342246	0.6176470588235294	0.5802139037433155	0.8315508021390374	0.893048128342246	1.0	0.9278074866310161	0.7112299465240641	0.8823529411764706	0.8502673796791443	0.8823529411764706	0.786096256684492	
0.5620689655172414	0.6241379310344828	0.5655172413793104	0.5793103448275863	0.6862068965517242	0.3793103448275862	0.5862068965517241	0.5448275862068965	0.27586206896551724	1.0	0	0.8783783783783784	0.6450381679389313	0.9444444444444444	0.596551724137931	0.3620689655172414	0.6862068965517242	0.46551724137931033	0.39655172413793105	0.4517241379310345	0.6074380165289256	0.5758620689655173	0.4827586206896552	0.5620689655172414	1.0	0.596551724137931	0.5827586206896552	0.4586206896551724	0.5241379310344828	0.5827586206896552	0.6551724137931034	0.593103448275862	0.6551724137931034	0.7827586206896552	0.38620689655172413	0.5862068965517241	0.6049382716049383	0.8448275862068966	0.5758620689655173	0.3620689655172414	0.49310344827586206	0.9448275862068966	0.6448275862068965	0.496551724137931	0.6885245901639344	0.7862068965517242	0.4206896551724138	0.5448275862068965	0.496551724137931	0.596551724137931	0.596551724137931	
0.1981981981981982	0.5855855855855856	0.6081081081081081	0.7162162162162162	0.46396396396396394	0.581081081081081	0.6711711711711712	0.6171171171171171	0.0	0.8738738738738738	0.8783783783783784	0	0.46846846846846846	1.0	0.6576576576576577	0.38288288288288286	0.3738738738738739	0.17567567567567569	0.30180180180180183	0.22522522522522523	1.0	0.5	0.7747747747747747	0.17567567567567569	0.46923076923076923	0.6576576576576577	0.6576576576576577	0.6711711711711712	0.3108108108108108	0.6576576576576577	0.6576576576576577	0.6171171171171171	0.6576576576576577	0.8243243243243243	0.13963963963963963	0.6711711711711712	1.0	0.7117117117117117	0.6711711711711712	0.5	0.7657657657657657	0.3783783783783784	0.6981981981981982	0.6711711711711712	1.0	0.47297297297297297	0.8693693693693694	0.6981981981981982	0.6711711711711712	0.527027027027027	0.6576576576576577	
0.44656488549618323	0.6679389312977099	0.648854961832061	0.7633587786259542	0.6870229007633588	0.6068702290076335	0.6603053435114504	0.7480916030534351	0.26717557251908397	0.9885496183206107	0.6450381679389313	0.46846846846846846	0	1.0	0.648854961832061	0.45038167938931295	0.42366412213740456	0.4580152671755725	0.46564885496183206	0.3893129770992366	0.9090909090909091	0.4847328244274809	0.7366412213740458	0.44656488549618323	0.7846153846153846	0.648854961832061	0.7099236641221374	0.6335877862595419	0.5763358778625954	0.7099236641221374	0.7061068702290076	0.6603053435114504	0.7061068702290076	0.7099236641221374	0.2366412213740458	0.6755725190839694	1.0	0.8396946564885496	0.5916030534351145	0.5381679389312977	0.7748091603053435	0.7022900763358778	0.6297709923664122	0.5916030534351145	1.0	0.5725190839694656	0.7938931297709924	0.6297709923664122	0.5916030534351145	0.5534351145038168	0.648854961832061	
0.5925925925925926	0.8580246913580247	0.8888888888888888	0.8703703703703703	0.8703703703703703	0.8827160493827161	0.8950617283950617	0.8827160493827161	0.7716049382716049	1.0	0.9444444444444444	1.0	1.0	0	0.7716049382716049	0.9197530864197531	0.7716049382716049	0.7839506172839507	0.7901234567901234	1.0	0.7716049382716049	0.8580246913580247	0.7901234567901234	1.0	1.0	0.7716049382716049	0.8580246913580247	0.8580246913580247	0.7716049382716049	0.8580246913580247	0.7716049382716049	0.7716049382716049	0.7716049382716049	1.0	0.7716049382716049	0.6296296296296297	0.7716049382716049	0.845679012345679	0.8518518518518519	0.7654320987654321	0.9197530864197531	1.0	0.8827160493827161	0.8580246913580247	0.8360655737704918	0.9074074074074074	0.8827160493827161	0.8580246913580247	0.8580246913580247	0.7716049382716049	0.7716049382716049	
0.4801864801864802	0.4429657794676806	0.634032634032634	0.5395095367847411	0.7046004842615012	0.5057636887608069	0.5464547677261614	0.7657534246575343	0.5769230769230769	0.7807486631016043	0.596551724137931	0.6576576576576577	0.648854961832061	0.7716049382716049	0	0.44846796657381616	0.3939393939393939	0.5512820512820513	0.5291375291375291	0.6090909090909091	0.0	0.5897435897435898	0.7176470588235294	0.5340425531914894	0.25384615384615383	0.09324009324009325	0.14801864801864803	0.4813519813519814	0.5081585081585082	0.14801864801864803	0.13636363636363635	0.2261072261072261	0.07028753993610223	0.11976047904191617	0.3717948717948718	0.5571095571095571	0.08641975308641975	0.7574525745257452	0.6177156177156177	0.5407925407925408	0.6727019498607242	0.5117647058823529	0.40336134453781514	0.5623100303951368	0.32786885245901637	0.6318840579710145	0.6923076923076923	0.7051282051282052	0.6188811188811189	0.5361305361305362	0.046620046620046623	
0.3955431754874652	0.591254752851711	0.3579387186629526	0.6309192200557103	0.6323119777158774	0.4654178674351585	0.5473537604456824	0.6114206128133705	0.30362116991643456	0.56951871657754	0.3620689655172414	0.38288288288288286	0.45038167938931295	0.9197530864197531	0.44846796657381616	0	0.5153203342618384	0.27158774373259054	0.3328690807799443	0.3527272727272727	0.3677685950413223	0.5403899721448467	0.6196078431372549	0.28936170212765955	0.3769230769230769	0.4428969359331476	0.43175487465181056	0.4220055710306407	0.4136490250696379	0.43175487465181056	0.5069637883008357	0.5403899721448467	0.5063897763578274	0.41317365269461076	0.38579387186629527	0.5027855153203342	0.5617283950617284	0.7409470752089137	0.6309192200557103	0.11142061281337047	0.4275766016713092	0.35294117647058826	0.5658263305322129	0.5805471124620061	0.6311475409836066	0.6434782608695652	0.6142061281337048	0.6545961002785515	0.6016713091922006	0.616991643454039	0.46935933147632314	
0.5641025641025641	0.5494296577946768	0.634032634032634	0.5776566757493188	0.7009685230024213	0.5273775216138329	0.5244498777506112	0.7054794520547946	0.5477855477855478	0.7192513368983957	0.6862068965517242	0.3738738738738739	0.42366412213740456	0.7716049382716049	0.3939393939393939	0.5153203342618384	0	0.5151515151515151	0.4370629370629371	0.5945454545454546	0.2603305785123967	0.4825174825174825	0.6686274509803921	0.5085106382978724	0.0	0.3006993006993007	0.3752913752913753	0.5664335664335665	0.5442890442890443	0.3752913752913753	0.41025641025641024	0.34965034965034963	0.4009584664536741	0.5209580838323353	0.4393939393939394	0.5792540792540792	0.30864197530864196	0.7222222222222222	0.5990675990675991	0.5990675990675991	0.7005571030640668	0.5215686274509804	0.5056022408963585	0.5273556231003039	0.5409836065573771	0.6492753623188405	0.7517482517482518	0.6363636363636364	0.5675990675990676	0.4627039627039627	0.358974358974359	
0.44523326572008115	0.5722433460076045	0.4760820045558087	0.6171662125340599	0.5968523002421308	0.5734870317002881	0.6797066014669927	0.5986301369863014	0.38578088578088576	0.5	0.46551724137931033	0.17567567567567569	0.4580152671755725	0.7839506172839507	0.5512820512820513	0.27158774373259054	0.5151515151515151	0	0.30324543610547666	0.22727272727272727	0.4380165289256198	0.6083916083916084	0.44313725490196076	0.0851063829787234	0.2692307692307692	0.5466200466200466	0.5337995337995338	0.627039627039627	0.37703016241299303	0.5337995337995338	0.49303944315545245	0.5244755244755245	0.43610223642172524	0.6586826347305389	0.45591647331786544	0.654158215010142	0.38271604938271603	0.7818428184281843	0.7540229885057471	0.4107505070993915	0.5194986072423399	0.3196078431372549	0.5658263305322129	0.668693009118541	0.5	0.5449275362318841	0.648491879350348	0.7435897435897436	0.7272727272727273	0.6751740139211136	0.5536130536130536	
0.5020283975659229	0.5798479087452472	0.5364464692482915	0.6485013623978202	0.6900726392251816	0.4538904899135447	0.6454767726161369	0.5958904109589042	0.42424242424242425	0.6256684491978609	0.39655172413793105	0.30180180180180183	0.46564885496183206	0.7901234567901234	0.5291375291375291	0.3328690807799443	0.4370629370629371	0.30324543610547666	0	0.3709090909090909	0.3925619834710744	0.5804195804195804	0.14901960784313725	0.3148936170212766	0.0	0.5244755244755245	0.5174825174825175	0.6130536130536131	0.4547563805104408	0.5174825174825175	0.5498839907192575	0.5291375291375291	0.46006389776357826	0.592814371257485	0.5	0.6288032454361054	0.43209876543209874	0.7425474254742548	0.6793103448275862	0.43711967545638947	0.5292479108635098	0.4372549019607843	0.4565826330532213	0.6155015197568389	0.5	0.6681159420289855	0.6241299303944315	0.6864801864801865	0.6748251748251748	0.5649651972157773	0.5314685314685315	
0.4254545454545455	0.6692015209125475	0.4090909090909091	0.6636363636363637	0.5145454545454545	0.42	0.6163636363636363	0.6745454545454546	0.3654545454545455	0.8048128342245989	0.4517241379310345	0.22522522522522523	0.3893129770992366	1.0	0.6090909090909091	0.3527272727272727	0.5945454545454546	0.22727272727272727	0.3709090909090909	0	0.6983471074380165	0.54	0.6450980392156863	0.14042553191489363	0.38461538461538464	0.6527272727272727	0.6054545454545455	0.5436363636363636	0.4290909090909091	0.6054545454545455	0.5672727272727273	0.6236363636363637	0.5672727272727273	0.7455089820359282	0.32727272727272727	0.6090909090909091	0.6604938271604939	0.7763636363636364	0.5872727272727273	0.44	0.6454545454545455	0.5941176470588235	0.6654545454545454	0.5509090909090909	0.8032786885245902	0.6654545454545454	0.62	0.6909090909090909	0.5509090909090909	0.5981818181818181	0.6090909090909091	
0.10743801652892562	0.30991735537190085	0.5413223140495868	0.5950413223140496	0.6859504132231405	0.49586776859504134	0.49173553719008267	0.5330578512396694	0.371900826446281	1.0	0.6074380165289256	1.0	0.9090909090909091	0.7716049382716049	0.0	0.3677685950413223	0.2603305785123967	0.4380165289256198	0.3925619834710744	0.6983471074380165	0	0.4132231404958678	0.5	0.6115702479338843	1.0	0.0	0.08264462809917356	0.24793388429752067	0.384297520661157	0.08264462809917356	0.15289256198347106	0.049586776859504134	0.15289256198347106	0.5371900826446281	0.13636363636363635	0.33884297520661155	0.08641975308641975	0.6694214876033058	0.6157024793388429	0.3181818181818182	0.5495867768595041	1.0	0.2809917355371901	0.5371900826446281	0.32786885245901637	0.6611570247933884	0.4834710743801653	0.5909090909090909	0.5371900826446281	0.09917355371900827	0.0	
0.5944055944055944	0.6406844106463878	0.7505827505827506	0.5953678474114441	0.5992736077481841	0.4827089337175792	0.2885085574572127	0.7232876712328767	0.6410256410256411	0.8342245989304813	0.5758620689655173	0.5	0.4847328244274809	0.8580246913580247	0.5897435897435898	0.5403899721448467	0.4825174825174825	0.6083916083916084	0.5804195804195804	0.54	0.4132231404958678	0	0.6862745098039216	0.5276595744680851	0.4230769230769231	0.5641025641025641	0.5710955710955711	0.3298368298368298	0.6293706293706294	0.5710955710955711	0.6503496503496503	0.5151515151515151	0.610223642172524	0.5389221556886228	0.6468531468531469	0.4230769230769231	0.5432098765432098	0.6598915989159891	0.32051282051282054	0.5233100233100233	0.6462395543175488	0.696078431372549	0.634453781512605	0.24316109422492402	0.5737704918032787	0.6	0.7505827505827506	0.5372960372960373	0.2937062937062937	0.40326340326340326	0.5454545454545454	
0.596078431372549	0.7313725490196078	0.7352941176470589	0.8137254901960784	0.7509803921568627	0.6450980392156863	0.7529411764705882	0.7529411764705882	0.5843137254901961	1.0	0.4827586206896552	0.7747747747747747	0.7366412213740458	0.7901234567901234	0.7176470588235294	0.6196078431372549	0.6686274509803921	0.44313725490196076	0.14901960784313725	0.6450980392156863	0.5	0.6862745098039216	0	0.5957446808510638	0.9769230769230769	0.7176470588235294	0.7215686274509804	0.6627450980392157	0.6294117647058823	0.7215686274509804	0.7137254901960784	0.6764705882352942	0.7137254901960784	0.8143712574850299	0.6215686274509804	0.6333333333333333	0.43209876543209874	0.8509803921568627	0.8058823529411765	0.4725490196078431	0.7333333333333333	0.9568627450980393	0.7372549019607844	0.7666666666666667	0.5	0.7980392156862746	0.6568627450980392	0.7549019607843137	0.7666666666666667	0.6176470588235294	0.7176470588235294	
0.3404255319148936	0.6127659574468085	0.5297872340425532	0.6787234042553192	0.5085106382978724	0.5468085106382978	0.6127659574468085	0.6574468085106383	0.3659574468085106	0.9385026737967914	0.5620689655172414	0.17567567567567569	0.44656488549618323	1.0	0.5340425531914894	0.28936170212765955	0.5085106382978724	0.0851063829787234	0.3148936170212766	0.14042553191489363	0.6115702479338843	0.5276595744680851	0.5957446808510638	0	0.2692307692307692	0.5340425531914894	0.5297872340425532	0.5276595744680851	0.33617021276595743	0.5297872340425532	0.4787234042553192	0.5446808510638298	0.4787234042553192	0.6347305389221557	0.3680851063829787	0.6297872340425532	0.7037037037037037	0.7893617021276595	0.723404255319149	0.3829787234042553	0.676595744680851	0.6170212765957447	0.6680851063829787	0.6893617021276596	0.8360655737704918	0.5085106382978724	0.7	0.7085106382978723	0.6893617021276596	0.597872340425532	0.5340425531914894	
0.4230769230769231	0.6615384615384615	0.4230769230769231	0.6461538461538462	0.6384615384615384	0.19230769230769232	0.6	0.5769230769230769	0.46923076923076923	0.9384615384615385	1.0	0.46923076923076923	0.7846153846153846	1.0	0.25384615384615383	0.3769230769230769	0.0	0.2692307692307692	0.0	0.38461538461538464	1.0	0.4230769230769231	0.9769230769230769	0.2692307692307692	0	0.25384615384615383	0.25384615384615383	0.6	0.2692307692307692	0.25384615384615383	0.25384615384615383	0.4230769230769231	0.25384615384615383	0.8384615384615385	0.4230769230769231	0.6615384615384615	1.0	0.4	0.46153846153846156	0.6	0.8384615384615385	0.3076923076923077	0.3	0.6	1.0	0.6076923076923076	0.8076923076923077	0.6384615384615384	0.6	0.5307692307692308	0.25384615384615383	
0.5221445221445221	0.4429657794676806	0.6293706293706294	0.5340599455040872	0.725181598062954	0.5172910662824207	0.519559902200489	0.7684931506849315	0.5862470862470862	0.767379679144385	0.596551724137931	0.6576576576576577	0.648854961832061	0.7716049382716049	0.09324009324009325	0.4428969359331476	0.3006993006993007	0.5466200466200466	0.5244755244755245	0.6527272727272727	0.0	0.5641025641025641	0.7176470588235294	0.5340425531914894	0.25384615384615383	0	0.24125874125874125	0.4557109557109557	0.5967365967365967	0.24125874125874125	0.2296037296037296	0.31934731934731936	0.1134185303514377	0.11976047904191617	0.4603729603729604	0.5874125874125874	0.08641975308641975	0.7371273712737128	0.5920745920745921	0.5361305361305362	0.6671309192200557	0.5274509803921569	0.46638655462184875	0.5288753799392097	0.32786885245901637	0.6318840579710145	0.7214452214452215	0.6853146853146853	0.5932400932400932	0.5198135198135199	0.13986013986013987	
0.486013986013986	0.3669201520912547	0.6037296037296037	0.5435967302452316	0.774818401937046	0.4711815561959654	0.5709046454767727	0.7287671232876712	0.5909090909090909	0.713903743315508	0.5827586206896552	0.6576576576576577	0.7099236641221374	0.8580246913580247	0.14801864801864803	0.43175487465181056	0.3752913752913753	0.5337995337995338	0.5174825174825175	0.6054545454545455	0.08264462809917356	0.5710955710955711	0.7215686274509804	0.5297872340425532	0.25384615384615383	0.24125874125874125	0	0.4149184149184149	0.4988344988344988	0.0	0.1561771561771562	0.1993006993006993	0.15654952076677317	0.0	0.3613053613053613	0.5897435897435898	0.19753086419753085	0.7357723577235772	0.6153846153846154	0.5407925407925408	0.6866295264623955	0.5137254901960784	0.4173669467787115	0.5775075987841946	0.29508196721311475	0.6043478260869565	0.6596736596736597	0.6655011655011654	0.6165501165501166	0.5011655011655012	0.11305361305361306	
0.5559440559440559	0.5342205323193916	0.6643356643356644	0.6771117166212534	0.7203389830508474	0.35014409221902015	0.19926650366748166	0.6465753424657534	0.6118881118881119	0.8315508021390374	0.4586206896551724	0.6711711711711712	0.6335877862595419	0.8580246913580247	0.4813519813519814	0.4220055710306407	0.5664335664335665	0.627039627039627	0.6130536130536131	0.5436363636363636	0.24793388429752067	0.3298368298368298	0.6627450980392157	0.5276595744680851	0.6	0.4557109557109557	0.4149184149184149	0	0.6480186480186481	0.4149184149184149	0.5501165501165501	0.5594405594405595	0.4792332268370607	0.20658682634730538	0.6060606060606061	0.3473193473193473	0.38271604938271603	0.6138211382113821	0.34265734265734266	0.4825174825174825	0.6434540389972145	0.6549019607843137	0.6092436974789915	0.22340425531914893	0.4426229508196721	0.6347826086956522	0.7214452214452215	0.46153846153846156	0.2668997668997669	0.40792540792540793	0.4370629370629371	
0.48259860788863107	0.6178707224334601	0.6299303944315545	0.4713896457765668	0.6138014527845036	0.579250720461095	0.684596577017115	0.6013698630136987	0.4813519813519814	0.6096256684491979	0.5241379310344828	0.3108108108108108	0.5763358778625954	0.7716049382716049	0.5081585081585082	0.4136490250696379	0.5442890442890443	0.37703016241299303	0.4547563805104408	0.4290909090909091	0.384297520661157	0.6293706293706294	0.6294117647058823	0.33617021276595743	0.2692307692307692	0.5967365967365967	0.4988344988344988	0.6480186480186481	0	0.4988344988344988	0.4965197215777262	0.4801864801864802	0.5271565495207667	0.7544910179640718	0.3538283062645012	0.6554524361948956	0.345679012345679	0.7588075880758808	0.7470997679814385	0.45359628770301624	0.628133704735376	0.4235294117647059	0.5392156862745098	0.6656534954407295	0.4672131147540984	0.591304347826087	0.6125290023201856	0.7645687645687645	0.717948717948718	0.6832946635730859	0.5104895104895105	
0.486013986013986	0.3669201520912547	0.6037296037296037	0.5435967302452316	0.774818401937046	0.4711815561959654	0.5709046454767727	0.7287671232876712	0.5909090909090909	0.713903743315508	0.5827586206896552	0.6576576576576577	0.7099236641221374	0.8580246913580247	0.14801864801864803	0.43175487465181056	0.3752913752913753	0.5337995337995338	0.5174825174825175	0.6054545454545455	0.08264462809917356	0.5710955710955711	0.7215686274509804	0.5297872340425532	0.25384615384615383	0.24125874125874125	0.0	0.4149184149184149	0.4988344988344988	0	0.1561771561771562	0.1993006993006993	0.15654952076677317	0.0	0.3613053613053613	0.5897435897435898	0.19753086419753085	0.7357723577235772	0.6153846153846154	0.5407925407925408	0.6866295264623955	0.5137254901960784	0.4173669467787115	0.5775075987841946	0.29508196721311475	0.6043478260869565	0.6596736596736597	0.6655011655011654	0.6165501165501166	0.5011655011655012	0.11305361305361306	
0.5382830626450116	0.5	0.5939675174013921	0.5640326975476839	0.7566585956416465	0.5504322766570605	0.597799511002445	0.7780821917808219	0.6072261072261073	0.7032085561497327	0.6551724137931034	0.6576576576576577	0.7061068702290076	0.7716049382716049	0.13636363636363635	0.5069637883008357	0.41025641025641024	0.49303944315545245	0.5498839907192575	0.5672727272727273	0.15289256198347106	0.6503496503496503	0.7137254901960784	0.4787234042553192	0.25384615384615383	0.2296037296037296	0.1561771561771562	0.5501165501165501	0.4965197215777262	0.1561771561771562	0	0.23892773892773891	0.0	0.2155688622754491	0.41183294663573083	0.6009280742459396	0.0	0.7655826558265583	0.6589327146171694	0.5846867749419954	0.724233983286908	0.5176470588235295	0.4411764705882353	0.6033434650455927	0.319672131147541	0.6101449275362318	0.6937354988399071	0.7004662004662005	0.6596736596736597	0.5846867749419954	0.13403263403263405	
0.506993006993007	0.3269961977186312	0.6853146853146853	0.5163487738419619	0.761501210653753	0.5605187319884726	0.5366748166259169	0.7712328767123288	0.5944055944055944	0.732620320855615	0.593103448275862	0.6171171171171171	0.6603053435114504	0.7716049382716049	0.2261072261072261	0.5403899721448467	0.34965034965034963	0.5244755244755245	0.5291375291375291	0.6236363636363637	0.049586776859504134	0.5151515151515151	0.6764705882352942	0.5446808510638298	0.4230769230769231	0.31934731934731936	0.1993006993006993	0.5594405594405595	0.4801864801864802	0.1993006993006993	0.23892773892773891	0	0.25878594249201275	0.3383233532934132	0.38578088578088576	0.5757575757575758	0.08641975308641975	0.7926829268292683	0.6083916083916084	0.5629370629370629	0.6991643454038997	0.6	0.43137254901960786	0.5592705167173252	0.32786885245901637	0.5434782608695652	0.6048951048951049	0.7016317016317016	0.6048951048951049	0.5314685314685315	0.19114219114219114	
0.44568690095846647	0.5	0.5447284345047924	0.6357827476038339	0.8035143769968051	0.5527156549520766	0.5638977635782748	0.7907348242811502	0.5415335463258786	0.8770053475935828	0.6551724137931034	0.6576576576576577	0.7061068702290076	0.7716049382716049	0.07028753993610223	0.5063897763578274	0.4009584664536741	0.43610223642172524	0.46006389776357826	0.5672727272727273	0.15289256198347106	0.610223642172524	0.7137254901960784	0.4787234042553192	0.25384615384615383	0.1134185303514377	0.15654952076677317	0.4792332268370607	0.5271565495207667	0.15654952076677317	0.0	0.25878594249201275	0	0.2155688622754491	0.45527156549520764	0.48881789137380194	0.0	0.7268370607028753	0.5878594249201278	0.5463258785942492	0.755591054313099	0.6215686274509804	0.43610223642172524	0.5910543130990416	0.319672131147541	0.6230031948881789	0.7012779552715654	0.6501597444089456	0.5910543130990416	0.4968051118210863	0.07028753993610223	
0.41317365269461076	0.4550898203592814	0.6826347305389222	0.6646706586826348	0.8832335329341318	0.5029940119760479	0.4161676646706587	0.7904191616766467	0.6616766467065869	1.0	0.7827586206896552	0.8243243243243243	0.7099236641221374	1.0	0.11976047904191617	0.41317365269461076	0.5209580838323353	0.6586826347305389	0.592814371257485	0.7455089820359282	0.5371900826446281	0.5389221556886228	0.8143712574850299	0.6347305389221557	0.8384615384615385	0.11976047904191617	0.0	0.20658682634730538	0.7544910179640718	0.0	0.2155688622754491	0.3383233532934132	0.2155688622754491	0	0.5209580838323353	0.4221556886227545	0.8271604938271605	0.7634730538922155	0.5	0.5	0.8203592814371258	0.8053892215568862	0.5718562874251497	0.5329341317365269	0.9098360655737705	0.5988023952095808	0.7425149700598802	0.5748502994011976	0.5329341317365269	0.30538922155688625	0.11976047904191617	
0.3503480278422274	0.4619771863117871	0.531322505800464	0.5517711171662125	0.6016949152542372	0.5144092219020173	0.706601466992665	0.6438356164383562	0.3706293706293706	0.6176470588235294	0.38620689655172413	0.13963963963963963	0.2366412213740458	0.7716049382716049	0.3717948717948718	0.38579387186629527	0.4393939393939394	0.45591647331786544	0.5	0.32727272727272727	0.13636363636363635	0.6468531468531469	0.6215686274509804	0.3680851063829787	0.4230769230769231	0.4603729603729604	0.3613053613053613	0.6060606060606061	0.3538283062645012	0.3613053613053613	0.41183294663573083	0.38578088578088576	0.45527156549520764	0.5209580838323353	0	0.6751740139211136	0.06172839506172839	0.8048780487804879	0.7006960556844548	0.4976798143851508	0.6392757660167131	0.403921568627451	0.5196078431372549	0.6063829787234043	0.319672131147541	0.6275362318840579	0.6450116009280742	0.7517482517482518	0.675990675990676	0.5522041763341067	0.3974358974358974	
0.6389452332657201	0.6825095057034221	0.7084282460136674	0.6839237057220708	0.7348668280871671	0.4769452449567723	0.19926650366748166	0.736986301369863	0.6317016317016317	0.767379679144385	0.5862068965517241	0.6711711711711712	0.6755725190839694	0.6296296296296297	0.5571095571095571	0.5027855153203342	0.5792540792540792	0.654158215010142	0.6288032454361054	0.6090909090909091	0.33884297520661155	0.4230769230769231	0.6333333333333333	0.6297872340425532	0.6615384615384615	0.5874125874125874	0.5897435897435898	0.3473193473193473	0.6554524361948956	0.5897435897435898	0.6009280742459396	0.5757575757575758	0.48881789137380194	0.4221556886227545	0.6751740139211136	0	0.41975308641975306	0.6951219512195121	0.35747126436781607	0.5486815415821501	0.6601671309192201	0.6235294117647059	0.6330532212885154	0.25987841945288753	0.5983606557377049	0.7086956521739131	0.7679814385150812	0.4230769230769231	0.24358974358974358	0.4767981438515081	0.5198135198135199	
0.2222222222222222	0.2222222222222222	0.4382716049382716	0.6172839506172839	0.5740740740740741	0.49382716049382713	0.6604938271604939	0.49382716049382713	0.2716049382716049	1.0	0.6049382716049383	1.0	1.0	0.7716049382716049	0.08641975308641975	0.5617283950617284	0.30864197530864196	0.38271604938271603	0.43209876543209874	0.6604938271604939	0.08641975308641975	0.5432098765432098	0.43209876543209874	0.7037037037037037	1.0	0.08641975308641975	0.19753086419753085	0.38271604938271603	0.345679012345679	0.19753086419753085	0.0	0.08641975308641975	0.0	0.8271604938271605	0.06172839506172839	0.41975308641975306	0	0.6666666666666666	0.654320987654321	0.4074074074074074	0.5617283950617284	1.0	0.25308641975308643	0.5432098765432098	0.319672131147541	0.6049382716049383	0.4382716049382716	0.5432098765432098	0.5432098765432098	0.06172839506172839	0.08641975308641975	
0.7682926829268293	0.8326996197718631	0.8075880758807588	0.8596730245231607	0.8563685636856369	0.6268011527377522	0.6802168021680217	0.8356164383561644	0.7994579945799458	0.9197860962566845	0.8448275862068966	0.7117117117117117	0.8396946564885496	0.845679012345679	0.7574525745257452	0.7409470752089137	0.7222222222222222	0.7818428184281843	0.7425474254742548	0.7763636363636364	0.6694214876033058	0.6598915989159891	0.8509803921568627	0.7893617021276595	0.4	0.7371273712737128	0.7357723577235772	0.6138211382113821	0.7588075880758808	0.7357723577235772	0.7655826558265583	0.7926829268292683	0.7268370607028753	0.7634730538922155	0.8048780487804879	0.6951219512195121	0.6666666666666666	0	0.6436314363143631	0.7330623306233063	0.8774373259052924	0.796078431372549	0.8011204481792717	0.662613981762918	0.5983606557377049	0.8420289855072464	0.8550135501355014	0.7452574525745257	0.6639566395663956	0.7059620596205962	0.7574525745257452	
0.7241379310344828	0.6806083650190115	0.725287356321839	0.6430517711171662	0.7590799031476998	0.3904899135446686	0.2041564792176039	0.7767123287671233	0.7272727272727273	0.8502673796791443	0.5758620689655173	0.6711711711711712	0.5916030534351145	0.8518518518518519	0.6177156177156177	0.6309192200557103	0.5990675990675991	0.7540229885057471	0.6793103448275862	0.5872727272727273	0.6157024793388429	0.32051282051282054	0.8058823529411765	0.723404255319149	0.46153846153846156	0.5920745920745921	0.6153846153846154	0.34265734265734266	0.7470997679814385	0.6153846153846154	0.6589327146171694	0.6083916083916084	0.5878594249201278	0.5	0.7006960556844548	0.35747126436781607	0.654320987654321	0.6436314363143631	0	0.6068965517241379	0.7632311977715878	0.6862745098039216	0.6736694677871149	0.16109422492401215	0.6311475409836066	0.7275362318840579	0.7621809744779582	0.493006993006993	0.12354312354312354	0.43735498839907194	0.5804195804195804	
0.526369168356998	0.5950570342205324	0.48291571753986334	0.6376021798365122	0.6222760290556901	0.48559077809798273	0.5293398533007335	0.6287671232876713	0.40792540792540793	0.4893048128342246	0.3620689655172414	0.5	0.5381679389312977	0.7654320987654321	0.5407925407925408	0.11142061281337047	0.5990675990675991	0.4107505070993915	0.43711967545638947	0.44	0.3181818181818182	0.5233100233100233	0.4725490196078431	0.3829787234042553	0.6	0.5361305361305362	0.5407925407925408	0.4825174825174825	0.45359628770301624	0.5407925407925408	0.5846867749419954	0.5629370629370629	0.5463258785942492	0.5	0.4976798143851508	0.5486815415821501	0.4074074074074074	0.7330623306233063	0.6068965517241379	0	0.3955431754874652	0.37058823529411766	0.5686274509803921	0.48632218844984804	0.36885245901639346	0.5695652173913044	0.6276102088167054	0.6445221445221445	0.585081585081585	0.6299303944315545	0.5734265734265734	
0.6643454038997214	0.8079847908745247	0.6406685236768802	0.7409470752089137	0.7520891364902507	0.6988472622478387	0.7158774373259053	0.6713091922005571	0.5167130919220055	0.6176470588235294	0.49310344827586206	0.7657657657657657	0.7748091603053435	0.9197530864197531	0.6727019498607242	0.4275766016713092	0.7005571030640668	0.5194986072423399	0.5292479108635098	0.6454545454545455	0.5495867768595041	0.6462395543175488	0.7333333333333333	0.676595744680851	0.8384615384615385	0.6671309192200557	0.6866295264623955	0.6434540389972145	0.628133704735376	0.6866295264623955	0.724233983286908	0.6991643454038997	0.755591054313099	0.8203592814371258	0.6392757660167131	0.6601671309192201	0.5617283950617284	0.8774373259052924	0.7632311977715878	0.3955431754874652	0	0.6980392156862745	0.7352941176470589	0.7340425531914894	0.6311475409836066	0.8057971014492754	0.6350974930362117	0.8022284122562674	0.7423398328690808	0.733983286908078	0.6935933147632312	
0.49411764705882355	0.796078431372549	0.4392156862745098	0.6509803921568628	0.6882352941176471	0.6392156862745098	0.6745098039215687	0.7745098039215687	0.3215686274509804	0.5802139037433155	0.9448275862068966	0.3783783783783784	0.7022900763358778	1.0	0.5117647058823529	0.35294117647058826	0.5215686274509804	0.3196078431372549	0.4372549019607843	0.5941176470588235	1.0	0.696078431372549	0.9568627450980393	0.6170212765957447	0.3076923076923077	0.5274509803921569	0.5137254901960784	0.6549019607843137	0.4235294117647059	0.5137254901960784	0.5176470588235295	0.6	0.6215686274509804	0.8053892215568862	0.403921568627451	0.6235294117647059	1.0	0.796078431372549	0.6862745098039216	0.37058823529411766	0.6980392156862745	0	0.5431372549019607	0.7137254901960784	1.0	0.6647058823529411	0.8019607843137255	0.7156862745098039	0.6862745098039216	0.796078431372549	0.5490196078431373	
0.4649859943977591	0.5817490494296578	0.5896358543417367	0.5742296918767507	0.6834733893557423	0.6354466858789626	0.6834733893557423	0.7156862745098039	0.5896358543417367	0.8315508021390374	0.6448275862068965	0.6981981981981982	0.6297709923664122	0.8827160493827161	0.40336134453781514	0.5658263305322129	0.5056022408963585	0.5658263305322129	0.4565826330532213	0.6654545454545454	0.2809917355371901	0.634453781512605	0.7372549019607844	0.6680851063829787	0.3	0.46638655462184875	0.4173669467787115	0.6092436974789915	0.5392156862745098	0.4173669467787115	0.4411764705882353	0.43137254901960786	0.43610223642172524	0.5718562874251497	0.5196078431372549	0.6330532212885154	0.25308641975308643	0.8011204481792717	0.6736694677871149	0.5686274509803921	0.7352941176470589	0.5431372549019607	0	0.668693009118541	0.06557377049180328	0.7304347826086957	0.6064425770308123	0.696078431372549	0.6778711484593838	0.5714285714285714	0.40336134453781514	
