0	0.39090909090909093	0.37755102040816324	0.35454545454545455	0.425531914893617	0.37755102040816324	0.6568627450980392	0.35454545454545455	0.6568627450980392	0.36486486486486486	0.39090909090909093	0.6568627450980392	0.6090909090909091	0.32608695652173914	0.6568627450980392	0.6568627450980392	0.40816326530612246	0.7	0.37755102040816324	0.6568627450980392	0.6568627450980392	0.30612244897959184	0.21739130434782608	0.0	0.6568627450980392	0.35454545454545455	0.3673469387755102	0.7727272727272727	0.4666666666666667	0.4019607843137255	0.4574468085106383	0.6090909090909091	0.5925925925925926	0.3673469387755102	0.2909090909090909	
0.39090909090909093	0	0.0	0.043859649122807015	0.0	0.0	0.29411764705882354	0.07894736842105263	0.29411764705882354	0.0	0.03508771929824561	0.29411764705882354	0.32456140350877194	0.41304347826086957	0.29411764705882354	0.29411764705882354	0.5714285714285714	0.3111111111111111	0.0	0.29411764705882354	0.29411764705882354	0.10204081632653061	0.0	0.37755102040816324	0.2549019607843137	0.07894736842105263	0.5714285714285714	0.4824561403508772	0.0	0.0	0.7978723404255319	0.32456140350877194	0.0	0.5714285714285714	0.13636363636363635	
0.37755102040816324	0.0	0	0.0	0.0425531914893617	0.0	0.30612244897959184	0.0	0.30612244897959184	0.0	0.0	0.30612244897959184	0.2653061224489796	0.45652173913043476	0.30612244897959184	0.30612244897959184	0.5714285714285714	0.35555555555555557	0.0	0.30612244897959184	0.30612244897959184	0.10204081632653061	0.0	0.37755102040816324	0.2653061224489796	0.0	0.5714285714285714	0.46938775510204084	0.0	0.0	0.7978723404255319	0.30612244897959184	0.0	0.5714285714285714	0.10204081632653061	
0.35454545454545455	0.043859649122807015	0.0	0	0.0	0.0	0.29411764705882354	0.0	0.29411764705882354	0.0	0.12698412698412698	0.29411764705882354	0.23880597014925373	0.0	0.29411764705882354	0.29411764705882354	0.5714285714285714	0.3111111111111111	0.0	0.29411764705882354	0.29411764705882354	0.10204081632653061	0.0	0.37755102040816324	0.2549019607843137	0.0	0.5714285714285714	0.4253731343283582	0.0	0.0	0.7978723404255319	0.2807017543859649	0.0	0.5714285714285714	0.09090909090909091	
0.425531914893617	0.0	0.0425531914893617	0.0	0	0.0425531914893617	0.2978723404255319	0.0425531914893617	0.2978723404255319	0.0	0.0425531914893617	0.2978723404255319	0.26595744680851063	0.5434782608695652	0.2978723404255319	0.2978723404255319	0.6063829787234043	0.3111111111111111	0.0425531914893617	0.2978723404255319	0.2978723404255319	0.14893617021276595	0.0	0.425531914893617	0.22340425531914893	0.0425531914893617	0.574468085106383	0.4148936170212766	0.0	0.0	0.7978723404255319	0.2978723404255319	0.0	0.574468085106383	0.14893617021276595	
0.37755102040816324	0.0	0.0	0.0	0.0425531914893617	0	0.30612244897959184	0.0	0.30612244897959184	0.0	0.0	0.30612244897959184	0.2653061224489796	0.45652173913043476	0.30612244897959184	0.30612244897959184	0.5714285714285714	0.35555555555555557	0.0	0.30612244897959184	0.30612244897959184	0.10204081632653061	0.0	0.37755102040816324	0.2653061224489796	0.0	0.5714285714285714	0.46938775510204084	0.0	0.0	0.7978723404255319	0.30612244897959184	0.0	0.5714285714285714	0.10204081632653061	
0.6568627450980392	0.29411764705882354	0.30612244897959184	0.29411764705882354	0.2978723404255319	0.30612244897959184	0	0.3333333333333333	0.0	0.35135135135135137	0.3333333333333333	0.0	0.49019607843137253	0.782608695652174	0.0	0.0	0.30612244897959184	0.0	0.30612244897959184	0.0	0.0	0.40816326530612246	0.8695652173913043	0.6428571428571429	0.45098039215686275	0.3333333333333333	0.7346938775510204	0.2549019607843137	0.8	0.29411764705882354	0.6382978723404256	0.0	0.0	0.7346938775510204	0.43137254901960786	
0.35454545454545455	0.07894736842105263	0.0	0.0	0.0425531914893617	0.0	0.3333333333333333	0	0.3333333333333333	0.0	0.12698412698412698	0.3333333333333333	0.23880597014925373	0.0	0.3333333333333333	0.3333333333333333	0.5714285714285714	0.35555555555555557	0.0	0.3333333333333333	0.3333333333333333	0.10204081632653061	0.0	0.37755102040816324	0.29411764705882354	0.0	0.5714285714285714	0.4552238805970149	0.0	0.0392156862745098	0.7978723404255319	0.3157894736842105	0.0	0.5714285714285714	0.09090909090909091	
0.6568627450980392	0.29411764705882354	0.30612244897959184	0.29411764705882354	0.2978723404255319	0.30612244897959184	0.0	0.3333333333333333	0	0.35135135135135137	0.3333333333333333	0.0	0.49019607843137253	0.782608695652174	0.0	0.0	0.30612244897959184	0.0	0.30612244897959184	0.0	0.0	0.40816326530612246	0.8695652173913043	0.6428571428571429	0.45098039215686275	0.3333333333333333	0.7346938775510204	0.2549019607843137	0.8	0.29411764705882354	0.6382978723404256	0.0	0.0	0.7346938775510204	0.43137254901960786	
0.36486486486486486	0.0	0.0	0.0	0.0	0.0	0.35135135135135137	0.0	0.35135135135135137	0	0.0	0.35135135135135137	0.24324324324324326	0.5869565217391305	0.35135135135135137	0.35135135135135137	0.6486486486486487	0.35135135135135137	0.0	0.35135135135135137	0.35135135135135137	0.02702702702702703	0.0	0.36486486486486486	0.24324324324324326	0.0	0.5945945945945946	0.4594594594594595	0.0	0.0	0.7702702702702703	0.35135135135135137	0.0	0.5945945945945946	0.02702702702702703	
0.39090909090909093	0.03508771929824561	0.0	0.12698412698412698	0.0425531914893617	0.0	0.3333333333333333	0.12698412698412698	0.3333333333333333	0.0	0	0.3333333333333333	0.373015873015873	0.41304347826086957	0.3333333333333333	0.3333333333333333	0.5714285714285714	0.35555555555555557	0.0	0.3333333333333333	0.3333333333333333	0.10204081632653061	0.0	0.37755102040816324	0.29411764705882354	0.12698412698412698	0.5714285714285714	0.5634920634920635	0.0	0.0392156862745098	0.7978723404255319	0.35964912280701755	0.0	0.5714285714285714	0.13636363636363635	
0.6568627450980392	0.29411764705882354	0.30612244897959184	0.29411764705882354	0.2978723404255319	0.30612244897959184	0.0	0.3333333333333333	0.0	0.35135135135135137	0.3333333333333333	0	0.49019607843137253	0.782608695652174	0.0	0.0	0.30612244897959184	0.0	0.30612244897959184	0.0	0.0	0.40816326530612246	0.8695652173913043	0.6428571428571429	0.45098039215686275	0.3333333333333333	0.7346938775510204	0.2549019607843137	0.8	0.29411764705882354	0.6382978723404256	0.0	0.0	0.7346938775510204	0.43137254901960786	
0.6090909090909091	0.32456140350877194	0.2653061224489796	0.23880597014925373	0.26595744680851063	0.2653061224489796	0.49019607843137253	0.23880597014925373	0.49019607843137253	0.24324324324324326	0.373015873015873	0.49019607843137253	0	0.45652173913043476	0.49019607843137253	0.49019607843137253	0.7346938775510204	0.4444444444444444	0.2653061224489796	0.49019607843137253	0.49019607843137253	0.3673469387755102	0.5217391304347826	0.6428571428571429	0.0392156862745098	0.23880597014925373	0.30612244897959184	0.291044776119403	0.13333333333333333	0.29411764705882354	0.648936170212766	0.47368421052631576	0.0	0.30612244897959184	0.34545454545454546	
0.32608695652173914	0.41304347826086957	0.45652173913043476	0.0	0.5434782608695652	0.45652173913043476	0.782608695652174	0.0	0.782608695652174	0.5869565217391305	0.41304347826086957	0.782608695652174	0.45652173913043476	0	0.782608695652174	0.782608695652174	0.782608695652174	0.9130434782608695	0.45652173913043476	0.782608695652174	0.782608695652174	0.45652173913043476	0.2608695652173913	0.45652173913043476	0.8913043478260869	0.0	0.8913043478260869	0.6521739130434783	0.5333333333333333	0.45652173913043476	1.0	0.6521739130434783	1.0	0.8913043478260869	0.32608695652173914	
0.6568627450980392	0.29411764705882354	0.30612244897959184	0.29411764705882354	0.2978723404255319	0.30612244897959184	0.0	0.3333333333333333	0.0	0.35135135135135137	0.3333333333333333	0.0	0.49019607843137253	0.782608695652174	0	0.0	0.30612244897959184	0.0	0.30612244897959184	0.0	0.0	0.40816326530612246	0.8695652173913043	0.6428571428571429	0.45098039215686275	0.3333333333333333	0.7346938775510204	0.2549019607843137	0.8	0.29411764705882354	0.6382978723404256	0.0	0.0	0.7346938775510204	0.43137254901960786	
0.6568627450980392	0.29411764705882354	0.30612244897959184	0.29411764705882354	0.2978723404255319	0.30612244897959184	0.0	0.3333333333333333	0.0	0.35135135135135137	0.3333333333333333	0.0	0.49019607843137253	0.782608695652174	0.0	0	0.30612244897959184	0.0	0.30612244897959184	0.0	0.0	0.40816326530612246	0.8695652173913043	0.6428571428571429	0.45098039215686275	0.3333333333333333	0.7346938775510204	0.2549019607843137	0.8	0.29411764705882354	0.6382978723404256	0.0	0.0	0.7346938775510204	0.43137254901960786	
0.40816326530612246	0.5714285714285714	0.5714285714285714	0.5714285714285714	0.6063829787234043	0.5714285714285714	0.30612244897959184	0.5714285714285714	0.30612244897959184	0.6486486486486487	0.5714285714285714	0.30612244897959184	0.7346938775510204	0.782608695652174	0.30612244897959184	0.30612244897959184	0	0.35555555555555557	0.5714285714285714	0.30612244897959184	0.30612244897959184	0.6428571428571429	0.9130434782608695	0.40816326530612246	0.7346938775510204	0.5714285714285714	0.46938775510204084	0.5714285714285714	1.0	0.5714285714285714	0.3617021276595745	0.30612244897959184	0.5925925925925926	0.46938775510204084	0.6428571428571429	
0.7	0.3111111111111111	0.35555555555555557	0.3111111111111111	0.3111111111111111	0.35555555555555557	0.0	0.35555555555555557	0.0	0.35135135135135137	0.35555555555555557	0.0	0.4444444444444444	0.9130434782608695	0.0	0.0	0.35555555555555557	0	0.35555555555555557	0.0	0.0	0.4666666666666667	0.8695652173913043	0.7	0.4	0.35555555555555557	0.7111111111111111	0.2	0.8	0.3111111111111111	0.6333333333333333	0.0	0.0	0.7111111111111111	0.4666666666666667	
0.37755102040816324	0.0	0.0	0.0	0.0425531914893617	0.0	0.30612244897959184	0.0	0.30612244897959184	0.0	0.0	0.30612244897959184	0.2653061224489796	0.45652173913043476	0.30612244897959184	0.30612244897959184	0.5714285714285714	0.35555555555555557	0	0.30612244897959184	0.30612244897959184	0.10204081632653061	0.0	0.37755102040816324	0.2653061224489796	0.0	0.5714285714285714	0.46938775510204084	0.0	0.0	0.7978723404255319	0.30612244897959184	0.0	0.5714285714285714	0.10204081632653061	
0.6568627450980392	0.29411764705882354	0.30612244897959184	0.29411764705882354	0.2978723404255319	0.30612244897959184	0.0	0.3333333333333333	0.0	0.35135135135135137	0.3333333333333333	0.0	0.49019607843137253	0.782608695652174	0.0	0.0	0.30612244897959184	0.0	0.30612244897959184	0	0.0	0.40816326530612246	0.8695652173913043	0.6428571428571429	0.45098039215686275	0.3333333333333333	0.7346938775510204	0.2549019607843137	0.8	0.29411764705882354	0.6382978723404256	0.0	0.0	0.7346938775510204	0.43137254901960786	
0.6568627450980392	0.29411764705882354	0.30612244897959184	0.29411764705882354	0.2978723404255319	0.30612244897959184	0.0	0.3333333333333333	0.0	0.35135135135135137	0.3333333333333333	0.0	0.49019607843137253	0.782608695652174	0.0	0.0	0.30612244897959184	0.0	0.30612244897959184	0.0	0	0.40816326530612246	0.8695652173913043	0.6428571428571429	0.45098039215686275	0.3333333333333333	0.7346938775510204	0.2549019607843137	0.8	0.29411764705882354	0.6382978723404256	0.0	0.0	0.7346938775510204	0.43137254901960786	
0.30612244897959184	0.10204081632653061	0.10204081632653061	0.10204081632653061	0.14893617021276595	0.10204081632653061	0.40816326530612246	0.10204081632653061	0.40816326530612246	0.02702702702702703	0.10204081632653061	0.40816326530612246	0.3673469387755102	0.45652173913043476	0.40816326530612246	0.40816326530612246	0.6428571428571429	0.4666666666666667	0.10204081632653061	0.40816326530612246	0.40816326530612246	0	0.0	0.30612244897959184	0.3673469387755102	0.10204081632653061	0.6428571428571429	0.5714285714285714	0.0	0.10204081632653061	0.723404255319149	0.40816326530612246	0.0	0.6428571428571429	0.0	
0.21739130434782608	0.0	0.0	0.0	0.0	0.0	0.8695652173913043	0.0	0.8695652173913043	0.0	0.0	0.8695652173913043	0.5217391304347826	0.2608695652173913	0.8695652173913043	0.8695652173913043	0.9130434782608695	0.8695652173913043	0.0	0.8695652173913043	0.8695652173913043	0.0	0	0.21739130434782608	0.5217391304347826	0.0	0.7391304347826086	0.9565217391304348	0.13333333333333333	0.0	1.0	0.8695652173913043	0.9565217391304348	0.7391304347826086	0.0	
0.0	0.37755102040816324	0.37755102040816324	0.37755102040816324	0.425531914893617	0.37755102040816324	0.6428571428571429	0.37755102040816324	0.6428571428571429	0.36486486486486486	0.37755102040816324	0.6428571428571429	0.6428571428571429	0.45652173913043476	0.6428571428571429	0.6428571428571429	0.40816326530612246	0.7	0.37755102040816324	0.6428571428571429	0.6428571428571429	0.30612244897959184	0.21739130434782608	0	0.6428571428571429	0.37755102040816324	0.3673469387755102	0.8061224489795918	0.4666666666666667	0.37755102040816324	0.4574468085106383	0.6428571428571429	0.5925925925925926	0.3673469387755102	0.30612244897959184	
0.6568627450980392	0.2549019607843137	0.2653061224489796	0.2549019607843137	0.22340425531914893	0.2653061224489796	0.45098039215686275	0.29411764705882354	0.45098039215686275	0.24324324324324326	0.29411764705882354	0.45098039215686275	0.0392156862745098	0.8913043478260869	0.45098039215686275	0.45098039215686275	0.7346938775510204	0.4	0.2653061224489796	0.45098039215686275	0.45098039215686275	0.3673469387755102	0.5217391304347826	0.6428571428571429	0	0.29411764705882354	0.30612244897959184	0.29411764705882354	0.13333333333333333	0.2549019607843137	0.648936170212766	0.45098039215686275	0.0	0.30612244897959184	0.39215686274509803	
0.35454545454545455	0.07894736842105263	0.0	0.0	0.0425531914893617	0.0	0.3333333333333333	0.0	0.3333333333333333	0.0	0.12698412698412698	0.3333333333333333	0.23880597014925373	0.0	0.3333333333333333	0.3333333333333333	0.5714285714285714	0.35555555555555557	0.0	0.3333333333333333	0.3333333333333333	0.10204081632653061	0.0	0.37755102040816324	0.29411764705882354	0	0.5714285714285714	0.4552238805970149	0.0	0.0392156862745098	0.7978723404255319	0.3157894736842105	0.0	0.5714285714285714	0.09090909090909091	
0.3673469387755102	0.5714285714285714	0.5714285714285714	0.5714285714285714	0.574468085106383	0.5714285714285714	0.7346938775510204	0.5714285714285714	0.7346938775510204	0.5945945945945946	0.5714285714285714	0.7346938775510204	0.30612244897959184	0.8913043478260869	0.7346938775510204	0.7346938775510204	0.46938775510204084	0.7111111111111111	0.5714285714285714	0.7346938775510204	0.7346938775510204	0.6428571428571429	0.7391304347826086	0.3673469387755102	0.30612244897959184	0.5714285714285714	0	0.5714285714285714	0.6	0.5714285714285714	0.4148936170212766	0.7346938775510204	0.5925925925925926	0.0	0.6428571428571429	
0.7727272727272727	0.4824561403508772	0.46938775510204084	0.4253731343283582	0.4148936170212766	0.46938775510204084	0.2549019607843137	0.4552238805970149	0.2549019607843137	0.4594594594594595	0.5634920634920635	0.2549019607843137	0.291044776119403	0.6521739130434783	0.2549019607843137	0.2549019607843137	0.5714285714285714	0.2	0.46938775510204084	0.2549019607843137	0.2549019607843137	0.5714285714285714	0.9565217391304348	0.8061224489795918	0.29411764705882354	0.4552238805970149	0.5714285714285714	0	0.8	0.45098039215686275	0.3829787234042553	0.24561403508771928	0.0	0.5714285714285714	0.5454545454545454	
0.4666666666666667	0.0	0.0	0.0	0.0	0.0	0.8	0.0	0.8	0.0	0.0	0.8	0.13333333333333333	0.5333333333333333	0.8	0.8	1.0	0.8	0.0	0.8	0.8	0.0	0.13333333333333333	0.4666666666666667	0.13333333333333333	0.0	0.6	0.8	0	0.0	1.0	0.8	0.8	0.6	0.0	
0.4019607843137255	0.0	0.0	0.0	0.0	0.0	0.29411764705882354	0.0392156862745098	0.29411764705882354	0.0	0.0392156862745098	0.29411764705882354	0.29411764705882354	0.45652173913043476	0.29411764705882354	0.29411764705882354	0.5714285714285714	0.3111111111111111	0.0	0.29411764705882354	0.29411764705882354	0.10204081632653061	0.0	0.37755102040816324	0.2549019607843137	0.0392156862745098	0.5714285714285714	0.45098039215686275	0.0	0	0.7978723404255319	0.29411764705882354	0.0	0.5714285714285714	0.13725490196078433	
0.4574468085106383	0.7978723404255319	0.7978723404255319	0.7978723404255319	0.7978723404255319	0.7978723404255319	0.6382978723404256	0.7978723404255319	0.6382978723404256	0.7702702702702703	0.7978723404255319	0.6382978723404256	0.648936170212766	1.0	0.6382978723404256	0.6382978723404256	0.3617021276595745	0.6333333333333333	0.7978723404255319	0.6382978723404256	0.6382978723404256	0.723404255319149	1.0	0.4574468085106383	0.648936170212766	0.7978723404255319	0.4148936170212766	0.3829787234042553	1.0	0.7978723404255319	0	0.6382978723404256	0.5925925925925926	0.4148936170212766	0.723404255319149	
0.6090909090909091	0.32456140350877194	0.30612244897959184	0.2807017543859649	0.2978723404255319	0.30612244897959184	0.0	0.3157894736842105	0.0	0.35135135135135137	0.35964912280701755	0.0	0.47368421052631576	0.6521739130434783	0.0	0.0	0.30612244897959184	0.0	0.30612244897959184	0.0	0.0	0.40816326530612246	0.8695652173913043	0.6428571428571429	0.45098039215686275	0.3157894736842105	0.7346938775510204	0.24561403508771928	0.8	0.29411764705882354	0.6382978723404256	0	0.0	0.7346938775510204	0.38181818181818183	
0.5925925925925926	0.0	0.0	0.0	0.0	0.0	0.0	0.0	0.0	0.0	0.0	0.0	0.0	1.0	0.0	0.0	0.5925925925925926	0.0	0.0	0.0	0.0	0.0	0.9565217391304348	0.5925925925925926	0.0	0.0	0.5925925925925926	0.0	0.8	0.0	0.5925925925925926	0.0	0	0.5925925925925926	0.0	
0.3673469387755102	0.5714285714285714	0.5714285714285714	0.5714285714285714	0.574468085106383	0.5714285714285714	0.7346938775510204	0.5714285714285714	0.7346938775510204	0.5945945945945946	0.5714285714285714	0.7346938775510204	0.30612244897959184	0.8913043478260869	0.7346938775510204	0.7346938775510204	0.46938775510204084	0.7111111111111111	0.5714285714285714	0.7346938775510204	0.7346938775510204	0.6428571428571429	0.7391304347826086	0.3673469387755102	0.30612244897959184	0.5714285714285714	0.0	0.5714285714285714	0.6	0.5714285714285714	0.4148936170212766	0.7346938775510204	0.5925925925925926	0	0.6428571428571429	
0.2909090909090909	0.13636363636363635	0.10204081632653061	0.09090909090909091	0.14893617021276595	0.10204081632653061	0.43137254901960786	0.09090909090909091	0.43137254901960786	0.02702702702702703	0.13636363636363635	0.43137254901960786	0.34545454545454546	0.32608695652173914	0.43137254901960786	0.43137254901960786	0.6428571428571429	0.4666666666666667	0.10204081632653061	0.43137254901960786	0.43137254901960786	0.0	0.0	0.30612244897959184	0.39215686274509803	0.09090909090909091	0.6428571428571429	0.5454545454545454	0.0	0.13725490196078433	0.723404255319149	0.38181818181818183	0.0	0.6428571428571429	0	
