0	0.6666666666666666	0.5666041275797373	0.5333333333333333	0.4917825537294564	0.48482932996207334	0.8020304568527918	0.6414634146341464	0.5050568900126422	0.5284450063211125	0.868421052631579	0.527180783817952	0.0	0.36486486486486486	0.42604298356510745	1.0	0.31007751937984496	0.4829329962073325	0.40571870170015456	0.88	0.22625698324022347	0.49224806201550386	0.5410872313527181	0.9322709163346613	0.4244264507422402	0.3496932515337423	0.0	0.5474083438685209	0.8672131147540983	0.5414507772020726	0.4773662551440329	0.46523388116308473	1.0	0.5246523388116309	1.0	0.5170670037926675	0.8636363636363636	0.4911504424778761	0.8736263736263736	0.5170670037926675	0.512022630834512	0.8636363636363636	0.5246523388116309	1.0	0.7474226804123711	0.4696586599241466	1.0	0.5089153046062407	0.4110429447852761	0.5587863463969659	0.6956521739130435	0.36283185840707965	0.52275600505689	0.9195402298850575	0.5456885456885456	0.8021978021978022	0.487012987012987	0.4279393173198483	0.766497461928934	0.8870967741935484	1.0	0.28	0.0	0.9065934065934066	0.47029077117572693	0.4749518304431599	0.7365661861074705	0.9	0.5549668874172186	0.7169069462647444	0.7644376899696048	0.6536796536796536	0.5764854614412137	0.47058823529411764	0.28	0.47029077117572693	0.9065934065934066	0.5360303413400759	0.7931034482758621	0.4114331723027375	0.0	0.7525252525252525	
0.6666666666666666	0	1.0	1.0	1.0	1.0	0.6666666666666666	1.0	0.0	1.0	1.0	1.0	0.6666666666666666	0.6666666666666666	1.0	0.4666666666666667	1.0	1.0	0.0	1.0	1.0	1.0	1.0	0.6666666666666666	0.0	1.0	1.0	1.0	0.6666666666666666	1.0	0.0	1.0	1.0	1.0	1.0	1.0	1.0	1.0	0.6666666666666666	1.0	1.0	1.0	1.0	1.0	1.0	1.0	1.0	1.0	1.0	1.0	1.0	1.0	1.0	1.0	1.0	0.6666666666666666	1.0	0.6666666666666666	1.0	1.0	1.0	1.0	1.0	1.0	1.0	0.0	0.6666666666666666	1.0	1.0	0.0	0.0	1.0	0.0	1.0	1.0	1.0	1.0	0.4666666666666667	1.0	1.0	0.6666666666666666	1.0	
0.5666041275797373	1.0	0	0.5333333333333333	0.32833020637898686	0.4924953095684803	0.9086294416243654	0.44390243902439025	0.5816135084427767	0.42870544090056284	0.9385964912280702	0.33114446529080677	0.4666666666666667	0.44652908067542213	0.2804878048780488	0.6666666666666666	0.46124031007751937	0.3405253283302064	0.4718574108818011	0.836	0.8687150837988827	1.0	0.399624765478424	0.9203187250996016	0.3883677298311445	0.26993865030674846	0.7419354838709677	0.3818011257035647	0.9295081967213115	0.4067357512953368	0.7613168724279835	0.3348968105065666	1.0	0.29362101313320826	1.0	0.3452157598499062	0.8454545454545455	0.33864915572232646	0.8516483516483516	0.3452157598499062	0.3611632270168856	0.8454545454545455	0.2626641651031895	1.0	0.6134020618556701	0.3405253283302064	1.0	0.3405253283302064	0.22699386503067484	0.35553470919324576	1.0	1.0	0.40431519699812385	0.8505747126436781	0.349906191369606	0.8571428571428571	1.0	0.349906191369606	0.8426395939086294	0.9623655913978495	1.0	0.0	0.3076923076923077	0.8186813186813187	0.28142589118198874	0.37090558766859344	0.6679174484052532	0.7666666666666667	0.46622889305816134	0.8067542213883677	0.8768996960486323	0.5909090909090909	0.6050656660412758	0.47058823529411764	0.0	0.28142589118198874	0.8186813186813187	0.49343339587242024	0.9597701149425287	0.4455909943714822	0.4666666666666667	0.24242424242424243	
0.5333333333333333	1.0	0.5333333333333333	0	0.5333333333333333	0.5333333333333333	1.0	1.0	0.5333333333333333	0.5333333333333333	0.4	0.5333333333333333	1.0	0.5333333333333333	0.5333333333333333	1.0	1.0	0.5333333333333333	0.5333333333333333	0.0	1.0	1.0	0.5333333333333333	0.4	0.5333333333333333	1.0	1.0	0.5333333333333333	1.0	0.5333333333333333	1.0	0.5333333333333333	1.0	0.5333333333333333	1.0	0.5333333333333333	0.4	0.5333333333333333	0.4	0.5333333333333333	0.5333333333333333	0.4	0.5333333333333333	1.0	1.0	0.5333333333333333	1.0	0.5333333333333333	1.0	0.5333333333333333	1.0	1.0	0.5333333333333333	0.4	0.5333333333333333	0.4	1.0	0.5333333333333333	1.0	0.0	1.0	1.0	1.0	0.4	0.5333333333333333	0.5333333333333333	0.06666666666666667	0.4	0.5333333333333333	0.0	1.0	1.0	0.5333333333333333	1.0	1.0	0.5333333333333333	0.4	0.5333333333333333	1.0	0.5333333333333333	1.0	0.5333333333333333	
0.4917825537294564	1.0	0.32833020637898686	0.5333333333333333	0	0.4312267657992565	0.8426395939086294	0.33414634146341465	0.5916976456009914	0.35570890840652447	0.9385964912280702	0.2992565055762082	0.4666666666666667	0.41505791505791506	0.2961104140526976	0.6666666666666666	0.3062015503875969	0.280426599749059	0.4281298299845441	0.864	0.43854748603351956	0.5077519379844961	0.469811320754717	0.9342629482071713	0.4311740890688259	0.3006134969325153	0.45161290322580644	0.31970260223048325	0.9229508196721311	0.40414507772020725	0.6625514403292181	0.32622333751568383	0.7647058823529411	0.3864491844416562	0.6842105263157895	0.38166047087980176	0.8454545454545455	0.27547169811320754	0.8516483516483516	0.38166047087980176	0.3854314002828854	0.8454545454545455	0.3644918444165621	0.6842105263157895	0.4793814432989691	0.3559748427672956	0.6842105263157895	0.34992570579494797	0.3496932515337423	0.3136762860727729	0.6956521739130435	0.4247787610619469	0.27603513174404015	0.8390804597701149	0.23938223938223938	0.8571428571428571	0.0	0.3382899628252788	0.8604060913705583	0.9623655913978495	0.6842105263157895	0.0	0.0	0.8186813186813187	0.23462986198243413	0.35452793834296725	0.6992136304062909	0.8407407407407408	0.4337748344370861	0.8368283093053736	0.8267477203647416	0.5151515151515151	0.6418835192069393	0.47058823529411764	0.0	0.23462986198243413	0.8186813186813187	0.37174721189591076	0.7931034482758621	0.34057971014492755	0.4666666666666667	0.24242424242424243	
0.48482932996207334	1.0	0.4924953095684803	0.5333333333333333	0.4312267657992565	0	0.8807106598984772	0.28292682926829266	0.467940813810111	0.3619824341279799	0.9385964912280702	0.4758961681087763	0.4666666666666667	0.3635778635778636	0.3575909661229611	0.6666666666666666	0.3062015503875969	0.4347553324968632	0.5061823802163833	0.888	0.388268156424581	0.2596899224806202	0.4830188679245283	0.9601593625498008	0.48313090418353577	0.4325153374233129	0.45161290322580644	0.38976857490864797	0.8655737704918033	0.36787564766839376	0.5432098765432098	0.42785445420326224	0.5294117647058824	0.44040150564617314	0.0	0.4627594627594628	0.9363636363636364	0.4459119496855346	0.9175824175824175	0.4627594627594628	0.4349363507779349	0.9363636363636364	0.4190715181932246	0.47368421052631576	0.5721649484536082	0.4069182389937107	0.47368421052631576	0.4063893016344725	0.34049079754601225	0.363237139272271	0.6956521739130435	0.37168141592920356	0.4868255959849435	0.9252873563218391	0.42792792792792794	0.9175824175824175	0.3051948051948052	0.31812577065351416	0.8908629441624365	0.8924731182795699	0.47368421052631576	0.0	0.0	0.9615384615384616	0.33751568381430364	0.43352601156069365	0.7011795543905636	0.8222222222222222	0.5390728476821192	0.7306684141546527	0.743161094224924	0.5822510822510822	0.4882860665844636	0.47058823529411764	0.0	0.33751568381430364	0.9615384615384616	0.43773119605425403	0.8850574712643678	0.40660225442834136	0.4666666666666667	0.7777777777777778	
0.8020304568527918	0.6666666666666666	0.9086294416243654	1.0	0.8426395939086294	0.8807106598984772	0	1.0	0.8654822335025381	0.8730964467005076	1.0	0.8324873096446701	0.0	0.8121827411167513	0.8324873096446701	1.0	0.8333333333333334	0.8401015228426396	0.916243654822335	0.968	0.8575418994413407	1.0	0.8477157360406091	0.9416243654822335	0.916243654822335	0.8895705521472392	1.0	0.8730964467005076	0.7969543147208121	1.0	0.916243654822335	0.8401015228426396	1.0	0.8401015228426396	1.0	0.8730964467005076	1.0	0.8324873096446701	0.9175824175824175	0.8730964467005076	0.8401015228426396	1.0	0.8401015228426396	1.0	1.0	0.8401015228426396	1.0	0.8401015228426396	0.9539877300613497	0.8807106598984772	1.0	1.0	0.8477157360406091	1.0	0.8477157360406091	0.9175824175824175	0.9545454545454546	0.8604060913705583	0.7918781725888325	1.0	1.0	1.0	1.0	1.0	0.8324873096446701	0.9517766497461929	0.8426395939086294	1.0	0.8020304568527918	0.9416243654822335	0.9517766497461929	0.9137055837563451	0.8629441624365483	0.47058823529411764	1.0	0.8324873096446701	1.0	0.8705583756345178	0.7068965517241379	0.8401015228426396	0.0	1.0	
0.6414634146341464	1.0	0.44390243902439025	1.0	0.33414634146341465	0.28292682926829266	1.0	0	0.36829268292682926	0.35609756097560974	1.0	0.40487804878048783	1.0	0.36829268292682926	0.0975609756097561	1.0	1.0	0.3463414634146341	0.7317073170731707	0.996	1.0	1.0	0.5365853658536586	0.9975609756097561	0.35365853658536583	1.0	0.45161290322580644	0.3463414634146341	1.0	0.5155440414507773	1.0	0.3048780487804878	1.0	0.348780487804878	1.0	0.36341463414634145	1.0	0.24146341463414633	1.0	0.36341463414634145	0.5560975609756098	1.0	0.3951219512195122	1.0	0.4484536082474227	0.3048780487804878	1.0	0.6658536585365854	1.0	0.1073170731707317	0.6956521739130435	1.0	0.44390243902439025	1.0	0.35609756097560974	1.0	1.0	0.24634146341463414	1.0	0.9731182795698925	1.0	1.0	0.0	0.9615384615384616	0.2048780487804878	0.17317073170731706	0.6170731707317073	0.837037037037037	0.4853658536585366	0.7439024390243902	1.0	1.0	0.6634146341463415	1.0	1.0	0.2048780487804878	0.9615384615384616	0.37073170731707317	1.0	0.7707317073170732	1.0	0.9292929292929293	
0.5050568900126422	0.0	0.5816135084427767	0.5333333333333333	0.5916976456009914	0.467940813810111	0.8654822335025381	0.36829268292682926	0	0.5853199498117942	0.7807017543859649	0.630407911001236	0.6666666666666666	0.4144144144144144	0.4698870765370138	0.4666666666666667	0.6356589147286822	0.5426599749058971	0.4814528593508501	0.924	0.4748603351955307	0.40310077519379844	0.5893081761006289	0.9561752988047809	0.5020242914979757	0.5766871165644172	0.45161290322580644	0.6078914919852034	0.9491803278688524	0.32642487046632124	0.5123456790123457	0.555207026348808	1.0	0.4918444165621079	1.0	0.5764488286066585	0.9363636363636364	0.5628930817610063	0.8681318681318682	0.5764488286066585	0.516973125884017	0.9363636363636364	0.5338770388958595	1.0	0.6185567010309279	0.48427672955974843	1.0	0.5208023774145617	0.46319018404907975	0.493099121706399	0.6956521739130435	0.4336283185840708	0.6486825595984943	0.9597701149425287	0.5984555984555985	0.9175824175824175	0.6883116883116883	0.45006165228113443	0.9289340101522843	0.8440860215053764	1.0	0.0	0.0	0.9615384615384616	0.5288582183186951	0.42485549132947975	0.6867627785058977	0.8222222222222222	0.6496688741721854	0.6880733944954128	0.71580547112462	0.7857142857142857	0.47102342786683105	0.0	0.0	0.5288582183186951	0.9615384615384616	0.6214549938347719	0.6781609195402298	0.5523349436392915	0.6666666666666666	0.803030303030303	
0.5284450063211125	1.0	0.42870544090056284	0.5333333333333333	0.35570890840652447	0.3619824341279799	0.8730964467005076	0.35609756097560974	0.5853199498117942	0	0.868421052631579	0.36762860727728985	0.4666666666666667	0.4594594594594595	0.31430363864491845	0.6666666666666666	0.31007751937984496	0.3199498117942284	0.46290571870170016	0.852	0.46368715083798884	0.4728682170542636	0.39433962264150946	0.9482071713147411	0.44534412955465585	0.21779141104294478	0.45161290322580644	0.2835633626097867	0.8442622950819673	0.43523316062176165	0.49176954732510286	0.3237139272271016	0.0	0.35194479297365117	0.47368421052631576	0.3569636135508156	0.8636363636363636	0.3522012578616352	0.9175824175824175	0.3569636135508156	0.3338048090523338	0.8636363636363636	0.34880803011292344	0.0	0.520618556701031	0.28553459119496855	0.0	0.32169390787518576	0.24539877300613497	0.29109159347553326	0.6956521739130435	0.4469026548672566	0.2904642409033877	0.8333333333333334	0.3758043758043758	0.8461538461538461	0.2012987012987013	0.38268506900878296	0.8604060913705583	0.9354838709677419	0.0	0.0	0.0	0.9065934065934066	0.25094102885821834	0.3921001926782274	0.7031454783748362	0.8444444444444444	0.39867549668874175	0.7581913499344692	0.8434650455927052	0.44805194805194803	0.617314930991217	0.47058823529411764	0.0	0.25094102885821834	0.9065934065934066	0.3475533249686324	0.8850574712643678	0.3494363929146538	0.4666666666666667	0.6363636363636364	
0.868421052631579	1.0	0.9385964912280702	0.4	0.9385964912280702	0.9385964912280702	1.0	1.0	0.7807017543859649	0.868421052631579	0	0.9385964912280702	1.0	0.868421052631579	0.868421052631579	1.0	1.0	0.868421052631579	0.868421052631579	0.7894736842105263	1.0	1.0	0.868421052631579	0.6228070175438597	0.868421052631579	1.0	1.0	0.9210526315789473	1.0	0.9385964912280702	1.0	0.868421052631579	1.0	0.9385964912280702	1.0	0.9385964912280702	0.7	0.9385964912280702	0.6403508771929824	0.9385964912280702	0.9385964912280702	0.7	0.9385964912280702	1.0	1.0	0.868421052631579	1.0	0.9385964912280702	1.0	0.8508771929824561	1.0	1.0	0.9385964912280702	0.7280701754385965	0.9385964912280702	0.6052631578947368	1.0	0.9385964912280702	1.0	0.8508771929824561	1.0	1.0	1.0	0.7543859649122807	0.9385964912280702	0.9385964912280702	0.9298245614035088	0.7280701754385965	0.9385964912280702	0.8508771929824561	1.0	1.0	0.9385964912280702	1.0	1.0	0.9385964912280702	0.7543859649122807	0.9385964912280702	1.0	0.868421052631579	1.0	0.9385964912280702	
0.527180783817952	1.0	0.33114446529080677	0.5333333333333333	0.2992565055762082	0.4758961681087763	0.8324873096446701	0.40487804878048783	0.630407911001236	0.36762860727728985	0.9385964912280702	0	0.4666666666666667	0.4195624195624196	0.2848180677540778	0.6666666666666666	0.2054263565891473	0.15244667503136763	0.43508500772797526	0.864	0.4441340782122905	0.624031007751938	0.4050314465408805	0.9342629482071713	0.4271255060728745	0.0	0.45161290322580644	0.16440049443757726	0.8770491803278688	0.5880829015544041	0.46296296296296297	0.18946047678795483	0.0	0.24341279799247176	0.47368421052631576	0.26452410383189123	0.8454545454545455	0.2962264150943396	0.8516483516483516	0.26452410383189123	0.2524752475247525	0.8454545454545455	0.2559598494353827	0.0	0.15463917525773196	0.21572327044025158	0.0	0.25185735512630014	0.1441717791411043	0.33751568381430364	0.6956521739130435	0.41150442477876104	0.31681304893350065	0.764367816091954	0.17052767052767054	0.8571428571428571	0.22727272727272727	0.3831891223733004	0.7766497461928934	0.9623655913978495	0.0	0.0	1.0	0.8186813186813187	0.2245922208281054	0.3140655105973025	0.7247706422018348	0.8592592592592593	0.2913907284768212	0.8191349934469201	0.7993920972644377	0.38095238095238093	0.6977750309023486	0.47058823529411764	0.0	0.2245922208281054	0.8186813186813187	0.4110012360939431	0.7701149425287356	0.27697262479871176	0.4666666666666667	0.494949494949495	
0.0	0.6666666666666666	0.4666666666666667	1.0	0.4666666666666667	0.4666666666666667	0.0	1.0	0.6666666666666666	0.4666666666666667	1.0	0.4666666666666667	0	0.0	0.4666666666666667	1.0	0.4666666666666667	0.4666666666666667	0.6666666666666666	0.4666666666666667	1.0	1.0	0.4666666666666667	0.0	0.6666666666666666	0.4666666666666667	1.0	0.4666666666666667	0.0	1.0	0.6666666666666666	0.4666666666666667	1.0	0.4666666666666667	1.0	0.4666666666666667	1.0	0.4666666666666667	0.0	0.4666666666666667	0.4666666666666667	1.0	0.4666666666666667	1.0	1.0	0.4666666666666667	1.0	0.4666666666666667	0.4666666666666667	0.4666666666666667	1.0	1.0	0.4666666666666667	1.0	0.4666666666666667	0.0	1.0	0.0	0.4666666666666667	1.0	1.0	1.0	1.0	1.0	0.4666666666666667	0.6666666666666666	0.0	1.0	0.4666666666666667	0.6666666666666666	0.6666666666666666	0.4666666666666667	0.6666666666666666	1.0	1.0	0.4666666666666667	1.0	1.0	1.0	0.4666666666666667	0.0	1.0	
0.36486486486486486	0.6666666666666666	0.44652908067542213	0.5333333333333333	0.41505791505791506	0.3635778635778636	0.8121827411167513	0.36829268292682926	0.4144144144144144	0.4594594594594595	0.868421052631579	0.4195624195624196	0.0	0	0.3166023166023166	1.0	0.20155038759689922	0.37194337194337196	0.38794435857805254	0.848	0.25139664804469275	0.49612403100775193	0.5122265122265123	0.9103585657370518	0.3805668016194332	0.12269938650306748	0.45161290322580644	0.4214929214929215	0.9016393442622951	0.2694300518134715	0.37037037037037035	0.3507078507078507	1.0	0.4543114543114543	1.0	0.4697554697554698	0.8636363636363636	0.4137709137709138	0.8736263736263736	0.4697554697554698	0.43705799151343705	0.8636363636363636	0.4266409266409266	1.0	0.6958762886597938	0.3906048906048906	1.0	0.3922734026745914	0.25153374233128833	0.4498069498069498	0.6956521739130435	0.5309734513274337	0.4588159588159588	0.9195402298850575	0.43114543114543114	0.8021978021978022	0.1038961038961039	0.3314028314028314	0.8197969543147208	0.8225806451612904	1.0	0.0	0.0	0.9065934065934066	0.35006435006435005	0.3420038535645472	0.6422018348623854	0.8222222222222222	0.47880794701986756	0.7791612057667103	0.7507598784194529	0.4653679653679654	0.5392535392535392	0.47058823529411764	0.0	0.35006435006435005	0.9065934065934066	0.49935649935649934	0.7931034482758621	0.3027375201288245	0.0	0.5808080808080808	
0.42604298356510745	1.0	0.2804878048780488	0.5333333333333333	0.2961104140526976	0.3575909661229611	0.8324873096446701	0.0975609756097561	0.4698870765370138	0.31430363864491845	0.868421052631579	0.2848180677540778	0.4666666666666667	0.3166023166023166	0	0.6666666666666666	0.2054263565891473	0.2302383939774153	0.3554868624420402	0.816	0.43575418994413406	0.5852713178294574	0.3635220125786163	0.9302788844621513	0.33805668016194335	0.13190184049079753	0.45161290322580644	0.3481806775407779	0.9098360655737705	0.22538860103626943	0.448559670781893	0.2603513174404015	1.0	0.29924717691342534	1.0	0.37892095357590966	0.8636363636363636	0.2591194968553459	0.9175824175824175	0.37892095357590966	0.2814710042432815	0.8636363636363636	0.2716436637390213	1.0	0.4948453608247423	0.25534591194968553	1.0	0.23476968796433878	0.1441717791411043	0.2810539523212045	0.6956521739130435	0.3008849557522124	0.32810539523212046	0.9195402298850575	0.3133848133848134	0.8461538461538461	0.09740259740259741	0.3111668757841907	0.7766497461928934	0.8225806451612904	1.0	0.0	0.0	0.9065934065934066	0.25156838143036386	0.21579961464354527	0.6245085190039319	0.7666666666666667	0.35894039735099337	0.7752293577981652	0.7750759878419453	0.461038961038961	0.6223337515683814	0.47058823529411764	0.0	0.25156838143036386	0.9065934065934066	0.39523212045169387	0.7701149425287356	0.24396135265700483	0.4666666666666667	0.5656565656565656	
1.0	0.4666666666666667	0.6666666666666666	1.0	0.6666666666666666	0.6666666666666666	1.0	1.0	0.4666666666666667	0.6666666666666666	1.0	0.6666666666666666	1.0	1.0	0.6666666666666666	0	0.6666666666666666	0.6666666666666666	0.4666666666666667	0.6666666666666666	1.0	1.0	0.6666666666666666	1.0	0.4666666666666667	0.6666666666666666	1.0	0.6666666666666666	1.0	1.0	0.4666666666666667	0.6666666666666666	1.0	0.6666666666666666	1.0	0.6666666666666666	1.0	0.6666666666666666	1.0	0.6666666666666666	0.6666666666666666	1.0	0.6666666666666666	1.0	1.0	0.6666666666666666	1.0	0.6666666666666666	0.6666666666666666	0.6666666666666666	1.0	1.0	0.6666666666666666	1.0	0.6666666666666666	1.0	1.0	1.0	0.6666666666666666	1.0	1.0	1.0	1.0	1.0	0.6666666666666666	0.4666666666666667	1.0	1.0	0.6666666666666666	0.4666666666666667	0.4666666666666667	0.6666666666666666	0.4666666666666667	1.0	1.0	0.6666666666666666	1.0	0.0	1.0	0.6666666666666666	1.0	1.0	
0.31007751937984496	1.0	0.46124031007751937	1.0	0.3062015503875969	0.3062015503875969	0.8333333333333334	1.0	0.6356589147286822	0.31007751937984496	1.0	0.2054263565891473	0.4666666666666667	0.20155038759689922	0.2054263565891473	0.6666666666666666	0	0.26356589147286824	0.4806201550387597	0.936	0.5426356589147286	1.0	0.10852713178294573	0.9689922480620154	0.4806201550387597	0.40310077519379844	1.0	0.15503875968992248	0.8178294573643411	1.0	0.4806201550387597	0.29457364341085274	1.0	0.26356589147286824	1.0	0.15503875968992248	1.0	0.15503875968992248	0.9560439560439561	0.15503875968992248	0.26356589147286824	1.0	0.26356589147286824	1.0	1.0	0.26356589147286824	1.0	0.26356589147286824	0.6162790697674418	0.0	1.0	1.0	0.40310077519379844	1.0	0.10852713178294573	0.9560439560439561	0.9935064935064936	0.32558139534883723	0.7558139534883721	1.0	1.0	1.0	1.0	1.0	0.31007751937984496	0.7364341085271318	0.6007751937984496	1.0	0.375968992248062	0.5193798449612403	0.5503875968992248	0.5	0.4728682170542636	0.47058823529411764	1.0	0.31007751937984496	1.0	0.5310077519379846	0.9080459770114943	0.26356589147286824	0.4666666666666667	1.0	
0.4829329962073325	1.0	0.3405253283302064	0.5333333333333333	0.280426599749059	0.4347553324968632	0.8401015228426396	0.3463414634146341	0.5426599749058971	0.3199498117942284	0.868421052631579	0.15244667503136763	0.4666666666666667	0.37194337194337196	0.2302383939774153	0.6666666666666666	0.26356589147286824	0	0.357032457496136	0.856	0.36312849162011174	0.47674418604651164	0.27861635220125786	0.950199203187251	0.358974358974359	0.0	0.45161290322580644	0.17628607277289837	0.9032786885245901	0.5284974093264249	0.4156378600823045	0.08845671267252196	0.23529411764705882	0.1549560853199498	0.7894736842105263	0.28858218318695106	0.8636363636363636	0.2672955974842767	0.9175824175824175	0.28858218318695106	0.15275813295615276	0.8636363636363636	0.16373902132998747	0.3157894736842105	0.15463917525773196	0.07547169811320754	0.3157894736842105	0.1426448736998514	0.1441717791411043	0.2986198243412798	0.6956521739130435	0.0	0.26411543287327477	0.8448275862068966	0.08365508365508366	0.8461538461538461	0.1038961038961039	0.3601003764115433	0.8020304568527918	0.9354838709677419	0.3157894736842105	0.0	1.0	0.9065934065934066	0.19071518193224593	0.31213872832369943	0.6828309305373526	0.8407407407407408	0.30132450331125826	0.7876802096985583	0.7811550151975684	0.3961038961038961	0.6718946047678795	0.47058823529411764	0.0	0.19071518193224593	0.9065934065934066	0.34316185696361357	0.8333333333333334	0.1360708534621578	0.4666666666666667	0.5656565656565656	
0.40571870170015456	0.0	0.4718574108818011	0.5333333333333333	0.4281298299845441	0.5061823802163833	0.916243654822335	0.7317073170731707	0.4814528593508501	0.46290571870170016	0.868421052631579	0.43508500772797526	0.6666666666666666	0.38794435857805254	0.3554868624420402	0.4666666666666667	0.4806201550387597	0.357032457496136	0	0.916	0.505586592178771	0.26356589147286824	0.4768160741885626	0.954183266932271	0.11746522411128284	0.2331288343558282	0.45161290322580644	0.437403400309119	0.9344262295081968	0.47668393782383417	0.0	0.3369397217928903	0.7647058823529411	0.3964451313755796	0.6842105263157895	0.4706336939721793	0.8636363636363636	0.44899536321483774	0.9285714285714286	0.4706336939721793	0.3964451313755796	0.8636363636363636	0.4095826893353941	0.6842105263157895	1.0	0.34234930448222567	0.6842105263157895	0.4095826893353941	0.38650306748466257	0.48377125193199383	1.0	0.33185840707964603	0.46754250386398766	0.9080459770114943	0.401854714064915	0.8571428571428571	0.5194805194805194	0.3207109737248841	0.9086294416243654	0.9354838709677419	0.6842105263157895	0.28	1.0	0.9065934065934066	0.35780525502318394	0.4238921001926782	0.7364760432766615	0.7666666666666667	0.45826893353941267	0.7194744976816074	0.6869300911854104	0.5541125541125541	0.6367851622874807	0.0	0.28	0.35780525502318394	0.9065934065934066	0.5077279752704791	0.8045977011494253	0.355877616747182	0.6666666666666666	0.41414141414141414	
0.88	1.0	0.836	0.0	0.864	0.888	0.968	0.996	0.924	0.852	0.7894736842105263	0.864	0.4666666666666667	0.848	0.816	0.6666666666666666	0.936	0.856	0.916	0	1.0	1.0	0.852	0.532	0.916	0.936	1.0	0.832	0.968	0.932	1.0	0.852	1.0	0.86	1.0	0.86	0.5363636363636364	0.86	0.8956043956043956	0.86	0.86	0.5363636363636364	0.86	1.0	1.0	0.852	1.0	0.86	0.936	0.9	1.0	1.0	0.864	0.764367816091954	0.864	0.3241758241758242	1.0	0.888	0.94	0.7043010752688172	1.0	1.0	1.0	0.7967032967032966	0.86	0.888	0.88	0.856	0.86	0.936	1.0	0.936	0.968	1.0	1.0	0.86	0.7967032967032966	0.904	1.0	0.852	0.4666666666666667	0.9090909090909091	
0.22625698324022347	1.0	0.8687150837988827	1.0	0.43854748603351956	0.388268156424581	0.8575418994413407	1.0	0.4748603351955307	0.46368715083798884	1.0	0.4441340782122905	1.0	0.25139664804469275	0.43575418994413406	1.0	0.5426356589147286	0.36312849162011174	0.505586592178771	1.0	0	0.6782945736434108	0.30446927374301674	1.0	0.505586592178771	0.8343558282208589	1.0	0.44692737430167595	0.9022346368715084	1.0	0.5363128491620112	0.4022346368715084	1.0	0.23743016759776536	1.0	0.4776536312849162	1.0	0.3407821229050279	1.0	0.4776536312849162	0.23743016759776536	1.0	0.36312849162011174	1.0	1.0	0.329608938547486	1.0	0.36312849162011174	0.9478527607361963	0.4888268156424581	1.0	0.7123893805309734	0.5223463687150838	1.0	0.36312849162011174	1.0	0.564935064935065	0.4022346368715084	0.8715083798882681	1.0	1.0	1.0	1.0	1.0	0.3324022346368715	0.952513966480447	0.8547486033519553	1.0	0.44692737430167595	0.7625698324022346	0.7905027932960894	0.8575418994413407	0.5614525139664804	0.47058823529411764	1.0	0.3324022346368715	1.0	0.5335195530726257	0.7931034482758621	0.40782122905027934	1.0	1.0	
0.49224806201550386	1.0	1.0	1.0	0.5077519379844961	0.2596899224806202	1.0	1.0	0.40310077519379844	0.4728682170542636	1.0	0.624031007751938	1.0	0.49612403100775193	0.5852713178294574	1.0	1.0	0.47674418604651164	0.26356589147286824	1.0	0.6782945736434108	0	0.4108527131782946	1.0	0.5891472868217055	1.0	1.0	0.6821705426356589	0.9767441860465116	1.0	0.6666666666666666	0.3992248062015504	0.7647058823529411	0.47674418604651164	0.6842105263157895	0.6589147286821705	1.0	0.562015503875969	1.0	0.6589147286821705	0.47674418604651164	1.0	0.47674418604651164	0.6842105263157895	1.0	0.4883720930232558	0.6842105263157895	0.47674418604651164	1.0	0.7403100775193798	1.0	0.5442477876106194	0.5658914728682171	0.9885057471264368	0.3992248062015504	1.0	0.7467532467532467	0.35658914728682173	1.0	1.0	0.6842105263157895	1.0	1.0	1.0	0.41472868217054265	1.0	0.8062015503875969	1.0	0.5038759689922481	0.8217054263565892	0.8875968992248062	0.9806201550387597	0.5658914728682171	1.0	1.0	0.41472868217054265	1.0	0.5193798449612403	1.0	0.4806201550387597	1.0	1.0	
0.5410872313527181	1.0	0.399624765478424	0.5333333333333333	0.469811320754717	0.4830188679245283	0.8477157360406091	0.5365853658536586	0.5893081761006289	0.39433962264150946	0.868421052631579	0.4050314465408805	0.4666666666666667	0.5122265122265123	0.3635220125786163	0.6666666666666666	0.10852713178294573	0.27861635220125786	0.4768160741885626	0.852	0.30446927374301674	0.4108527131782946	0	0.9482071713147411	0.47638326585695007	0.23006134969325154	0.2903225806451613	0.39622641509433965	0.9081967213114754	0.6113989637305699	0.5	0.30880503144654087	0.23529411764705882	0.25534591194968553	0.7894736842105263	0.4138364779874214	0.8636363636363636	0.41949685534591197	0.9175824175824175	0.4138364779874214	0.24115983026874116	0.8636363636363636	0.1761006289308176	0.3157894736842105	0.4329896907216495	0.2459119496855346	0.3157894736842105	0.1812778603268945	0.19938650306748465	0.38301886792452833	0.6956521739130435	0.19469026548672566	0.46226415094339623	0.8448275862068966	0.31981981981981983	0.8461538461538461	0.2922077922077922	0.47735849056603774	0.8223350253807107	0.9354838709677419	0.3157894736842105	0.12	1.0	0.9065934065934066	0.3767295597484277	0.4884393063583815	0.7614678899082569	0.8222222222222222	0.46158940397350995	0.7490170380078637	0.7446808510638298	0.5454545454545454	0.6257861635220126	0.47058823529411764	0.12	0.3767295597484277	0.9065934065934066	0.4880503144654088	0.8333333333333334	0.3059581320450886	0.4666666666666667	0.5656565656565656	
0.9322709163346613	0.6666666666666666	0.9203187250996016	0.4	0.9342629482071713	0.9601593625498008	0.9416243654822335	0.9975609756097561	0.9561752988047809	0.9482071713147411	0.6228070175438597	0.9342629482071713	0.0	0.9103585657370518	0.9302788844621513	1.0	0.9689922480620154	0.950199203187251	0.954183266932271	0.532	1.0	1.0	0.9482071713147411	0	0.954183266932271	0.9754601226993865	1.0	0.950199203187251	0.9701195219123506	0.9559585492227979	0.9897119341563786	0.9482071713147411	1.0	0.9322709163346613	1.0	0.9322709163346613	0.2727272727272727	0.9203187250996016	0.6758241758241759	0.9322709163346613	0.9322709163346613	0.2727272727272727	0.9322709163346613	1.0	1.0	0.9482071713147411	1.0	0.9322709163346613	0.9754601226993865	0.950199203187251	1.0	1.0	0.9223107569721115	0.5517241379310345	0.9462151394422311	0.5164835164835165	1.0	0.9163346613545816	0.9796954314720813	0.8225806451612904	1.0	1.0	1.0	0.6428571428571429	0.9442231075697212	0.9322709163346613	0.9342629482071713	0.7555555555555555	0.9322709163346613	0.9701195219123506	0.9900398406374502	0.9826839826839827	0.9741035856573705	1.0	1.0	0.9442231075697212	0.6428571428571429	0.9621513944223108	1.0	0.9482071713147411	0.0	0.8737373737373737	
0.4244264507422402	0.0	0.3883677298311445	0.5333333333333333	0.4311740890688259	0.48313090418353577	0.916243654822335	0.35365853658536583	0.5020242914979757	0.44534412955465585	0.868421052631579	0.4271255060728745	0.6666666666666666	0.3805668016194332	0.33805668016194335	0.4666666666666667	0.4806201550387597	0.358974358974359	0.11746522411128284	0.916	0.505586592178771	0.5891472868217055	0.47638326585695007	0.954183266932271	0	0.2331288343558282	0.45161290322580644	0.4331983805668016	0.9442622950819672	0.17357512953367876	0.0	0.3549257759784076	1.0	0.4143049932523617	1.0	0.4669365721997301	0.8636363636363636	0.4399460188933873	0.9285714285714286	0.4669365721997301	0.42857142857142855	0.8636363636363636	0.42105263157894735	1.0	0.7371134020618557	0.3441295546558704	1.0	0.43016344725111444	0.38650306748466257	0.4406207827260459	0.6956521739130435	0.49557522123893805	0.460863697705803	0.9195402298850575	0.43792172739541163	0.8571428571428571	0.5194805194805194	0.344804318488529	0.9086294416243654	0.8978494623655914	1.0	0.28	0.0	0.9065934065934066	0.34547908232118757	0.2649325626204239	0.7186234817813765	0.7666666666666667	0.47638326585695007	0.7118758434547908	0.6899696048632219	0.5541125541125541	0.6639676113360324	0.0	0.28	0.34547908232118757	0.9065934065934066	0.5006747638326585	0.8045977011494253	0.391304347826087	0.6666666666666666	0.41414141414141414	
0.3496932515337423	1.0	0.26993865030674846	1.0	0.3006134969325153	0.4325153374233129	0.8895705521472392	1.0	0.5766871165644172	0.21779141104294478	1.0	0.0	0.4666666666666667	0.12269938650306748	0.13190184049079753	0.6666666666666666	0.40310077519379844	0.0	0.2331288343558282	0.936	0.8343558282208589	1.0	0.23006134969325154	0.9754601226993865	0.2331288343558282	0	1.0	0.0	0.8803680981595092	1.0	0.5368098159509203	0.0	1.0	0.10736196319018405	1.0	0.0	1.0	0.10736196319018405	0.9560439560439561	0.0	0.10736196319018405	1.0	0.10736196319018405	1.0	1.0	0.0	1.0	0.10736196319018405	0.29141104294478526	0.12269938650306748	1.0	1.0	0.10122699386503067	1.0	0.12269938650306748	0.9560439560439561	1.0	0.22392638036809817	0.8282208588957055	1.0	1.0	0.16	1.0	1.0	0.10429447852760736	0.3496932515337423	0.4570552147239264	1.0	0.10122699386503067	0.6288343558282209	0.6625766871165644	0.26380368098159507	0.6104294478527608	0.47058823529411764	0.16	0.10429447852760736	1.0	0.3803680981595092	0.9597701149425287	0.0	0.4666666666666667	1.0	
0.0	1.0	0.7419354838709677	1.0	0.45161290322580644	0.45161290322580644	1.0	0.45161290322580644	0.45161290322580644	0.45161290322580644	1.0	0.45161290322580644	1.0	0.45161290322580644	0.45161290322580644	1.0	1.0	0.45161290322580644	0.45161290322580644	1.0	1.0	1.0	0.2903225806451613	1.0	0.45161290322580644	1.0	0	0.45161290322580644	1.0	0.45161290322580644	1.0	0.45161290322580644	1.0	0.45161290322580644	1.0	0.8709677419354839	1.0	0.8709677419354839	1.0	0.8709677419354839	0.45161290322580644	1.0	0.7419354838709677	1.0	1.0	0.45161290322580644	1.0	0.7419354838709677	1.0	0.45161290322580644	1.0	1.0	0.45161290322580644	1.0	0.45161290322580644	1.0	1.0	0.45161290322580644	1.0	1.0	1.0	1.0	1.0	1.0	0.45161290322580644	0.45161290322580644	0.45161290322580644	1.0	0.45161290322580644	0.0	1.0	1.0	0.41935483870967744	1.0	1.0	0.45161290322580644	1.0	0.8709677419354839	1.0	1.0	1.0	1.0	
0.5474083438685209	1.0	0.3818011257035647	0.5333333333333333	0.31970260223048325	0.38976857490864797	0.8730964467005076	0.3463414634146341	0.6078914919852034	0.2835633626097867	0.9210526315789473	0.16440049443757726	0.4666666666666667	0.4214929214929215	0.3481806775407779	0.6666666666666666	0.15503875968992248	0.17628607277289837	0.437403400309119	0.832	0.44692737430167595	0.6821705426356589	0.39622641509433965	0.950199203187251	0.4331983805668016	0.0	0.45161290322580644	0	0.8852459016393442	0.5284974093264249	0.4567901234567901	0.2258469259723965	0.0	0.2572145545796738	0.47368421052631576	0.2442002442002442	0.8636363636363636	0.31257861635220124	0.9175824175824175	0.2442002442002442	0.268033946251768	0.8636363636363636	0.27854454203262236	0.0	0.15463917525773196	0.189937106918239	0.0	0.2786032689450223	0.12269938650306748	0.29109159347553326	0.6956521739130435	0.4778761061946903	0.35257214554579674	0.8333333333333334	0.18854568854568854	0.8131868131868132	0.33116883116883117	0.375462392108508	0.8147208121827412	0.956989247311828	0.0	0.0	1.0	0.9065934065934066	0.23651191969887075	0.3371868978805395	0.7228047182175622	0.8407407407407408	0.40264900662251657	0.783748361730013	0.7917933130699089	0.3874458874458874	0.6300863131935882	0.47058823529411764	0.0	0.23651191969887075	0.9065934065934066	0.3785450061652281	0.8850574712643678	0.3164251207729469	0.4666666666666667	0.5656565656565656	
0.8672131147540983	0.6666666666666666	0.9295081967213115	1.0	0.9229508196721311	0.8655737704918033	0.7969543147208121	1.0	0.9491803278688524	0.8442622950819673	1.0	0.8770491803278688	0.0	0.9016393442622951	0.9098360655737705	1.0	0.8178294573643411	0.9032786885245901	0.9344262295081968	0.968	0.9022346368715084	0.9767441860465116	0.9081967213114754	0.9701195219123506	0.9442622950819672	0.8803680981595092	1.0	0.8852459016393442	0	1.0	0.9300411522633745	0.8852459016393442	0.0	0.9032786885245901	0.47368421052631576	0.8852459016393442	1.0	0.8852459016393442	0.9175824175824175	0.8852459016393442	0.9032786885245901	1.0	0.9032786885245901	0.0	1.0	0.9032786885245901	0.0	0.9032786885245901	0.9539877300613497	0.9	1.0	0.9380530973451328	0.9032786885245901	0.9137931034482759	0.898360655737705	0.9175824175824175	1.0	0.9065573770491804	0.5913705583756346	1.0	0.0	1.0	1.0	1.0	0.8442622950819673	0.9688524590163935	0.9295081967213115	1.0	0.8524590163934426	0.9393442622950819	0.9688524590163935	0.9004329004329005	0.8868852459016393	0.47058823529411764	1.0	0.8442622950819673	1.0	0.8885245901639345	0.8218390804597702	0.9098360655737705	0.0	1.0	
0.5414507772020726	1.0	0.4067357512953368	0.5333333333333333	0.40414507772020725	0.36787564766839376	1.0	0.5155440414507773	0.32642487046632124	0.43523316062176165	0.9385964912280702	0.5880829015544041	1.0	0.2694300518134715	0.22538860103626943	1.0	1.0	0.5284974093264249	0.47668393782383417	0.932	1.0	1.0	0.6113989637305699	0.9559585492227979	0.17357512953367876	1.0	0.45161290322580644	0.5284974093264249	1.0	0	1.0	0.4792746113989637	1.0	0.42487046632124353	1.0	0.5544041450777202	0.9363636363636364	0.5699481865284974	0.9615384615384616	0.5544041450777202	0.43523316062176165	0.9363636363636364	0.5051813471502591	1.0	0.9587628865979382	0.42487046632124353	1.0	0.5233160621761658	1.0	0.2927461139896373	1.0	1.0	0.5906735751295337	0.9597701149425287	0.5284974093264249	0.9615384615384616	1.0	0.4326424870466321	1.0	0.8494623655913979	1.0	1.0	0.0	0.9615384615384616	0.32642487046632124	0.32124352331606215	0.7383419689119171	0.7666666666666667	0.5414507772020726	0.7357512953367875	1.0	1.0	0.5518134715025906	1.0	1.0	0.32642487046632124	0.9615384615384616	0.6088082901554405	1.0	0.6735751295336787	1.0	0.7171717171717171	
0.4773662551440329	0.0	0.7613168724279835	1.0	0.6625514403292181	0.5432098765432098	0.916243654822335	1.0	0.5123456790123457	0.49176954732510286	1.0	0.46296296296296297	0.6666666666666666	0.37037037037037035	0.448559670781893	0.4666666666666667	0.4806201550387597	0.4156378600823045	0.0	1.0	0.5363128491620112	0.6666666666666666	0.5	0.9897119341563786	0.0	0.5368098159509203	1.0	0.4567901234567901	0.9300411522633745	1.0	0	0.4156378600823045	1.0	0.4012345679012346	1.0	0.5288065843621399	1.0	0.448559670781893	0.967032967032967	0.5288065843621399	0.4012345679012346	1.0	0.4156378600823045	1.0	1.0	0.37037037037037035	1.0	0.4156378600823045	0.696319018404908	0.5864197530864198	1.0	0.7610619469026548	0.5493827160493827	1.0	0.49794238683127573	0.967032967032967	0.5194805194805194	0.26954732510288065	0.9086294416243654	1.0	1.0	1.0	1.0	1.0	0.4547325102880658	0.6954732510288066	0.6790123456790124	1.0	0.4547325102880658	0.5864197530864198	0.6440329218106996	0.7012987012987013	0.6975308641975309	0.0	1.0	0.4547325102880658	1.0	0.49176954732510286	0.8045977011494253	0.48148148148148145	0.6666666666666666	1.0	
0.46523388116308473	1.0	0.3348968105065666	0.5333333333333333	0.32622333751568383	0.42785445420326224	0.8401015228426396	0.3048780487804878	0.555207026348808	0.3237139272271016	0.868421052631579	0.18946047678795483	0.4666666666666667	0.3507078507078507	0.2603513174404015	0.6666666666666666	0.29457364341085274	0.08845671267252196	0.3369397217928903	0.852	0.4022346368715084	0.3992248062015504	0.30880503144654087	0.9482071713147411	0.3549257759784076	0.0	0.45161290322580644	0.2258469259723965	0.8852459016393442	0.4792746113989637	0.4156378600823045	0	0.0	0.185069008782936	0.47368421052631576	0.28419071518193223	0.8636363636363636	0.29874213836477986	0.9175824175824175	0.28419071518193223	0.1867043847241867	0.8636363636363636	0.20639899623588456	0.0	0.15463917525773196	0.11132075471698114	0.0	0.19316493313521546	0.1441717791411043	0.33500627352572143	0.6956521739130435	0.12389380530973451	0.3055207026348808	0.8333333333333334	0.13835263835263836	0.8461538461538461	0.19480519480519481	0.34127979924717694	0.7893401015228426	0.9354838709677419	0.0	0.0	1.0	0.9065934065934066	0.1944792973651192	0.302504816955684	0.6959370904325033	0.7666666666666667	0.2827814569536424	0.7830930537352556	0.7811550151975684	0.40476190476190477	0.657465495608532	0.47058823529411764	0.0	0.1944792973651192	0.9065934065934066	0.3619824341279799	0.8333333333333334	0.09339774557165861	0.4666666666666667	0.702020202020202	
1.0	1.0	1.0	1.0	0.7647058823529411	0.5294117647058824	1.0	1.0	1.0	0.0	1.0	0.0	1.0	1.0	1.0	1.0	1.0	0.23529411764705882	0.7647058823529411	1.0	1.0	0.7647058823529411	0.23529411764705882	1.0	1.0	1.0	1.0	0.0	0.0	1.0	1.0	0.0	0	0.23529411764705882	0.5294117647058824	0.0	1.0	0.0	1.0	0.0	0.23529411764705882	1.0	0.23529411764705882	0.0	1.0	0.23529411764705882	0.0	0.23529411764705882	1.0	0.23529411764705882	1.0	0.23529411764705882	0.0	0.11764705882352941	0.0	1.0	1.0	0.7647058823529411	1.0	1.0	0.0	1.0	1.0	1.0	0.0	1.0	1.0	1.0	0.0	0.23529411764705882	1.0	1.0	1.0	1.0	1.0	0.0	1.0	0.5294117647058824	1.0	0.5294117647058824	1.0	1.0	
