0	1.0	0.13333333333333333	0.45161290322580644	0.3870967741935484	1.0	0.5161290322580645	1.0	0.5161290322580645	1.0	0.5161290322580645	1.0	0.5161290322580645	1.0	0.5161290322580645	1.0	0.5161290322580645	0.5161290322580645	0.5161290322580645	0.6451612903225806	0.5161290322580645	0.9032258064516129	1.0	0.5161290322580645	0.7419354838709677	0.5161290322580645	0.3870967741935484	0.5161290322580645	0.9032258064516129	0.45161290322580644	0.5806451612903226	0.45161290322580644	0.5161290322580645	0.5161290322580645	
1.0	0	1.0	1.0	0.45454545454545453	1.0	0.0	1.0	0.45454545454545453	1.0	0.0	0.5454545454545454	0.0	0.5454545454545454	0.0	1.0	0.45454545454545453	0.0	1.0	1.0	0.0	0.0	0.0	0.0	1.0	0.45454545454545453	0.8181818181818182	0.0	0.45454545454545453	1.0	1.0	0.5454545454545454	0.0	1.0	
0.13333333333333333	1.0	0	0.0	0.0	1.0	0.4	1.0	0.4	1.0	0.4	1.0	0.4	1.0	0.4	1.0	0.4	0.4	0.4	0.6666666666666666	0.4	1.0	1.0	0.4	0.4666666666666667	0.4	0.0	0.4	1.0	0.26666666666666666	0.5333333333333333	0.26666666666666666	0.4	0.4	
0.45161290322580644	1.0	0.0	0	0.5196078431372549	1.0	0.8725490196078431	1.0	0.8627450980392157	0.6896551724137931	0.8627450980392157	0.803921568627451	0.8627450980392157	0.803921568627451	0.8627450980392157	1.0	0.8627450980392157	0.8627450980392157	0.6486486486486487	0.7096774193548387	0.8627450980392157	0.9803921568627451	0.9901960784313726	0.6862745098039216	0.9117647058823529	0.8627450980392157	0.7058823529411765	0.8725490196078431	0.9019607843137255	0.7727272727272727	0.6857142857142857	0.6666666666666666	0.8725490196078431	0.6486486486486487	
0.3870967741935484	0.45454545454545453	0.0	0.5196078431372549	0	0.0	0.7096774193548387	0.76	0.6763285024154589	0.603448275862069	0.785024154589372	0.676923076923077	0.7946859903381642	0.6904761904761905	0.6014492753623188	0.6190476190476191	0.7681159420289855	0.7608695652173914	0.0	0.0967741935483871	0.7318840579710145	0.7801932367149759	0.8727272727272727	0.6377777777777778	0.8623188405797102	0.7246376811594203	0.6569506726457399	0.6442953020134228	0.9232365145228216	0.6363636363636364	0.37142857142857144	0.7613168724279835	0.6442953020134228	0.35135135135135137	
1.0	1.0	1.0	1.0	0.0	0	1.0	1.0	0.29411764705882354	1.0	0.0	1.0	0.7647058823529411	1.0	0.6470588235294118	0.7647058823529411	0.6470588235294118	0.0	0.0	0.29411764705882354	0.0	0.6470588235294118	1.0	0.0	1.0	0.29411764705882354	0.29411764705882354	0.0	1.0	1.0	0.7647058823529411	0.6470588235294118	0.0	0.7647058823529411	
0.5161290322580645	0.0	0.4	0.8725490196078431	0.7096774193548387	1.0	0	1.0	0.7548387096774194	1.0	0.6935483870967742	0.9153846153846154	0.5806451612903226	0.9126984126984127	0.3580645161290323	0.9047619047619048	0.6483870967741936	0.5903225806451613	0.5135135135135135	0.5483870967741935	0.5161290322580645	0.7258064516129032	0.7909090909090909	0.7064516129032258	0.7870967741935484	0.7580645161290323	0.7741935483870968	0.7449664429530202	0.9612903225806452	0.5151515151515151	0.5428571428571428	0.8580645161290322	0.7449664429530202	0.5135135135135135	
1.0	1.0	1.0	1.0	0.76	1.0	1.0	0	0.84	1.0	1.0	1.0	0.84	1.0	1.0	1.0	1.0	1.0	1.0	1.0	0.84	1.0	1.0	0.84	1.0	1.0	1.0	0.92	1.0	1.0	1.0	0.64	0.92	1.0	
0.5161290322580645	0.45454545454545453	0.4	0.8627450980392157	0.6763285024154589	0.29411764705882354	0.7548387096774194	0.84	0	0.7758620689655172	0.7681159420289855	0.7538461538461538	0.782608695652174	0.746031746031746	0.6280193236714976	0.6190476190476191	0.7995169082125604	0.7294685990338164	0.13513513513513514	0.0	0.6932367149758454	0.7705314009661836	0.7727272727272727	0.6811594202898551	0.8792270531400966	0.7415458937198067	0.7415458937198067	0.8322147651006712	0.9710144927536232	0.7272727272727273	0.37142857142857144	0.6956521739130435	0.8322147651006712	0.35135135135135137	
1.0	1.0	1.0	0.6896551724137931	0.603448275862069	1.0	1.0	1.0	0.7758620689655172	0	0.9827586206896551	0.1206896551724138	0.9827586206896551	0.13793103448275862	0.9827586206896551	1.0	0.7758620689655172	0.7758620689655172	1.0	1.0	0.9827586206896551	0.7758620689655172	0.9827586206896551	0.4482758620689655	0.9827586206896551	0.7758620689655172	0.8793103448275862	1.0	0.8103448275862069	1.0	1.0	0.603448275862069	1.0	1.0	
0.5161290322580645	0.0	0.4	0.8627450980392157	0.785024154589372	0.0	0.6935483870967742	1.0	0.7681159420289855	0.9827586206896551	0	0.6384615384615384	0.49516908212560384	0.626984126984127	0.6473429951690821	0.6190476190476191	0.7053140096618358	0.6183574879227053	0.0	0.0967741935483871	0.5483091787439613	0.7536231884057971	0.2818181818181818	0.6859903381642513	0.8381642512077294	0.8454106280193237	0.7342995169082126	0.7483221476510067	0.9685990338164251	0.7272727272727273	0.37142857142857144	0.8454106280193237	0.7483221476510067	0.35135135135135137	
1.0	0.5454545454545454	1.0	0.803921568627451	0.676923076923077	1.0	0.9153846153846154	1.0	0.7538461538461538	0.1206896551724138	0.6384615384615384	0	0.6384615384615384	0.0	0.8461538461538461	1.0	0.7	0.8153846153846154	1.0	1.0	0.6846153846153846	0.7538461538461538	0.6272727272727273	0.5692307692307692	0.8846153846153846	0.9	0.7	0.9615384615384616	0.8307692307692308	1.0	1.0	0.6307692307692307	0.9615384615384616	1.0	
0.5161290322580645	0.0	0.4	0.8627450980392157	0.7946859903381642	0.7647058823529411	0.5806451612903226	0.84	0.782608695652174	0.9827586206896551	0.49516908212560384	0.6384615384615384	0	0.626984126984127	0.6159420289855072	0.0	0.6714975845410628	0.6231884057971014	0.35135135135135137	0.3548387096774194	0.2995169082125604	0.6304347826086957	0.2818181818181818	0.6714975845410628	0.7753623188405797	0.8405797101449275	0.7584541062801933	0.8120805369127517	0.9492753623188406	0.7272727272727273	0.3142857142857143	0.8260869565217391	0.8120805369127517	0.2972972972972973	
1.0	0.5454545454545454	1.0	0.803921568627451	0.6904761904761905	1.0	0.9126984126984127	1.0	0.746031746031746	0.13793103448275862	0.626984126984127	0.0	0.626984126984127	0	0.8412698412698413	1.0	0.6904761904761905	0.8095238095238095	1.0	1.0	0.6746031746031746	0.746031746031746	0.6272727272727273	0.5555555555555556	0.8809523809523809	0.8968253968253969	0.6904761904761905	0.9603174603174603	0.8253968253968254	1.0	1.0	0.6190476190476191	0.9603174603174603	1.0	
0.5161290322580645	0.0	0.4	0.8627450980392157	0.6014492753623188	0.6470588235294118	0.3580645161290323	1.0	0.6280193236714976	0.9827586206896551	0.6473429951690821	0.8461538461538461	0.6159420289855072	0.8412698412698413	0	0.6190476190476191	0.6304347826086957	0.5676328502415459	0.2972972972972973	0.2903225806451613	0.5748792270531401	0.6231884057971014	0.5545454545454546	0.6497584541062802	0.8164251207729468	0.7367149758454107	0.717391304347826	0.6845637583892618	0.9710144927536232	0.7272727272727273	0.37142857142857144	0.7777777777777778	0.6845637583892618	0.35135135135135137	
1.0	1.0	1.0	1.0	0.6190476190476191	0.7647058823529411	0.9047619047619048	1.0	0.6190476190476191	1.0	0.6190476190476191	1.0	0.0	1.0	0.6190476190476191	0	0.6190476190476191	0.6190476190476191	0.6190476190476191	0.6190476190476191	0.6190476190476191	0.6190476190476191	1.0	0.6190476190476191	1.0	0.6190476190476191	0.6190476190476191	0.6190476190476191	1.0	0.9047619047619048	0.5238095238095238	0.6190476190476191	0.6190476190476191	0.5238095238095238	
0.5161290322580645	0.45454545454545453	0.4	0.8627450980392157	0.7681159420289855	0.6470588235294118	0.6483870967741936	1.0	0.7995169082125604	0.7758620689655172	0.7053140096618358	0.7	0.6714975845410628	0.6904761904761905	0.6304347826086957	0.6190476190476191	0	0.7101449275362319	0.2972972972972973	0.2903225806451613	0.6618357487922706	0.748792270531401	0.6272727272727273	0.7077294685990339	0.8695652173913043	0.7415458937198067	0.7367149758454107	0.4798657718120805	0.9927536231884058	0.7272727272727273	0.37142857142857144	0.8454106280193237	0.4798657718120805	0.35135135135135137	
0.5161290322580645	0.0	0.4	0.8627450980392157	0.7608695652173914	0.0	0.5903225806451613	1.0	0.7294685990338164	0.7758620689655172	0.6183574879227053	0.8153846153846154	0.6231884057971014	0.8095238095238095	0.5676328502415459	0.6190476190476191	0.7101449275362319	0	0.0	0.0967741935483871	0.4782608695652174	0.642512077294686	0.7818181818181819	0.6763285024154589	0.8695652173913043	0.748792270531401	0.8502415458937198	0.7046979865771812	0.9710144927536232	0.7272727272727273	0.37142857142857144	0.8719806763285024	0.7046979865771812	0.35135135135135137	
0.5161290322580645	1.0	0.4	0.6486486486486487	0.0	0.0	0.5135135135135135	1.0	0.13513513513513514	1.0	0.0	1.0	0.35135135135135137	1.0	0.2972972972972973	0.6190476190476191	0.2972972972972973	0.0	0	0.0967741935483871	0.0	0.6216216216216216	1.0	0.0	0.7837837837837838	0.13513513513513514	0.13513513513513514	0.0	1.0	0.5135135135135135	0.37142857142857144	0.2972972972972973	0.0	0.35135135135135137	
0.6451612903225806	1.0	0.6666666666666666	0.7096774193548387	0.0967741935483871	0.29411764705882354	0.5483870967741935	1.0	0.0	1.0	0.0967741935483871	1.0	0.3548387096774194	1.0	0.2903225806451613	0.6190476190476191	0.2903225806451613	0.0967741935483871	0.0967741935483871	0	0.0967741935483871	0.5483870967741935	1.0	0.0967741935483871	0.8709677419354839	0.0967741935483871	0.0	0.0967741935483871	1.0	0.5483870967741935	0.3548387096774194	0.2903225806451613	0.0967741935483871	0.3548387096774194	
0.5161290322580645	0.0	0.4	0.8627450980392157	0.7318840579710145	0.0	0.5161290322580645	0.84	0.6932367149758454	0.9827586206896551	0.5483091787439613	0.6846153846153846	0.2995169082125604	0.6746031746031746	0.5748792270531401	0.6190476190476191	0.6618357487922706	0.4782608695652174	0.0	0.0967741935483871	0	0.6956521739130435	0.0	0.6376811594202898	0.7222222222222222	0.7270531400966184	0.7318840579710145	0.7214765100671141	0.9685990338164251	0.7272727272727273	0.37142857142857144	0.7729468599033816	0.7214765100671141	0.35135135135135137	
0.9032258064516129	0.0	1.0	0.9803921568627451	0.7801932367149759	0.6470588235294118	0.7258064516129032	1.0	0.7705314009661836	0.7758620689655172	0.7536231884057971	0.7538461538461538	0.6304347826086957	0.746031746031746	0.6231884057971014	0.6190476190476191	0.748792270531401	0.642512077294686	0.6216216216216216	0.5483870967741935	0.6956521739130435	0	0.6727272727272727	0.6038647342995169	0.8743961352657005	0.8091787439613527	0.8164251207729468	0.7651006711409396	0.9685990338164251	0.9090909090909091	0.6571428571428571	0.8647342995169082	0.7651006711409396	0.6756756756756757	
1.0	0.0	1.0	0.9901960784313726	0.8727272727272727	1.0	0.7909090909090909	1.0	0.7727272727272727	0.9827586206896551	0.2818181818181818	0.6272727272727273	0.2818181818181818	0.6272727272727273	0.5545454545454546	1.0	0.6272727272727273	0.7818181818181819	1.0	1.0	0.0	0.6727272727272727	0	0.6727272727272727	0.6727272727272727	0.8818181818181818	0.6363636363636364	0.8454545454545455	0.8818181818181818	1.0	1.0	0.7727272727272727	0.8454545454545455	1.0	
0.5161290322580645	0.0	0.4	0.6862745098039216	0.6377777777777778	0.0	0.7064516129032258	0.84	0.6811594202898551	0.4482758620689655	0.6859903381642513	0.5692307692307692	0.6714975845410628	0.5555555555555556	0.6497584541062802	0.6190476190476191	0.7077294685990339	0.6763285024154589	0.0	0.0967741935483871	0.6376811594202898	0.6038647342995169	0.6727272727272727	0	0.8888888888888888	0.7415458937198067	0.7847533632286996	0.5503355704697986	0.9466666666666667	0.7272727272727273	0.37142857142857144	0.8044444444444444	0.5503355704697986	0.35135135135135137	
0.7419354838709677	1.0	0.4666666666666667	0.9117647058823529	0.8623188405797102	1.0	0.7870967741935484	1.0	0.8792270531400966	0.9827586206896551	0.8381642512077294	0.8846153846153846	0.7753623188405797	0.8809523809523809	0.8164251207729468	1.0	0.8695652173913043	0.8695652173913043	0.7837837837837838	0.8709677419354839	0.7222222222222222	0.8743961352657005	0.6727272727272727	0.8888888888888888	0	0.8526570048309179	0.8961352657004831	0.9395973154362416	0.9565217391304348	0.8787878787878788	0.8285714285714286	0.8792270531400966	0.9395973154362416	0.7837837837837838	
0.5161290322580645	0.45454545454545453	0.4	0.8627450980392157	0.7246376811594203	0.29411764705882354	0.7580645161290323	1.0	0.7415458937198067	0.7758620689655172	0.8454106280193237	0.9	0.8405797101449275	0.8968253968253969	0.7367149758454107	0.6190476190476191	0.7415458937198067	0.748792270531401	0.13513513513513514	0.0967741935483871	0.7270531400966184	0.8091787439613527	0.8818181818181818	0.7415458937198067	0.8526570048309179	0	0.7657004830917874	0.7684563758389261	0.9903381642512077	0.7272727272727273	0.37142857142857144	0.8309178743961353	0.7684563758389261	0.35135135135135137	
0.3870967741935484	0.8181818181818182	0.0	0.7058823529411765	0.6569506726457399	0.29411764705882354	0.7741935483870968	1.0	0.7415458937198067	0.8793103448275862	0.7342995169082126	0.7	0.7584541062801933	0.6904761904761905	0.717391304347826	0.6190476190476191	0.7367149758454107	0.8502415458937198	0.13513513513513514	0.0	0.7318840579710145	0.8164251207729468	0.6363636363636364	0.7847533632286996	0.8961352657004831	0.7657004830917874	0	0.7919463087248322	0.9977578475336323	0.6363636363636364	0.37142857142857144	0.8161434977578476	0.7919463087248322	0.35135135135135137	
0.5161290322580645	0.0	0.4	0.8725490196078431	0.6442953020134228	0.0	0.7449664429530202	0.92	0.8322147651006712	1.0	0.7483221476510067	0.9615384615384616	0.8120805369127517	0.9603174603174603	0.6845637583892618	0.6190476190476191	0.4798657718120805	0.7046979865771812	0.0	0.0967741935483871	0.7214765100671141	0.7651006711409396	0.8454545454545455	0.5503355704697986	0.9395973154362416	0.7684563758389261	0.7919463087248322	0	0.9798657718120806	0.7272727272727273	0.37142857142857144	0.8557046979865772	0.0	0.35135135135135137	
0.9032258064516129	0.45454545454545453	1.0	0.9019607843137255	0.9232365145228216	1.0	0.9612903225806452	1.0	0.9710144927536232	0.8103448275862069	0.9685990338164251	0.8307692307692308	0.9492753623188406	0.8253968253968254	0.9710144927536232	1.0	0.9927536231884058	0.9710144927536232	1.0	1.0	0.9685990338164251	0.9685990338164251	0.8818181818181818	0.9466666666666667	0.9565217391304348	0.9903381642512077	0.9977578475336323	0.9798657718120806	0	1.0	0.8857142857142857	0.9522821576763485	0.9798657718120806	1.0	
0.45161290322580644	1.0	0.26666666666666666	0.7727272727272727	0.6363636363636364	1.0	0.5151515151515151	1.0	0.7272727272727273	1.0	0.7272727272727273	1.0	0.7272727272727273	1.0	0.7272727272727273	0.9047619047619048	0.7272727272727273	0.7272727272727273	0.5135135135135135	0.5483870967741935	0.7272727272727273	0.9090909090909091	1.0	0.7272727272727273	0.8787878787878788	0.7272727272727273	0.6363636363636364	0.7272727272727273	1.0	0	0.5428571428571428	0.6060606060606061	0.7272727272727273	0.5135135135135135	
0.5806451612903226	1.0	0.5333333333333333	0.6857142857142857	0.37142857142857144	0.7647058823529411	0.5428571428571428	1.0	0.37142857142857144	1.0	0.37142857142857144	1.0	0.3142857142857143	1.0	0.37142857142857144	0.5238095238095238	0.37142857142857144	0.37142857142857144	0.37142857142857144	0.3548387096774194	0.37142857142857144	0.6571428571428571	1.0	0.37142857142857144	0.8285714285714286	0.37142857142857144	0.37142857142857144	0.37142857142857144	0.8857142857142857	0.5428571428571428	0	0.37142857142857144	0.37142857142857144	0.14285714285714285	
0.45161290322580644	0.5454545454545454	0.26666666666666666	0.6666666666666666	0.7613168724279835	0.6470588235294118	0.8580645161290322	0.64	0.6956521739130435	0.603448275862069	0.8454106280193237	0.6307692307692307	0.8260869565217391	0.6190476190476191	0.7777777777777778	0.6190476190476191	0.8454106280193237	0.8719806763285024	0.2972972972972973	0.2903225806451613	0.7729468599033816	0.8647342995169082	0.7727272727272727	0.8044444444444444	0.8792270531400966	0.8309178743961353	0.8161434977578476	0.8557046979865772	0.9522821576763485	0.6060606060606061	0.37142857142857144	0	0.8557046979865772	0.35135135135135137	
0.5161290322580645	0.0	0.4	0.8725490196078431	0.6442953020134228	0.0	0.7449664429530202	0.92	0.8322147651006712	1.0	0.7483221476510067	0.9615384615384616	0.8120805369127517	0.9603174603174603	0.6845637583892618	0.6190476190476191	0.4798657718120805	0.7046979865771812	0.0	0.0967741935483871	0.7214765100671141	0.7651006711409396	0.8454545454545455	0.5503355704697986	0.9395973154362416	0.7684563758389261	0.7919463087248322	0.0	0.9798657718120806	0.7272727272727273	0.37142857142857144	0.8557046979865772	0	0.35135135135135137	
0.5161290322580645	1.0	0.4	0.6486486486486487	0.35135135135135137	0.7647058823529411	0.5135135135135135	1.0	0.35135135135135137	1.0	0.35135135135135137	1.0	0.2972972972972973	1.0	0.35135135135135137	0.5238095238095238	0.35135135135135137	0.35135135135135137	0.35135135135135137	0.3548387096774194	0.35135135135135137	0.6756756756756757	1.0	0.35135135135135137	0.7837837837837838	0.35135135135135137	0.35135135135135137	0.35135135135135137	1.0	0.5135135135135135	0.14285714285714285	0.35135135135135137	0.35135135135135137	0	
