0	0.08	0.6086956521739131	0.2692307692307692	0.644927536231884	0.2463768115942029	0.2463768115942029	0.0	0.0	0.2463768115942029	0.2	0.2463768115942029	0.2966101694915254	0.2463768115942029	0.3113207547169811	0.2463768115942029	0.2463768115942029	0.2463768115942029	0.2463768115942029	0.45652173913043476	0.2698412698412698	0.2463768115942029	0.2698412698412698	0.2463768115942029	0.2028985507246377	0.18840579710144928	0.0	0.2463768115942029	0.0	0.2692307692307692	0.4782608695652174	0.2463768115942029	0.2463768115942029	0.2463768115942029	
0.08	0	0.5	0.2	0.48	0.42	0.42	0.0	0.08	0.5	0.14	0.5	0.44	0.5	0.56	0.5	0.42	0.5	0.42	0.45652173913043476	0.5	0.42	0.5	0.42	0.44	0.5	0.0	0.42	0.42	0.2	0.62	0.42	0.42	0.5	
0.6086956521739131	0.5	0	0.46153846153846156	0.5915492957746479	0.6549295774647887	0.6549295774647887	0.5985915492957746	0.6086956521739131	0.6666666666666666	0.44	0.6666666666666666	0.5	0.6666666666666666	0.5377358490566038	0.6666666666666666	0.6549295774647887	0.6666666666666666	0.6549295774647887	0.5434782608695652	0.6825396825396826	0.6549295774647887	0.6825396825396826	0.6549295774647887	0.7816901408450704	0.7971014492753623	0.5985915492957746	0.6549295774647887	0.7181818181818181	0.46153846153846156	0.5869565217391305	0.6549295774647887	0.6549295774647887	0.6666666666666666	
0.2692307692307692	0.2	0.46153846153846156	0	0.4	0.5	0.5	0.2692307692307692	0.2692307692307692	0.5	0.08	0.5	0.06779661016949153	0.5	0.07547169811320754	0.5	0.5	0.5	0.5	0.5	0.5079365079365079	0.5	0.5079365079365079	0.5	0.46923076923076923	0.46923076923076923	0.2692307692307692	0.5	0.34545454545454546	0.0	0.23076923076923078	0.5	0.5	0.5	
0.644927536231884	0.48	0.5915492957746479	0.4	0	0.4225352112676056	0.4225352112676056	0.6338028169014085	0.644927536231884	0.427536231884058	0.42	0.427536231884058	0.4576271186440678	0.427536231884058	0.49056603773584906	0.427536231884058	0.4225352112676056	0.427536231884058	0.4225352112676056	0.13043478260869565	0.3888888888888889	0.4225352112676056	0.3888888888888889	0.4225352112676056	0.8309859154929577	0.8333333333333334	0.6338028169014085	0.4225352112676056	0.7181818181818181	0.4	0.5579710144927537	0.4225352112676056	0.4225352112676056	0.427536231884058	
0.2463768115942029	0.42	0.6549295774647887	0.5	0.4225352112676056	0	0.0	0.23943661971830985	0.2463768115942029	0.0	0.48	0.0	0.5169491525423728	0.0	0.5377358490566038	0.0	0.0	0.0	0.0	0.0	0.0	0.0	0.0	0.0	0.44366197183098594	0.43478260869565216	0.23943661971830985	0.0	0.2636363636363636	0.5	0.6231884057971014	0.0	0.0	0.0	
0.2463768115942029	0.42	0.6549295774647887	0.5	0.4225352112676056	0.0	0	0.23943661971830985	0.2463768115942029	0.0	0.48	0.0	0.5169491525423728	0.0	0.5377358490566038	0.0	0.0	0.0	0.0	0.0	0.0	0.0	0.0	0.0	0.44366197183098594	0.43478260869565216	0.23943661971830985	0.0	0.2636363636363636	0.5	0.6231884057971014	0.0	0.0	0.0	
0.0	0.0	0.5985915492957746	0.2692307692307692	0.6338028169014085	0.23943661971830985	0.23943661971830985	0	0.0	0.2463768115942029	0.14	0.2463768115942029	0.2966101694915254	0.2463768115942029	0.3113207547169811	0.2463768115942029	0.23943661971830985	0.2463768115942029	0.23943661971830985	0.45652173913043476	0.2698412698412698	0.23943661971830985	0.2698412698412698	0.23943661971830985	0.20422535211267606	0.18840579710144928	0.0	0.23943661971830985	0.0	0.2692307692307692	0.4782608695652174	0.23943661971830985	0.23943661971830985	0.2463768115942029	
0.0	0.08	0.6086956521739131	0.2692307692307692	0.644927536231884	0.2463768115942029	0.2463768115942029	0.0	0	0.2463768115942029	0.2	0.2463768115942029	0.2966101694915254	0.2463768115942029	0.3113207547169811	0.2463768115942029	0.2463768115942029	0.2463768115942029	0.2463768115942029	0.45652173913043476	0.2698412698412698	0.2463768115942029	0.2698412698412698	0.2463768115942029	0.2028985507246377	0.18840579710144928	0.0	0.2463768115942029	0.0	0.2692307692307692	0.4782608695652174	0.2463768115942029	0.2463768115942029	0.2463768115942029	
0.2463768115942029	0.5	0.6666666666666666	0.5	0.427536231884058	0.0	0.0	0.2463768115942029	0.2463768115942029	0	0.54	0.0	0.5169491525423728	0.0	0.5377358490566038	0.0	0.0	0.0	0.0	0.0	0.0	0.0	0.0	0.0	0.4492753623188406	0.43478260869565216	0.2463768115942029	0.0	0.2636363636363636	0.5	0.6231884057971014	0.0	0.0	0.0	
0.2	0.14	0.44	0.08	0.42	0.48	0.48	0.14	0.2	0.54	0	0.54	0.34	0.54	0.46	0.54	0.48	0.54	0.48	0.5	0.54	0.48	0.54	0.48	0.58	0.62	0.14	0.48	0.52	0.08	0.5	0.48	0.48	0.54	
0.2463768115942029	0.5	0.6666666666666666	0.5	0.427536231884058	0.0	0.0	0.2463768115942029	0.2463768115942029	0.0	0.54	0	0.5169491525423728	0.0	0.5377358490566038	0.0	0.0	0.0	0.0	0.0	0.0	0.0	0.0	0.0	0.4492753623188406	0.43478260869565216	0.2463768115942029	0.0	0.2636363636363636	0.5	0.6231884057971014	0.0	0.0	0.0	
0.2966101694915254	0.44	0.5	0.06779661016949153	0.4576271186440678	0.5169491525423728	0.5169491525423728	0.2966101694915254	0.2966101694915254	0.5169491525423728	0.34	0.5169491525423728	0	0.5169491525423728	0.0	0.5169491525423728	0.5169491525423728	0.5169491525423728	0.5169491525423728	0.7391304347826086	0.5847457627118644	0.5169491525423728	0.5847457627118644	0.5169491525423728	0.3898305084745763	0.4067796610169492	0.2966101694915254	0.5169491525423728	0.3	0.06779661016949153	0.2457627118644068	0.5169491525423728	0.5169491525423728	0.5169491525423728	
0.2463768115942029	0.5	0.6666666666666666	0.5	0.427536231884058	0.0	0.0	0.2463768115942029	0.2463768115942029	0.0	0.54	0.0	0.5169491525423728	0	0.5377358490566038	0.0	0.0	0.0	0.0	0.0	0.0	0.0	0.0	0.0	0.4492753623188406	0.43478260869565216	0.2463768115942029	0.0	0.2636363636363636	0.5	0.6231884057971014	0.0	0.0	0.0	
0.3113207547169811	0.56	0.5377358490566038	0.07547169811320754	0.49056603773584906	0.5377358490566038	0.5377358490566038	0.3113207547169811	0.3113207547169811	0.5377358490566038	0.46	0.5377358490566038	0.0	0.5377358490566038	0	0.5377358490566038	0.5377358490566038	0.5377358490566038	0.5377358490566038	0.8695652173913043	0.6132075471698113	0.5377358490566038	0.6132075471698113	0.5377358490566038	0.33962264150943394	0.3584905660377358	0.3113207547169811	0.5377358490566038	0.3113207547169811	0.07547169811320754	0.2169811320754717	0.5377358490566038	0.5377358490566038	0.5377358490566038	
0.2463768115942029	0.5	0.6666666666666666	0.5	0.427536231884058	0.0	0.0	0.2463768115942029	0.2463768115942029	0.0	0.54	0.0	0.5169491525423728	0.0	0.5377358490566038	0	0.0	0.0	0.0	0.0	0.0	0.0	0.0	0.0	0.4492753623188406	0.43478260869565216	0.2463768115942029	0.0	0.2636363636363636	0.5	0.6231884057971014	0.0	0.0	0.0	
0.2463768115942029	0.42	0.6549295774647887	0.5	0.4225352112676056	0.0	0.0	0.23943661971830985	0.2463768115942029	0.0	0.48	0.0	0.5169491525423728	0.0	0.5377358490566038	0.0	0	0.0	0.0	0.0	0.0	0.0	0.0	0.0	0.44366197183098594	0.43478260869565216	0.23943661971830985	0.0	0.2636363636363636	0.5	0.6231884057971014	0.0	0.0	0.0	
0.2463768115942029	0.5	0.6666666666666666	0.5	0.427536231884058	0.0	0.0	0.2463768115942029	0.2463768115942029	0.0	0.54	0.0	0.5169491525423728	0.0	0.5377358490566038	0.0	0.0	0	0.0	0.0	0.0	0.0	0.0	0.0	0.4492753623188406	0.43478260869565216	0.2463768115942029	0.0	0.2636363636363636	0.5	0.6231884057971014	0.0	0.0	0.0	
0.2463768115942029	0.42	0.6549295774647887	0.5	0.4225352112676056	0.0	0.0	0.23943661971830985	0.2463768115942029	0.0	0.48	0.0	0.5169491525423728	0.0	0.5377358490566038	0.0	0.0	0.0	0	0.0	0.0	0.0	0.0	0.0	0.44366197183098594	0.43478260869565216	0.23943661971830985	0.0	0.2636363636363636	0.5	0.6231884057971014	0.0	0.0	0.0	
0.45652173913043476	0.45652173913043476	0.5434782608695652	0.5	0.13043478260869565	0.0	0.0	0.45652173913043476	0.45652173913043476	0.0	0.5	0.0	0.7391304347826086	0.0	0.8695652173913043	0.0	0.0	0.0	0.0	0	0.0	0.0	0.0	0.0	0.9130434782608695	0.9130434782608695	0.45652173913043476	0.0	0.8043478260869565	0.5	0.7391304347826086	0.0	0.0	0.0	
0.2698412698412698	0.5	0.6825396825396826	0.5079365079365079	0.3888888888888889	0.0	0.0	0.2698412698412698	0.2698412698412698	0.0	0.54	0.0	0.5847457627118644	0.0	0.6132075471698113	0.0	0.0	0.0	0.0	0.0	0	0.0	0.0	0.0	0.47619047619047616	0.47619047619047616	0.2698412698412698	0.0	0.37272727272727274	0.5079365079365079	0.6666666666666666	0.0	0.0	0.0	
0.2463768115942029	0.42	0.6549295774647887	0.5	0.4225352112676056	0.0	0.0	0.23943661971830985	0.2463768115942029	0.0	0.48	0.0	0.5169491525423728	0.0	0.5377358490566038	0.0	0.0	0.0	0.0	0.0	0.0	0	0.0	0.0	0.44366197183098594	0.43478260869565216	0.23943661971830985	0.0	0.2636363636363636	0.5	0.6231884057971014	0.0	0.0	0.0	
0.2698412698412698	0.5	0.6825396825396826	0.5079365079365079	0.3888888888888889	0.0	0.0	0.2698412698412698	0.2698412698412698	0.0	0.54	0.0	0.5847457627118644	0.0	0.6132075471698113	0.0	0.0	0.0	0.0	0.0	0.0	0.0	0	0.0	0.47619047619047616	0.47619047619047616	0.2698412698412698	0.0	0.37272727272727274	0.5079365079365079	0.6666666666666666	0.0	0.0	0.0	
0.2463768115942029	0.42	0.6549295774647887	0.5	0.4225352112676056	0.0	0.0	0.23943661971830985	0.2463768115942029	0.0	0.48	0.0	0.5169491525423728	0.0	0.5377358490566038	0.0	0.0	0.0	0.0	0.0	0.0	0.0	0.0	0	0.44366197183098594	0.43478260869565216	0.23943661971830985	0.0	0.2636363636363636	0.5	0.6231884057971014	0.0	0.0	0.0	
0.2028985507246377	0.44	0.7816901408450704	0.46923076923076923	0.8309859154929577	0.44366197183098594	0.44366197183098594	0.20422535211267606	0.2028985507246377	0.4492753623188406	0.58	0.4492753623188406	0.3898305084745763	0.4492753623188406	0.33962264150943394	0.4492753623188406	0.44366197183098594	0.4492753623188406	0.44366197183098594	0.9130434782608695	0.47619047619047616	0.44366197183098594	0.47619047619047616	0.44366197183098594	0	0.014492753623188406	0.20422535211267606	0.44366197183098594	0.09090909090909091	0.46923076923076923	0.5797101449275363	0.44366197183098594	0.44366197183098594	0.4492753623188406	
0.18840579710144928	0.5	0.7971014492753623	0.46923076923076923	0.8333333333333334	0.43478260869565216	0.43478260869565216	0.18840579710144928	0.18840579710144928	0.43478260869565216	0.62	0.43478260869565216	0.4067796610169492	0.43478260869565216	0.3584905660377358	0.43478260869565216	0.43478260869565216	0.43478260869565216	0.43478260869565216	0.9130434782608695	0.47619047619047616	0.43478260869565216	0.47619047619047616	0.43478260869565216	0.014492753623188406	0	0.18840579710144928	0.43478260869565216	0.07272727272727272	0.46923076923076923	0.5652173913043478	0.43478260869565216	0.43478260869565216	0.43478260869565216	
0.0	0.0	0.5985915492957746	0.2692307692307692	0.6338028169014085	0.23943661971830985	0.23943661971830985	0.0	0.0	0.2463768115942029	0.14	0.2463768115942029	0.2966101694915254	0.2463768115942029	0.3113207547169811	0.2463768115942029	0.23943661971830985	0.2463768115942029	0.23943661971830985	0.45652173913043476	0.2698412698412698	0.23943661971830985	0.2698412698412698	0.23943661971830985	0.20422535211267606	0.18840579710144928	0	0.23943661971830985	0.0	0.2692307692307692	0.4782608695652174	0.23943661971830985	0.23943661971830985	0.2463768115942029	
0.2463768115942029	0.42	0.6549295774647887	0.5	0.4225352112676056	0.0	0.0	0.23943661971830985	0.2463768115942029	0.0	0.48	0.0	0.5169491525423728	0.0	0.5377358490566038	0.0	0.0	0.0	0.0	0.0	0.0	0.0	0.0	0.0	0.44366197183098594	0.43478260869565216	0.23943661971830985	0	0.2636363636363636	0.5	0.6231884057971014	0.0	0.0	0.0	
0.0	0.42	0.7181818181818181	0.34545454545454546	0.7181818181818181	0.2636363636363636	0.2636363636363636	0.0	0.0	0.2636363636363636	0.52	0.2636363636363636	0.3	0.2636363636363636	0.3113207547169811	0.2636363636363636	0.2636363636363636	0.2636363636363636	0.2636363636363636	0.8043478260869565	0.37272727272727274	0.2636363636363636	0.37272727272727274	0.2636363636363636	0.09090909090909091	0.07272727272727272	0.0	0.2636363636363636	0	0.34545454545454546	0.5	0.2636363636363636	0.2636363636363636	0.2636363636363636	
0.2692307692307692	0.2	0.46153846153846156	0.0	0.4	0.5	0.5	0.2692307692307692	0.2692307692307692	0.5	0.08	0.5	0.06779661016949153	0.5	0.07547169811320754	0.5	0.5	0.5	0.5	0.5	0.5079365079365079	0.5	0.5079365079365079	0.5	0.46923076923076923	0.46923076923076923	0.2692307692307692	0.5	0.34545454545454546	0	0.23076923076923078	0.5	0.5	0.5	
0.4782608695652174	0.62	0.5869565217391305	0.23076923076923078	0.5579710144927537	0.6231884057971014	0.6231884057971014	0.4782608695652174	0.4782608695652174	0.6231884057971014	0.5	0.6231884057971014	0.2457627118644068	0.6231884057971014	0.2169811320754717	0.6231884057971014	0.6231884057971014	0.6231884057971014	0.6231884057971014	0.7391304347826086	0.6666666666666666	0.6231884057971014	0.6666666666666666	0.6231884057971014	0.5797101449275363	0.5652173913043478	0.4782608695652174	0.6231884057971014	0.5	0.23076923076923078	0	0.6231884057971014	0.6231884057971014	0.6231884057971014	
0.2463768115942029	0.42	0.6549295774647887	0.5	0.4225352112676056	0.0	0.0	0.23943661971830985	0.2463768115942029	0.0	0.48	0.0	0.5169491525423728	0.0	0.5377358490566038	0.0	0.0	0.0	0.0	0.0	0.0	0.0	0.0	0.0	0.44366197183098594	0.43478260869565216	0.23943661971830985	0.0	0.2636363636363636	0.5	0.6231884057971014	0	0.0	0.0	
0.2463768115942029	0.42	0.6549295774647887	0.5	0.4225352112676056	0.0	0.0	0.23943661971830985	0.2463768115942029	0.0	0.48	0.0	0.5169491525423728	0.0	0.5377358490566038	0.0	0.0	0.0	0.0	0.0	0.0	0.0	0.0	0.0	0.44366197183098594	0.43478260869565216	0.23943661971830985	0.0	0.2636363636363636	0.5	0.6231884057971014	0.0	0	0.0	
0.2463768115942029	0.5	0.6666666666666666	0.5	0.427536231884058	0.0	0.0	0.2463768115942029	0.2463768115942029	0.0	0.54	0.0	0.5169491525423728	0.0	0.5377358490566038	0.0	0.0	0.0	0.0	0.0	0.0	0.0	0.0	0.0	0.4492753623188406	0.43478260869565216	0.2463768115942029	0.0	0.2636363636363636	0.5	0.6231884057971014	0.0	0.0	0	
