0	1.0	0.34146341463414637	0.14634146341463414	0.32926829268292684	0.7391304347826086	0.15853658536585366	0.0	0.8292682926829268	0.46296296296296297	0.5975609756097561	0.0	0.24	0.5365853658536586	0.7682926829268293	0.9523809523809523	0.5365853658536586	0.0	0.32926829268292684	0.5365853658536586	0.7682926829268293	0.5609756097560976	0.0	0.7439024390243902	0.32926829268292684	0.0	0.4878048780487805	0.0	0.7682926829268293	0.9146341463414634	0.3170731707317073	0.0	0.4878048780487805	0.8170731707317073	
1.0	0	1.0	1.0	1.0	1.0	1.0	1.0	1.0	1.0	1.0	1.0	1.0	1.0	1.0	1.0	1.0	1.0	0.5882352941176471	1.0	1.0	1.0	1.0	1.0	1.0	1.0	1.0	1.0	1.0	0.7647058823529411	1.0	1.0	1.0	1.0	
0.34146341463414637	1.0	0	0.30392156862745096	0.3627450980392157	0.9347826086956522	0.29411764705882354	0.11764705882352941	0.9509803921568627	0.7962962962962963	0.8529411764705882	0.0	0.8	0.4803921568627451	0.9509803921568627	0.9523809523809523	0.4803921568627451	0.12745098039215685	0.5588235294117647	0.4803921568627451	0.9509803921568627	0.7450980392156863	0.0	0.6078431372549019	0.29411764705882354	0.0	0.5784313725490197	0.0	0.9803921568627451	0.9024390243902439	0.35294117647058826	0.0	0.5784313725490197	0.5588235294117647	
0.14634146341463414	1.0	0.30392156862745096	0	0.4520547945205479	0.6304347826086957	0.2529411764705882	0.18354430379746836	0.9	0.4074074074074074	0.6058823529411764	0.19135802469135801	0.0	0.5294117647058824	0.8117647058823529	0.9523809523809523	0.5294117647058824	0.30985915492957744	0.45294117647058824	0.5294117647058824	0.711764705882353	0.6352941176470588	0.18235294117647058	0.6392405063291139	0.40588235294117647	0.18235294117647058	0.43529411764705883	0.18235294117647058	0.7866666666666666	0.9024390243902439	0.62	0.18235294117647058	0.43529411764705883	0.711764705882353	
0.32926829268292684	1.0	0.3627450980392157	0.4520547945205479	0	0.7391304347826086	0.4589041095890411	0.273972602739726	0.7808219178082192	0.5555555555555556	0.5547945205479452	0.2534246575342466	0.0	0.2534246575342466	0.6986301369863014	0.9523809523809523	0.2534246575342466	0.36619718309859156	0.4863013698630137	0.2534246575342466	0.6712328767123288	0.4931506849315068	0.2534246575342466	0.8356164383561644	0.0	0.2534246575342466	0.6438356164383562	0.2534246575342466	0.5547945205479452	0.9390243902439024	0.7123287671232876	0.2534246575342466	0.6438356164383562	0.4452054794520548	
0.7391304347826086	1.0	0.9347826086956522	0.6304347826086957	0.7391304347826086	0	0.45652173913043476	0.6304347826086957	0.45652173913043476	0.7391304347826086	0.45652173913043476	0.717391304347826	0.52	0.45652173913043476	0.6521739130434783	1.0	0.45652173913043476	0.7391304347826086	0.6304347826086957	0.45652173913043476	0.45652173913043476	0.45652173913043476	0.45652173913043476	1.0	0.45652173913043476	0.6304347826086957	0.45652173913043476	0.6304347826086957	0.8260869565217391	1.0	1.0	0.6304347826086957	0.45652173913043476	0.717391304347826	
0.15853658536585366	1.0	0.29411764705882354	0.2529411764705882	0.4589041095890411	0.45652173913043476	0	0.18354430379746836	0.8791208791208791	0.4074074074074074	0.554945054945055	0.19135802469135801	0.0	0.5439560439560439	0.7857142857142857	0.9523809523809523	0.5439560439560439	0.2887323943661972	0.5235294117647059	0.5439560439560439	0.6648351648351648	0.6428571428571429	0.17032967032967034	0.43670886075949367	0.3791208791208791	0.18235294117647058	0.21978021978021978	0.18235294117647058	0.7866666666666666	0.6463414634146342	0.6533333333333333	0.18235294117647058	0.21978021978021978	0.7032967032967034	
0.0	1.0	0.11764705882352941	0.18354430379746836	0.273972602739726	0.6304347826086957	0.18354430379746836	0	0.8924050632911392	0.4074074074074074	0.5759493670886076	0.05063291139240506	0.0	0.4177215189873418	0.7974683544303798	0.9523809523809523	0.4177215189873418	0.11971830985915492	0.34177215189873417	0.4177215189873418	0.689873417721519	0.5253164556962026	0.0	0.6835443037974683	0.22784810126582278	0.0	0.43670886075949367	0.0	0.7866666666666666	0.9024390243902439	0.5133333333333333	0.0	0.43670886075949367	0.6139240506329114	
0.8292682926829268	1.0	0.9509803921568627	0.9	0.7808219178082192	0.45652173913043476	0.8791208791208791	0.8924050632911392	0	0.5555555555555556	0.8131868131868132	0.9012345679012346	0.44	0.7142857142857143	0.17032967032967034	0.47619047619047616	0.7142857142857143	0.8450704225352113	0.9	0.7142857142857143	0.6813186813186813	0.6978021978021978	0.8791208791208791	0.9177215189873418	0.7802197802197802	0.9	0.8241758241758241	0.9	0.8266666666666667	1.0	0.9866666666666667	0.9	0.8241758241758241	0.8131868131868132	
0.46296296296296297	1.0	0.7962962962962963	0.4074074074074074	0.5555555555555556	0.7391304347826086	0.4074074074074074	0.4074074074074074	0.5555555555555556	0	0.5555555555555556	0.4074074074074074	0.16	0.3333333333333333	0.4074074074074074	0.38095238095238093	0.3333333333333333	0.4074074074074074	0.5185185185185185	0.3333333333333333	0.4074074074074074	0.37037037037037035	0.4074074074074074	0.4074074074074074	0.5555555555555556	0.4074074074074074	0.0	0.4074074074074074	0.6666666666666666	1.0	0.8148148148148148	0.4074074074074074	0.0	0.7592592592592593	
0.5975609756097561	1.0	0.8529411764705882	0.6058823529411764	0.5547945205479452	0.45652173913043476	0.554945054945055	0.5759493670886076	0.8131868131868132	0.5555555555555556	0	0.6358024691358025	0.0	0.5769230769230769	0.7197802197802198	0.9523809523809523	0.5769230769230769	0.7112676056338029	0.5882352941176471	0.5769230769230769	0.41208791208791207	0.5384615384615384	0.5659340659340659	0.9113924050632911	0.489010989010989	0.6058823529411764	0.6318681318681318	0.6058823529411764	0.72	0.9390243902439024	0.8666666666666667	0.6058823529411764	0.6318681318681318	0.7362637362637363	
0.0	1.0	0.0	0.19135802469135801	0.2534246575342466	0.717391304347826	0.19135802469135801	0.05063291139240506	0.9012345679012346	0.4074074074074074	0.6358024691358025	0	0.0	0.41358024691358025	0.8209876543209876	0.9523809523809523	0.41358024691358025	0.09154929577464789	0.3950617283950617	0.41358024691358025	0.7407407407407407	0.5802469135802469	0.0	0.620253164556962	0.2345679012345679	0.0	0.43209876543209874	0.0	0.7866666666666666	0.9024390243902439	0.5	0.0	0.43209876543209874	0.5925925925925926	
0.24	1.0	0.8	0.0	0.0	0.52	0.0	0.0	0.44	0.16	0.0	0.0	0	0.0	0.12	0.9523809523809523	0.0	0.0	0.0	0.0	0.0	0.0	0.0	0.8	0.0	0.0	0.0	0.0	0.24	1.0	0.92	0.0	0.0	0.64	
0.5365853658536586	1.0	0.4803921568627451	0.5294117647058824	0.2534246575342466	0.45652173913043476	0.5439560439560439	0.4177215189873418	0.7142857142857143	0.3333333333333333	0.5769230769230769	0.41358024691358025	0.0	0	0.6208791208791209	0.47619047619047616	0.0	0.528169014084507	0.5411764705882353	0.0	0.510989010989011	0.36813186813186816	0.37362637362637363	0.620253164556962	0.21978021978021978	0.4	0.3791208791208791	0.4	0.6	1.0	0.82	0.4	0.3791208791208791	0.2032967032967033	
0.7682926829268293	1.0	0.9509803921568627	0.8117647058823529	0.6986301369863014	0.6521739130434783	0.7857142857142857	0.7974683544303798	0.17032967032967034	0.4074074074074074	0.7197802197802198	0.8209876543209876	0.12	0.6208791208791209	0	0.47619047619047616	0.6208791208791209	0.7746478873239436	0.8117647058823529	0.6208791208791209	0.5769230769230769	0.6043956043956044	0.7857142857142857	0.9177215189873418	0.6868131868131868	0.8117647058823529	0.7307692307692307	0.8117647058823529	0.7533333333333333	1.0	0.9866666666666667	0.8117647058823529	0.7307692307692307	0.7802197802197802	
0.9523809523809523	1.0	0.9523809523809523	0.9523809523809523	0.9523809523809523	1.0	0.9523809523809523	0.9523809523809523	0.47619047619047616	0.38095238095238093	0.9523809523809523	0.9523809523809523	0.9523809523809523	0.47619047619047616	0.47619047619047616	0	0.47619047619047616	0.9523809523809523	0.9523809523809523	0.47619047619047616	0.47619047619047616	0.47619047619047616	0.9523809523809523	0.38095238095238093	0.9523809523809523	0.9523809523809523	0.38095238095238093	0.9523809523809523	1.0	1.0	0.9523809523809523	0.9523809523809523	0.38095238095238093	0.7142857142857143	
0.5365853658536586	1.0	0.4803921568627451	0.5294117647058824	0.2534246575342466	0.45652173913043476	0.5439560439560439	0.4177215189873418	0.7142857142857143	0.3333333333333333	0.5769230769230769	0.41358024691358025	0.0	0.0	0.6208791208791209	0.47619047619047616	0	0.528169014084507	0.5411764705882353	0.0	0.510989010989011	0.36813186813186816	0.37362637362637363	0.620253164556962	0.21978021978021978	0.4	0.3791208791208791	0.4	0.6	1.0	0.82	0.4	0.3791208791208791	0.2032967032967033	
0.0	1.0	0.12745098039215685	0.30985915492957744	0.36619718309859156	0.7391304347826086	0.2887323943661972	0.11971830985915492	0.8450704225352113	0.4074074074074074	0.7112676056338029	0.09154929577464789	0.0	0.528169014084507	0.7746478873239436	0.9523809523809523	0.528169014084507	0	0.4647887323943662	0.528169014084507	0.8098591549295775	0.6056338028169014	0.09154929577464789	0.7183098591549296	0.352112676056338	0.09154929577464789	0.5352112676056338	0.09154929577464789	0.8098591549295775	0.9024390243902439	0.5	0.09154929577464789	0.5352112676056338	0.7112676056338029	
0.32926829268292684	0.5882352941176471	0.5588235294117647	0.45294117647058824	0.4863013698630137	0.6304347826086957	0.5235294117647059	0.34177215189873417	0.9	0.5185185185185185	0.5882352941176471	0.3950617283950617	0.0	0.5411764705882353	0.8117647058823529	0.9523809523809523	0.5411764705882353	0.4647887323943662	0	0.5411764705882353	0.711764705882353	0.5352941176470588	0.3764705882352941	0.8354430379746836	0.4588235294117647	0.3764705882352941	0.6176470588235294	0.3764705882352941	0.8	0.32926829268292684	0.62	0.3764705882352941	0.6176470588235294	0.7235294117647059	
0.5365853658536586	1.0	0.4803921568627451	0.5294117647058824	0.2534246575342466	0.45652173913043476	0.5439560439560439	0.4177215189873418	0.7142857142857143	0.3333333333333333	0.5769230769230769	0.41358024691358025	0.0	0.0	0.6208791208791209	0.47619047619047616	0.0	0.528169014084507	0.5411764705882353	0	0.510989010989011	0.36813186813186816	0.37362637362637363	0.620253164556962	0.21978021978021978	0.4	0.3791208791208791	0.4	0.6	1.0	0.82	0.4	0.3791208791208791	0.2032967032967033	
0.7682926829268293	1.0	0.9509803921568627	0.711764705882353	0.6712328767123288	0.45652173913043476	0.6648351648351648	0.689873417721519	0.6813186813186813	0.4074074074074074	0.41208791208791207	0.7407407407407407	0.0	0.510989010989011	0.5769230769230769	0.47619047619047616	0.510989010989011	0.8098591549295775	0.711764705882353	0.510989010989011	0	0.4175824175824176	0.6648351648351648	0.8354430379746836	0.5989010989010989	0.711764705882353	0.5879120879120879	0.711764705882353	0.7466666666666667	1.0	0.9333333333333333	0.711764705882353	0.5879120879120879	0.6703296703296703	
0.5609756097560976	1.0	0.7450980392156863	0.6352941176470588	0.4931506849315068	0.45652173913043476	0.6428571428571429	0.5253164556962026	0.6978021978021978	0.37037037037037035	0.5384615384615384	0.5802469135802469	0.0	0.36813186813186816	0.6043956043956044	0.47619047619047616	0.36813186813186816	0.6056338028169014	0.5352941176470588	0.36813186813186816	0.4175824175824176	0	0.521978021978022	0.8354430379746836	0.45604395604395603	0.5588235294117647	0.5659340659340659	0.5588235294117647	0.72	0.975609756097561	0.7866666666666666	0.5588235294117647	0.5659340659340659	0.5714285714285714	
0.0	1.0	0.0	0.18235294117647058	0.2534246575342466	0.45652173913043476	0.17032967032967034	0.0	0.8791208791208791	0.4074074074074074	0.5659340659340659	0.0	0.0	0.37362637362637363	0.7857142857142857	0.9523809523809523	0.37362637362637363	0.09154929577464789	0.3764705882352941	0.37362637362637363	0.6648351648351648	0.521978021978022	0	0.620253164556962	0.2087912087912088	0.0	0.3901098901098901	0.0	0.7866666666666666	0.9024390243902439	0.5	0.0	0.3901098901098901	0.554945054945055	
0.7439024390243902	1.0	0.6078431372549019	0.6392405063291139	0.8356164383561644	1.0	0.43670886075949367	0.6835443037974683	0.9177215189873418	0.4074074074074074	0.9113924050632911	0.620253164556962	0.8	0.620253164556962	0.9177215189873418	0.38095238095238093	0.620253164556962	0.7183098591549296	0.8354430379746836	0.620253164556962	0.8354430379746836	0.8354430379746836	0.620253164556962	0	0.7974683544303798	0.620253164556962	0.1962025316455696	0.620253164556962	0.94	0.7317073170731707	0.7266666666666667	0.620253164556962	0.1962025316455696	0.6582278481012658	
0.32926829268292684	1.0	0.29411764705882354	0.40588235294117647	0.0	0.45652173913043476	0.3791208791208791	0.22784810126582278	0.7802197802197802	0.5555555555555556	0.489010989010989	0.2345679012345679	0.0	0.21978021978021978	0.6868131868131868	0.9523809523809523	0.21978021978021978	0.352112676056338	0.4588235294117647	0.21978021978021978	0.5989010989010989	0.45604395604395603	0.2087912087912088	0.7974683544303798	0	0.2235294117647059	0.5439560439560439	0.2235294117647059	0.56	0.9390243902439024	0.7133333333333334	0.2235294117647059	0.5439560439560439	0.4010989010989011	
0.0	1.0	0.0	0.18235294117647058	0.2534246575342466	0.6304347826086957	0.18235294117647058	0.0	0.9	0.4074074074074074	0.6058823529411764	0.0	0.0	0.4	0.8117647058823529	0.9523809523809523	0.4	0.09154929577464789	0.3764705882352941	0.4	0.711764705882353	0.5588235294117647	0.0	0.620253164556962	0.2235294117647059	0	0.4176470588235294	0.0	0.7866666666666666	0.9024390243902439	0.5	0.0	0.4176470588235294	0.5823529411764706	
0.4878048780487805	1.0	0.5784313725490197	0.43529411764705883	0.6438356164383562	0.45652173913043476	0.21978021978021978	0.43670886075949367	0.8241758241758241	0.0	0.6318681318681318	0.43209876543209874	0.0	0.3791208791208791	0.7307692307692307	0.38095238095238093	0.3791208791208791	0.5352112676056338	0.6176470588235294	0.3791208791208791	0.5879120879120879	0.5659340659340659	0.3901098901098901	0.1962025316455696	0.5439560439560439	0.4176470588235294	0	0.4176470588235294	0.7866666666666666	0.7317073170731707	0.8266666666666667	0.4176470588235294	0.0	0.5604395604395604	
0.0	1.0	0.0	0.18235294117647058	0.2534246575342466	0.6304347826086957	0.18235294117647058	0.0	0.9	0.4074074074074074	0.6058823529411764	0.0	0.0	0.4	0.8117647058823529	0.9523809523809523	0.4	0.09154929577464789	0.3764705882352941	0.4	0.711764705882353	0.5588235294117647	0.0	0.620253164556962	0.2235294117647059	0.0	0.4176470588235294	0	0.7866666666666666	0.9024390243902439	0.5	0.0	0.4176470588235294	0.5823529411764706	
0.7682926829268293	1.0	0.9803921568627451	0.7866666666666666	0.5547945205479452	0.8260869565217391	0.7866666666666666	0.7866666666666666	0.8266666666666667	0.6666666666666666	0.72	0.7866666666666666	0.24	0.6	0.7533333333333333	1.0	0.6	0.8098591549295775	0.8	0.6	0.7466666666666667	0.72	0.7866666666666666	0.94	0.56	0.7866666666666666	0.7866666666666666	0.7866666666666666	0	1.0	0.96	0.7866666666666666	0.7866666666666666	0.7133333333333334	
0.9146341463414634	0.7647058823529411	0.9024390243902439	0.9024390243902439	0.9390243902439024	1.0	0.6463414634146342	0.9024390243902439	1.0	1.0	0.9390243902439024	0.9024390243902439	1.0	1.0	1.0	1.0	1.0	0.9024390243902439	0.32926829268292684	1.0	1.0	0.975609756097561	0.9024390243902439	0.7317073170731707	0.9390243902439024	0.9024390243902439	0.7317073170731707	0.9024390243902439	1.0	0	0.8292682926829268	0.9024390243902439	0.7317073170731707	1.0	
0.3170731707317073	1.0	0.35294117647058826	0.62	0.7123287671232876	1.0	0.6533333333333333	0.5133333333333333	0.9866666666666667	0.8148148148148148	0.8666666666666667	0.5	0.92	0.82	0.9866666666666667	0.9523809523809523	0.82	0.5	0.62	0.82	0.9333333333333333	0.7866666666666666	0.5	0.7266666666666667	0.7133333333333334	0.5	0.8266666666666667	0.5	0.96	0.8292682926829268	0	0.5	0.8266666666666667	0.8466666666666667	
0.0	1.0	0.0	0.18235294117647058	0.2534246575342466	0.6304347826086957	0.18235294117647058	0.0	0.9	0.4074074074074074	0.6058823529411764	0.0	0.0	0.4	0.8117647058823529	0.9523809523809523	0.4	0.09154929577464789	0.3764705882352941	0.4	0.711764705882353	0.5588235294117647	0.0	0.620253164556962	0.2235294117647059	0.0	0.4176470588235294	0.0	0.7866666666666666	0.9024390243902439	0.5	0	0.4176470588235294	0.5823529411764706	
0.4878048780487805	1.0	0.5784313725490197	0.43529411764705883	0.6438356164383562	0.45652173913043476	0.21978021978021978	0.43670886075949367	0.8241758241758241	0.0	0.6318681318681318	0.43209876543209874	0.0	0.3791208791208791	0.7307692307692307	0.38095238095238093	0.3791208791208791	0.5352112676056338	0.6176470588235294	0.3791208791208791	0.5879120879120879	0.5659340659340659	0.3901098901098901	0.1962025316455696	0.5439560439560439	0.4176470588235294	0.0	0.4176470588235294	0.7866666666666666	0.7317073170731707	0.8266666666666667	0.4176470588235294	0	0.5604395604395604	
0.8170731707317073	1.0	0.5588235294117647	0.711764705882353	0.4452054794520548	0.717391304347826	0.7032967032967034	0.6139240506329114	0.8131868131868132	0.7592592592592593	0.7362637362637363	0.5925925925925926	0.64	0.2032967032967033	0.7802197802197802	0.7142857142857143	0.2032967032967033	0.7112676056338029	0.7235294117647059	0.2032967032967033	0.6703296703296703	0.5714285714285714	0.554945054945055	0.6582278481012658	0.4010989010989011	0.5823529411764706	0.5604395604395604	0.5823529411764706	0.7133333333333334	1.0	0.8466666666666667	0.5823529411764706	0.5604395604395604	0	
