0	0.48	0.5150375939849624	0.5146198830409356	0.5292397660818714	0.5428571428571428	0.7371428571428571	0.5714285714285714	0.37142857142857144	0.5150375939849624	0.6142857142857143	0.6466165413533834	0.7	0.5714285714285714	0.6828571428571428	0.5760233918128655	0.75177304964539	0.6542857142857142	0.64	0.6635514018691588	0.0	0.48	0.58	0.5686274509803921	0.6714285714285714	0.37142857142857144	0.7057142857142857	0.5964912280701754	0.8942857142857142	0.4437869822485207	0.7257142857142858	0.5384615384615384	0.7057142857142857	0.6142857142857143	
0.48	0	0.47368421052631576	0.5175438596491229	0.3391812865497076	0.5314285714285715	0.5885714285714285	0.3783783783783784	0.3082901554404145	0.5526315789473685	0.4740932642487047	0.7030075187969925	0.6	0.5342857142857143	0.5257142857142857	0.4824561403508772	0.5957446808510638	0.6485714285714286	0.5485714285714286	0.7149532710280374	0.18518518518518517	0.3628571428571429	0.5457142857142857	0.6764705882352942	0.6	0.2823834196891192	0.5085714285714286	0.5730994152046783	0.7512953367875648	0.33136094674556216	0.5958549222797928	0.5244755244755245	0.5085714285714286	0.6314285714285715	
0.5150375939849624	0.47368421052631576	0	0.37969924812030076	0.13533834586466165	0.15037593984962405	0.37593984962406013	0.5977443609022557	0.3308270676691729	0.22932330827067668	0.40977443609022557	0.39473684210526316	0.3383458646616541	0.15037593984962405	0.518796992481203	0.37218045112781956	0.6729323308270677	0.3007518796992481	0.30451127819548873	0.3644859813084112	0.5925925925925926	0.2857142857142857	0.2781954887218045	0.5490196078431373	0.2593984962406015	0.3308270676691729	0.5225563909774437	0.42105263157894735	0.6466165413533834	0.2518796992481203	0.6541353383458647	0.22932330827067668	0.5225563909774437	0.2781954887218045	
0.5146198830409356	0.5175438596491229	0.37969924812030076	0	0.3362573099415205	0.3742690058479532	0.39766081871345027	0.5614035087719298	0.34502923976608185	0.22556390977443608	0.3830409356725146	0.4323308270676692	0.3830409356725146	0.4590643274853801	0.4239766081871345	0.4502923976608187	0.48936170212765956	0.543859649122807	0.18421052631578946	0.5327102803738317	0.48148148148148145	0.34502923976608185	0.4239766081871345	0.049019607843137254	0.47076023391812866	0.34502923976608185	0.49122807017543857	0.52046783625731	0.7397660818713451	0.2988165680473373	0.6345029239766082	0.2097902097902098	0.49122807017543857	0.49707602339181284	
0.5292397660818714	0.3391812865497076	0.13533834586466165	0.3362573099415205	0	0.2894736842105263	0.4269005847953216	0.45321637426900585	0.20760233918128654	0.3308270676691729	0.24853801169590642	0.49624060150375937	0.41812865497076024	0.3508771929824561	0.40058479532163743	0.24269005847953215	0.4645390070921986	0.4678362573099415	0.36257309941520466	0.45794392523364486	0.0	0.14619883040935672	0.3654970760233918	0.5686274509803921	0.3830409356725146	0.20760233918128654	0.39766081871345027	0.347953216374269	0.7251461988304093	0.1952662721893491	0.5584795321637427	0.3076923076923077	0.39766081871345027	0.4415204678362573	
0.5428571428571428	0.5314285714285715	0.15037593984962405	0.3742690058479532	0.2894736842105263	0	0.35714285714285715	0.5114285714285715	0.28285714285714286	0.22932330827067668	0.4	0.39473684210526316	0.3	0.3142857142857143	0.43714285714285717	0.22807017543859648	0.44680851063829785	0.39714285714285713	0.23142857142857143	0.40186915887850466	0.5925925925925926	0.19428571428571428	0.2257142857142857	0.5490196078431373	0.15714285714285714	0.28285714285714286	0.4657142857142857	0.43567251461988304	0.6542857142857142	0.3520710059171598	0.6828571428571428	0.21328671328671328	0.4657142857142857	0.26285714285714284	
0.7371428571428571	0.5885714285714285	0.37593984962406013	0.39766081871345027	0.4269005847953216	0.35714285714285715	0	0.64	0.44857142857142857	0.39473684210526316	0.4714285714285714	0.34210526315789475	0.21714285714285714	0.32571428571428573	0.3314285714285714	0.5116959064327485	0.31560283687943264	0.21142857142857144	0.24	0.1542056074766355	1.0	0.44857142857142857	0.5257142857142857	0.49019607843137253	0.23142857142857143	0.44857142857142857	0.30857142857142855	0.48830409356725146	0.6114285714285714	0.4526627218934911	0.6028571428571429	0.36713286713286714	0.30857142857142855	0.5457142857142857	
0.5714285714285714	0.3783783783783784	0.5977443609022557	0.5614035087719298	0.45321637426900585	0.5114285714285715	0.64	0	0.24864864864864866	0.5977443609022557	0.5	0.7293233082706767	0.6142857142857143	0.6342857142857142	0.5514285714285714	0.4473684210526316	0.5602836879432624	0.6914285714285714	0.5971428571428572	0.6962616822429907	0.07407407407407407	0.35428571428571426	0.5085714285714286	0.6764705882352942	0.5857142857142857	0.21621621621621623	0.5685714285714286	0.5877192982456141	0.7783783783783784	0.4408284023668639	0.5567567567567567	0.5664335664335665	0.5685714285714286	0.6028571428571429	
0.37142857142857144	0.3082901554404145	0.3308270676691729	0.34502923976608185	0.20760233918128654	0.28285714285714286	0.44857142857142857	0.24864864864864866	0	0.3308270676691729	0.3	0.49624060150375937	0.4114285714285714	0.4057142857142857	0.3942857142857143	0.2631578947368421	0.4397163120567376	0.48857142857142855	0.38	0.4953271028037383	0.0	0.11428571428571428	0.32571428571428573	0.5686274509803921	0.38285714285714284	0.03076923076923077	0.4228571428571429	0.3684210526315789	0.7153846153846154	0.20118343195266272	0.48205128205128206	0.3076923076923077	0.4228571428571429	0.4257142857142857	
0.5150375939849624	0.5526315789473685	0.22932330827067668	0.22556390977443608	0.3308270676691729	0.22932330827067668	0.39473684210526316	0.5977443609022557	0.3308270676691729	0	0.424812030075188	0.20676691729323307	0.15037593984962405	0.15037593984962405	0.43609022556390975	0.41729323308270677	0.6052631578947368	0.2593984962406015	0.15037593984962405	0.3130841121495327	0.5925925925925926	0.3308270676691729	0.35714285714285715	0.2647058823529412	0.3383458646616541	0.3308270676691729	0.556390977443609	0.46616541353383456	0.6466165413533834	0.3308270676691729	0.6541353383458647	0.0	0.556390977443609	0.35714285714285715	
0.6142857142857143	0.4740932642487047	0.40977443609022557	0.3830409356725146	0.24853801169590642	0.4	0.4714285714285714	0.5	0.3	0.424812030075188	0	0.556390977443609	0.4714285714285714	0.48	0.46	0.36257309941520466	0.5106382978723404	0.5371428571428571	0.4114285714285714	0.5607476635514018	0.25925925925925924	0.29714285714285715	0.4828571428571429	0.6862745098039216	0.4714285714285714	0.33076923076923076	0.4542857142857143	0.4239766081871345	0.7307692307692307	0.3136094674556213	0.5487179487179488	0.3951048951048951	0.4542857142857143	0.56	
0.6466165413533834	0.7030075187969925	0.39473684210526316	0.4323308270676692	0.49624060150375937	0.39473684210526316	0.34210526315789475	0.7293233082706767	0.49624060150375937	0.20676691729323307	0.556390977443609	0	0.05639097744360902	0.3157894736842105	0.34210526315789475	0.5827067669172933	0.5112781954887218	0.20676691729323307	0.35714285714285715	0.24766355140186916	0.5925925925925926	0.49624060150375937	0.5225563909774437	0.5490196078431373	0.2857142857142857	0.49624060150375937	0.5037593984962406	0.4473684210526316	0.575187969924812	0.49624060150375937	0.6052631578947368	0.20676691729323307	0.5037593984962406	0.5225563909774437	
0.7	0.6	0.3383458646616541	0.3830409356725146	0.41812865497076024	0.3	0.21714285714285714	0.6142857142857143	0.4114285714285714	0.15037593984962405	0.4714285714285714	0.05639097744360902	0	0.29428571428571426	0.21714285714285714	0.47953216374269003	0.1879432624113475	0.21142857142857144	0.2714285714285714	0.17757009345794392	0.5925925925925926	0.4114285714285714	0.4685714285714286	0.5490196078431373	0.1742857142857143	0.4114285714285714	0.34	0.4502923976608187	0.5885714285714285	0.4437869822485207	0.5914285714285714	0.13986013986013987	0.34	0.48857142857142855	
0.5714285714285714	0.5342857142857143	0.15037593984962405	0.4590643274853801	0.3508771929824561	0.3142857142857143	0.32571428571428573	0.6342857142857142	0.4057142857142857	0.15037593984962405	0.48	0.3157894736842105	0.29428571428571426	0	0.46	0.47368421052631576	0.475177304964539	0.11428571428571428	0.35714285714285715	0.18691588785046728	0.5925925925925926	0.4057142857142857	0.4542857142857143	0.5196078431372549	0.35428571428571426	0.4057142857142857	0.4942857142857143	0.4298245614035088	0.7085714285714285	0.3668639053254438	0.6914285714285714	0.1888111888111888	0.4942857142857143	0.4657142857142857	
0.6828571428571428	0.5257142857142857	0.518796992481203	0.4239766081871345	0.40058479532163743	0.43714285714285717	0.3314285714285714	0.5514285714285714	0.3942857142857143	0.43609022556390975	0.46	0.34210526315789475	0.21714285714285714	0.46	0	0.49122807017543857	0.0	0.37714285714285717	0.4257142857142857	0.397196261682243	0.0	0.3942857142857143	0.5371428571428571	0.8137254901960784	0.31142857142857144	0.3942857142857143	0.26571428571428574	0.4327485380116959	0.66	0.4260355029585799	0.52	0.40559440559440557	0.26571428571428574	0.5571428571428572	
0.5760233918128655	0.4824561403508772	0.37218045112781956	0.4502923976608187	0.24269005847953215	0.22807017543859648	0.5116959064327485	0.4473684210526316	0.2631578947368421	0.41729323308270677	0.36257309941520466	0.5827067669172933	0.47953216374269003	0.47368421052631576	0.49122807017543857	0	0.5141843971631206	0.5584795321637427	0.41228070175438597	0.5420560747663551	0.6666666666666666	0.14619883040935672	0.2719298245614035	0.5882352941176471	0.35964912280701755	0.2631578947368421	0.5116959064327485	0.4269005847953216	0.7573099415204678	0.38461538461538464	0.631578947368421	0.3881118881118881	0.5116959064327485	0.3508771929824561	
0.75177304964539	0.5957446808510638	0.6729323308270677	0.48936170212765956	0.4645390070921986	0.44680851063829785	0.31560283687943264	0.5602836879432624	0.4397163120567376	0.6052631578947368	0.5106382978723404	0.5112781954887218	0.1879432624113475	0.475177304964539	0.0	0.5141843971631206	0	0.3723404255319149	0.44680851063829785	0.40654205607476634	0.07407407407407407	0.4397163120567376	0.5354609929078015	0.8137254901960784	0.2907801418439716	0.4397163120567376	0.2765957446808511	0.5035460992907801	0.7056737588652482	0.5035460992907801	0.5212765957446809	0.5567375886524822	0.2765957446808511	0.5602836879432624	
0.6542857142857142	0.6485714285714286	0.3007518796992481	0.543859649122807	0.4678362573099415	0.39714285714285713	0.21142857142857144	0.6914285714285714	0.48857142857142855	0.2593984962406015	0.5371428571428571	0.20676691729323307	0.21142857142857144	0.11428571428571428	0.37714285714285717	0.5584795321637427	0.3723404255319149	0	0.44	0.0	0.5925925925925926	0.48857142857142855	0.5371428571428571	0.7156862745098039	0.2714285714285714	0.48857142857142855	0.38	0.3713450292397661	0.6428571428571429	0.48520710059171596	0.6142857142857143	0.2902097902097902	0.38	0.5485714285714286	
0.64	0.5485714285714286	0.30451127819548873	0.18421052631578946	0.36257309941520466	0.23142857142857143	0.24	0.5971428571428572	0.38	0.15037593984962405	0.4114285714285714	0.35714285714285715	0.2714285714285714	0.35714285714285715	0.4257142857142857	0.41228070175438597	0.44680851063829785	0.44	0	0.4485981308411215	1.0	0.38	0.45714285714285713	0.0	0.35714285714285715	0.38	0.49142857142857144	0.5555555555555556	0.6771428571428572	0.3905325443786982	0.6942857142857143	0.13986013986013987	0.49142857142857144	0.4942857142857143	
0.6635514018691588	0.7149532710280374	0.3644859813084112	0.5327102803738317	0.45794392523364486	0.40186915887850466	0.1542056074766355	0.6962616822429907	0.4953271028037383	0.3130841121495327	0.5607476635514018	0.24766355140186916	0.17757009345794392	0.18691588785046728	0.397196261682243	0.5420560747663551	0.40654205607476634	0.0	0.4485981308411215	0	0.5925925925925926	0.4953271028037383	0.514018691588785	0.7156862745098039	0.26635514018691586	0.4953271028037383	0.40654205607476634	0.43457943925233644	0.6308411214953271	0.45794392523364486	0.5420560747663551	0.3130841121495327	0.40654205607476634	0.514018691588785	
0.0	0.18518518518518517	0.5925925925925926	0.48148148148148145	0.0	0.5925925925925926	1.0	0.07407407407407407	0.0	0.5925925925925926	0.25925925925925924	0.5925925925925926	0.5925925925925926	0.5925925925925926	0.0	0.6666666666666666	0.07407407407407407	0.5925925925925926	1.0	0.5925925925925926	0	0.0	0.5925925925925926	1.0	0.5925925925925926	0.0	0.07407407407407407	0.0	0.8518518518518519	0.0	0.25925925925925924	0.5925925925925926	0.07407407407407407	0.5925925925925926	
0.48	0.3628571428571429	0.2857142857142857	0.34502923976608185	0.14619883040935672	0.19428571428571428	0.44857142857142857	0.35428571428571426	0.11428571428571428	0.3308270676691729	0.29714285714285715	0.49624060150375937	0.4114285714285714	0.4057142857142857	0.3942857142857143	0.14619883040935672	0.4397163120567376	0.48857142857142855	0.38	0.4953271028037383	0.0	0	0.23714285714285716	0.5686274509803921	0.29428571428571426	0.11428571428571428	0.41714285714285715	0.2719298245614035	0.7314285714285714	0.26331360946745563	0.5228571428571429	0.3076923076923077	0.41714285714285715	0.33714285714285713	
0.58	0.5457142857142857	0.2781954887218045	0.4239766081871345	0.3654970760233918	0.2257142857142857	0.5257142857142857	0.5085714285714286	0.32571428571428573	0.35714285714285715	0.4828571428571429	0.5225563909774437	0.4685714285714286	0.4542857142857143	0.5371428571428571	0.2719298245614035	0.5354609929078015	0.5371428571428571	0.45714285714285713	0.514018691588785	0.5925925925925926	0.23714285714285716	0	0.5490196078431373	0.32571428571428573	0.32571428571428573	0.5628571428571428	0.5	0.74	0.3343195266272189	0.6657142857142857	0.3321678321678322	0.5628571428571428	0.18285714285714286	
0.5686274509803921	0.6764705882352942	0.5490196078431373	0.049019607843137254	0.5686274509803921	0.5490196078431373	0.49019607843137253	0.6764705882352942	0.5686274509803921	0.2647058823529412	0.6862745098039216	0.5490196078431373	0.5490196078431373	0.5196078431372549	0.8137254901960784	0.5882352941176471	0.8137254901960784	0.7156862745098039	0.0	0.7156862745098039	1.0	0.5686274509803921	0.5490196078431373	0	0.7450980392156863	0.5686274509803921	0.9215686274509803	0.8333333333333334	0.9117647058823529	0.5686274509803921	0.9313725490196079	0.2647058823529412	0.9215686274509803	0.5490196078431373	
0.6714285714285714	0.6	0.2593984962406015	0.47076023391812866	0.3830409356725146	0.15714285714285714	0.23142857142857143	0.5857142857142857	0.38285714285714284	0.3383458646616541	0.4714285714285714	0.2857142857142857	0.1742857142857143	0.35428571428571426	0.31142857142857144	0.35964912280701755	0.2907801418439716	0.2714285714285714	0.35714285714285715	0.26635514018691586	0.5925925925925926	0.29428571428571426	0.32571428571428573	0.7450980392156863	0	0.38285714285714284	0.34	0.3684210526315789	0.5885714285714285	0.4437869822485207	0.5914285714285714	0.3146853146853147	0.34	0.3457142857142857	
0.37142857142857144	0.2823834196891192	0.3308270676691729	0.34502923976608185	0.20760233918128654	0.28285714285714286	0.44857142857142857	0.21621621621621623	0.03076923076923077	0.3308270676691729	0.33076923076923076	0.49624060150375937	0.4114285714285714	0.4057142857142857	0.3942857142857143	0.2631578947368421	0.4397163120567376	0.48857142857142855	0.38	0.4953271028037383	0.0	0.11428571428571428	0.32571428571428573	0.5686274509803921	0.38285714285714284	0	0.4228571428571429	0.3684210526315789	0.7384615384615385	0.20118343195266272	0.5076923076923077	0.3076923076923077	0.4228571428571429	0.4257142857142857	
0.7057142857142857	0.5085714285714286	0.5225563909774437	0.49122807017543857	0.39766081871345027	0.4657142857142857	0.30857142857142855	0.5685714285714286	0.4228571428571429	0.556390977443609	0.4542857142857143	0.5037593984962406	0.34	0.4942857142857143	0.26571428571428574	0.5116959064327485	0.2765957446808511	0.38	0.49142857142857144	0.40654205607476634	0.07407407407407407	0.41714285714285715	0.5628571428571428	0.9215686274509803	0.34	0.4228571428571429	0	0.4415204678362573	0.64	0.4289940828402367	0.5171428571428571	0.5174825174825175	0.0	0.5828571428571429	
0.5964912280701754	0.5730994152046783	0.42105263157894735	0.52046783625731	0.347953216374269	0.43567251461988304	0.48830409356725146	0.5877192982456141	0.3684210526315789	0.46616541353383456	0.4239766081871345	0.4473684210526316	0.4502923976608187	0.4298245614035088	0.4327485380116959	0.4269005847953216	0.5035460992907801	0.3713450292397661	0.5555555555555556	0.43457943925233644	0.0	0.2719298245614035	0.5	0.8333333333333334	0.3684210526315789	0.3684210526315789	0.4415204678362573	0	0.7280701754385965	0.4556213017751479	0.5146198830409356	0.4825174825174825	0.4415204678362573	0.5409356725146199	
0.8942857142857142	0.7512953367875648	0.6466165413533834	0.7397660818713451	0.7251461988304093	0.6542857142857142	0.6114285714285714	0.7783783783783784	0.7153846153846154	0.6466165413533834	0.7307692307692307	0.575187969924812	0.5885714285714285	0.7085714285714285	0.66	0.7573099415204678	0.7056737588652482	0.6428571428571429	0.6771428571428572	0.6308411214953271	0.8518518518518519	0.7314285714285714	0.74	0.9117647058823529	0.5885714285714285	0.7384615384615385	0.64	0.7280701754385965	0	0.7307692307692307	0.617948717948718	0.6398601398601399	0.64	0.7771428571428571	
0.4437869822485207	0.33136094674556216	0.2518796992481203	0.2988165680473373	0.1952662721893491	0.3520710059171598	0.4526627218934911	0.4408284023668639	0.20118343195266272	0.3308270676691729	0.3136094674556213	0.49624060150375937	0.4437869822485207	0.3668639053254438	0.4260355029585799	0.38461538461538464	0.5035460992907801	0.48520710059171596	0.3905325443786982	0.45794392523364486	0.0	0.26331360946745563	0.3343195266272189	0.5686274509803921	0.4437869822485207	0.20118343195266272	0.4289940828402367	0.4556213017751479	0.7307692307692307	0	0.591715976331361	0.3076923076923077	0.4289940828402367	0.47041420118343197	
0.7257142857142858	0.5958549222797928	0.6541353383458647	0.6345029239766082	0.5584795321637427	0.6828571428571428	0.6028571428571429	0.5567567567567567	0.48205128205128206	0.6541353383458647	0.5487179487179488	0.6052631578947368	0.5914285714285714	0.6914285714285714	0.52	0.631578947368421	0.5212765957446809	0.6142857142857143	0.6942857142857143	0.5420560747663551	0.25925925925925924	0.5228571428571429	0.6657142857142857	0.9313725490196079	0.5914285714285714	0.5076923076923077	0.5171428571428571	0.5146198830409356	0.617948717948718	0.591715976331361	0	0.6538461538461539	0.5171428571428571	0.7314285714285714	
0.5384615384615384	0.5244755244755245	0.22932330827067668	0.2097902097902098	0.3076923076923077	0.21328671328671328	0.36713286713286714	0.5664335664335665	0.3076923076923077	0.0	0.3951048951048951	0.20676691729323307	0.13986013986013987	0.1888111888111888	0.40559440559440557	0.3881118881118881	0.5567375886524822	0.2902097902097902	0.13986013986013987	0.3130841121495327	0.5925925925925926	0.3076923076923077	0.3321678321678322	0.2647058823529412	0.3146853146853147	0.3076923076923077	0.5174825174825175	0.4825174825174825	0.6398601398601399	0.3076923076923077	0.6538461538461539	0	0.5174825174825175	0.34615384615384615	
0.7057142857142857	0.5085714285714286	0.5225563909774437	0.49122807017543857	0.39766081871345027	0.4657142857142857	0.30857142857142855	0.5685714285714286	0.4228571428571429	0.556390977443609	0.4542857142857143	0.5037593984962406	0.34	0.4942857142857143	0.26571428571428574	0.5116959064327485	0.2765957446808511	0.38	0.49142857142857144	0.40654205607476634	0.07407407407407407	0.41714285714285715	0.5628571428571428	0.9215686274509803	0.34	0.4228571428571429	0.0	0.4415204678362573	0.64	0.4289940828402367	0.5171428571428571	0.5174825174825175	0	0.5828571428571429	
0.6142857142857143	0.6314285714285715	0.2781954887218045	0.49707602339181284	0.4415204678362573	0.26285714285714284	0.5457142857142857	0.6028571428571429	0.4257142857142857	0.35714285714285715	0.56	0.5225563909774437	0.48857142857142855	0.4657142857142857	0.5571428571428572	0.3508771929824561	0.5602836879432624	0.5485714285714286	0.4942857142857143	0.514018691588785	0.5925925925925926	0.33714285714285713	0.18285714285714286	0.5490196078431373	0.3457142857142857	0.4257142857142857	0.5828571428571429	0.5409356725146199	0.7771428571428571	0.47041420118343197	0.7314285714285714	0.34615384615384615	0.5828571428571429	0	
