0	1.0	0.9473684210526315	0.6578947368421053	0.8596491228070176	1.0	1.0	0.8596491228070176	0.9649122807017544	1.0	1.0	0.9649122807017544	0.9298245614035088	0.9385964912280702	0.9298245614035088	0.9385964912280702	0.8947368421052632	0.7181818181818181	0.9385964912280702	0.8947368421052632	0.956140350877193	0.8596491228070176	0.956140350877193	0.8333333333333334	0.8508771929824561	0.8157894736842105	0.6818181818181818	0.9649122807017544	0.9122807017543859	0.9736842105263158	1.0	0.9035087719298246	1.0	0.9649122807017544	
1.0	0	0.7992125984251969	0.8149606299212598	0.888235294117647	0.0	0.22857142857142856	0.7952755905511811	0.43700787401574803	0.7560975609756098	0.27419354838709675	0.5708661417322834	0.8779527559055118	0.8149606299212598	0.7165354330708661	0.7716535433070866	0.9251968503937008	0.7090909090909091	0.768595041322314	0.9251968503937008	0.7716535433070866	0.8779527559055118	0.7716535433070866	0.7992125984251969	0.8346456692913385	0.7677165354330708	1.0	0.5511811023622047	0.8149606299212598	0.8582677165354331	1.0	0.7108433734939759	0.7795275590551181	0.5511811023622047	
0.9473684210526315	0.7992125984251969	0	0.6715328467153284	0.6352941176470588	0.2727272727272727	1.0	0.6192052980132451	0.7007299270072993	0.32926829268292684	0.6774193548387096	0.5894039735099338	0.7322834645669292	0.48299319727891155	0.6470588235294118	0.8449612403100775	0.7709923664122137	0.5363636363636364	0.8471074380165289	0.7709923664122137	0.6556291390728477	0.4304635761589404	0.6942446043165468	0.6715328467153284	0.6111111111111112	0.6423357664233577	1.0	0.7058823529411765	0.7549019607843137	0.84251968503937	0.6842105263157895	0.2710843373493976	0.5766423357664233	0.7058823529411765	
0.6578947368421053	0.8149606299212598	0.6715328467153284	0	0.2	0.0	0.5428571428571428	0.572992700729927	0.43795620437956206	0.08536585365853659	0.5967741935483871	0.7773722627737226	0.7244094488188977	0.7591240875912408	0.7700729927007299	0.7286821705426356	0.6297709923664122	0.33636363636363636	0.756198347107438	0.6297709923664122	0.791970802919708	0.5547445255474452	0.791970802919708	0.28102189781021897	0.4744525547445255	0.24817518248175183	0.8181818181818182	0.6277372262773723	0.6751824817518248	0.8464566929133859	1.0	0.6144578313253012	0.5583941605839416	0.6277372262773723	
0.8596491228070176	0.888235294117647	0.6352941176470588	0.2	0	1.0	0.5428571428571428	0.3588235294117647	0.6352941176470588	0.08536585365853659	0.5967741935483871	0.7588235294117647	0.7235294117647059	0.5352941176470588	0.7470588235294118	0.6294117647058823	0.4411764705882353	0.509090909090909	0.6941176470588235	0.4411764705882353	0.7058823529411765	0.5294117647058824	0.7058823529411765	0.15294117647058825	0.25882352941176473	0.32941176470588235	1.0	0.5764705882352941	0.8529411764705882	0.8176470588235294	1.0	0.6385542168674698	0.6352941176470588	0.5764705882352941	
1.0	0.0	0.2727272727272727	0.0	1.0	0	1.0	0.36363636363636365	0.0	1.0	1.0	0.36363636363636365	0.36363636363636365	0.36363636363636365	0.36363636363636365	0.09090909090909091	0.36363636363636365	1.0	0.09090909090909091	0.36363636363636365	0.36363636363636365	0.2727272727272727	0.36363636363636365	0.0	0.0	0.0	1.0	0.7272727272727273	0.0	0.8181818181818182	1.0	1.0	0.0	0.7272727272727273	
1.0	0.22857142857142856	1.0	0.5428571428571428	0.5428571428571428	1.0	0	0.5428571428571428	0.0	0.5428571428571428	0.0	0.5142857142857142	0.6	1.0	0.5142857142857142	0.0	0.5428571428571428	0.6	0.17142857142857143	0.5428571428571428	0.5142857142857142	1.0	0.5142857142857142	0.5428571428571428	0.5428571428571428	0.5428571428571428	1.0	0.0	1.0	0.6	1.0	1.0	1.0	0.0	
0.8596491228070176	0.7952755905511811	0.6192052980132451	0.572992700729927	0.3588235294117647	0.36363636363636365	0.5428571428571428	0	0.6532846715328468	0.0	0.3870967741935484	0.5264900662251656	0.6338582677165354	0.43537414965986393	0.5993377483443708	0.5775193798449613	0.49236641221374045	0.18181818181818182	0.5950413223140496	0.49236641221374045	0.5728476821192053	0.5894039735099338	0.6079136690647482	0.5072992700729927	0.5761589403973509	0.5583941605839416	0.9636363636363636	0.609271523178808	0.8410596026490066	0.8346456692913385	1.0	0.4457831325301205	0.7153284671532847	0.609271523178808	
0.9649122807017544	0.43700787401574803	0.7007299270072993	0.43795620437956206	0.6352941176470588	0.0	0.0	0.6532846715328468	0	0.45121951219512196	0.0	0.5875912408759124	0.6732283464566929	0.708029197080292	0.708029197080292	0.6007751937984496	0.7290076335877863	0.5272727272727272	0.628099173553719	0.7290076335877863	0.7372262773722628	0.6058394160583942	0.7372262773722628	0.4854014598540146	0.6313868613138686	0.3357664233576642	0.990909090909091	0.2737226277372263	0.656934306569343	0.7204724409448819	1.0	0.6506024096385542	0.6131386861313869	0.2737226277372263	
1.0	0.7560975609756098	0.32926829268292684	0.08536585365853659	0.08536585365853659	1.0	0.5428571428571428	0.0	0.45121951219512196	0	0.5967741935483871	0.5487804878048781	1.0	0.45121951219512196	0.5487804878048781	0.7682926829268293	0.5487804878048781	0.573170731707317	0.8658536585365854	0.5487804878048781	0.5487804878048781	0.32926829268292684	0.5487804878048781	0.08536585365853659	0.0	0.0	1.0	0.32926829268292684	0.7682926829268293	0.8536585365853658	1.0	0.32926829268292684	0.32926829268292684	0.32926829268292684	
1.0	0.27419354838709675	0.6774193548387096	0.5967741935483871	0.5967741935483871	1.0	0.0	0.3870967741935484	0.0	0.5967741935483871	0	0.3870967741935484	0.7580645161290323	0.6774193548387096	0.5483870967741935	0.2903225806451613	0.6290322580645161	0.5967741935483871	0.4838709677419355	0.6290322580645161	0.5483870967741935	0.8387096774193549	0.5483870967741935	0.5967741935483871	0.5483870967741935	0.5483870967741935	1.0	0.0	0.8548387096774194	0.6612903225806451	1.0	0.6774193548387096	0.8548387096774194	0.0	
0.9649122807017544	0.5708661417322834	0.5894039735099338	0.7773722627737226	0.7588235294117647	0.36363636363636365	0.5142857142857142	0.5264900662251656	0.5875912408759124	0.5487804878048781	0.3870967741935484	0	0.33070866141732286	0.4557823129251701	0.13245033112582782	0.5697674418604651	0.6335877862595419	0.7454545454545455	0.5537190082644629	0.6335877862595419	0.2251655629139073	0.5	0.2446043165467626	0.6824817518248175	0.7682119205298014	0.7554744525547445	0.990909090909091	0.5264900662251656	0.7549668874172185	0.6614173228346457	0.6842105263157895	0.42168674698795183	0.7262773722627737	0.5264900662251656	
0.9298245614035088	0.8779527559055118	0.7322834645669292	0.7244094488188977	0.7235294117647059	0.36363636363636365	0.6	0.6338582677165354	0.6732283464566929	1.0	0.7580645161290323	0.33070866141732286	0	0.531496062992126	0.2992125984251969	0.47244094488188976	0.5433070866141733	0.8727272727272727	0.45454545454545453	0.5433070866141733	0.3858267716535433	0.4015748031496063	0.48031496062992124	0.5078740157480315	0.7480314960629921	0.7244094488188977	0.990909090909091	0.5826771653543307	0.8740157480314961	0.6456692913385826	0.6842105263157895	0.8734939759036144	0.7874015748031497	0.5826771653543307	
0.9385964912280702	0.8149606299212598	0.48299319727891155	0.7591240875912408	0.5352941176470588	0.36363636363636365	1.0	0.43537414965986393	0.708029197080292	0.45121951219512196	0.6774193548387096	0.4557823129251701	0.531496062992126	0	0.5238095238095238	0.6124031007751938	0.48854961832061067	0.44545454545454544	0.5991735537190083	0.48854961832061067	0.4965986394557823	0.47959183673469385	0.5503597122302158	0.6824817518248175	0.6428571428571429	0.7153284671532847	1.0	0.673469387755102	0.7551020408163265	0.6968503937007874	0.6842105263157895	0.3253012048192771	0.6715328467153284	0.673469387755102	
0.9298245614035088	0.7165354330708661	0.6470588235294118	0.7700729927007299	0.7470588235294118	0.36363636363636365	0.5142857142857142	0.5993377483443708	0.708029197080292	0.5487804878048781	0.5483870967741935	0.13245033112582782	0.2992125984251969	0.5238095238095238	0	0.47674418604651164	0.6412213740458015	0.9272727272727272	0.4669421487603306	0.6412213740458015	0.13245033112582782	0.38079470198675497	0.14388489208633093	0.6751824817518248	0.6830065359477124	0.635036496350365	0.990909090909091	0.630718954248366	0.803921568627451	0.6614173228346457	0.6842105263157895	0.5662650602409639	0.708029197080292	0.630718954248366	
0.9385964912280702	0.7716535433070866	0.8449612403100775	0.7286821705426356	0.6294117647058823	0.09090909090909091	0.0	0.5775193798449613	0.6007751937984496	0.7682926829268293	0.2903225806451613	0.5697674418604651	0.47244094488188976	0.6124031007751938	0.47674418604651164	0	0.5193798449612403	0.7363636363636363	0.0	0.5193798449612403	0.4108527131782946	0.5542635658914729	0.4883720930232558	0.562015503875969	0.42248062015503873	0.6124031007751938	1.0	0.5310077519379846	0.9341085271317829	0.7913385826771654	1.0	0.9518072289156626	0.8023255813953488	0.5310077519379846	
0.8947368421052632	0.9251968503937008	0.7709923664122137	0.6297709923664122	0.4411764705882353	0.36363636363636365	0.5428571428571428	0.49236641221374045	0.7290076335877863	0.5487804878048781	0.6290322580645161	0.6335877862595419	0.5433070866141733	0.48854961832061067	0.6412213740458015	0.5193798449612403	0	0.4727272727272727	0.5330578512396694	0.0	0.5801526717557252	0.5648854961832062	0.6106870229007634	0.5267175572519084	0.5763358778625954	0.6374045801526718	1.0	0.6870229007633588	0.8931297709923665	0.8307086614173228	1.0	0.8132530120481928	0.7900763358778626	0.6870229007633588	
0.7181818181818181	0.7090909090909091	0.5363636363636364	0.33636363636363636	0.509090909090909	1.0	0.6	0.18181818181818182	0.5272727272727272	0.573170731707317	0.5967741935483871	0.7454545454545455	0.8727272727272727	0.44545454545454544	0.9272727272727272	0.7363636363636363	0.4727272727272727	0	0.7909090909090909	0.4727272727272727	0.9363636363636364	0.6363636363636364	0.9363636363636364	0.5	0.4636363636363636	0.44545454545454544	0.8272727272727273	0.5272727272727272	0.7636363636363637	0.8727272727272727	1.0	0.44545454545454544	0.7181818181818181	0.5272727272727272	
0.9385964912280702	0.768595041322314	0.8471074380165289	0.756198347107438	0.6941176470588235	0.09090909090909091	0.17142857142857143	0.5950413223140496	0.628099173553719	0.8658536585365854	0.4838709677419355	0.5537190082644629	0.45454545454545453	0.5991735537190083	0.4669421487603306	0.0	0.5330578512396694	0.7909090909090909	0	0.5330578512396694	0.39669421487603307	0.5495867768595041	0.4793388429752066	0.5785123966942148	0.44214876033057854	0.6446280991735537	1.0	0.5537190082644629	0.9297520661157025	0.7933884297520661	1.0	0.9698795180722891	0.8140495867768595	0.5537190082644629	
0.8947368421052632	0.9251968503937008	0.7709923664122137	0.6297709923664122	0.4411764705882353	0.36363636363636365	0.5428571428571428	0.49236641221374045	0.7290076335877863	0.5487804878048781	0.6290322580645161	0.6335877862595419	0.5433070866141733	0.48854961832061067	0.6412213740458015	0.5193798449612403	0.0	0.4727272727272727	0.5330578512396694	0	0.5801526717557252	0.5648854961832062	0.6106870229007634	0.5267175572519084	0.5763358778625954	0.6374045801526718	1.0	0.6870229007633588	0.8931297709923665	0.8307086614173228	1.0	0.8132530120481928	0.7900763358778626	0.6870229007633588	
0.956140350877193	0.7716535433070866	0.6556291390728477	0.791970802919708	0.7058823529411765	0.36363636363636365	0.5142857142857142	0.5728476821192053	0.7372262773722628	0.5487804878048781	0.5483870967741935	0.2251655629139073	0.3858267716535433	0.4965986394557823	0.13245033112582782	0.4108527131782946	0.5801526717557252	0.9363636363636364	0.39669421487603307	0.5801526717557252	0	0.46688741721854304	0.0	0.7043795620437956	0.652317880794702	0.6970802919708029	1.0	0.6622516556291391	0.8311258278145696	0.6771653543307087	0.6842105263157895	0.5783132530120482	0.7153284671532847	0.6622516556291391	
0.8596491228070176	0.8779527559055118	0.4304635761589404	0.5547445255474452	0.5294117647058824	0.2727272727272727	1.0	0.5894039735099338	0.6058394160583942	0.32926829268292684	0.8387096774193549	0.5	0.4015748031496063	0.47959183673469385	0.38079470198675497	0.5542635658914729	0.5648854961832062	0.6363636363636364	0.5495867768595041	0.5648854961832062	0.46688741721854304	0	0.4748201438848921	0.39416058394160586	0.5231788079470199	0.33941605839416056	0.990909090909091	0.6026490066225165	0.7615894039735099	0.7598425196850394	0.6842105263157895	0.37349397590361444	0.4744525547445255	0.6026490066225165	
0.956140350877193	0.7716535433070866	0.6942446043165468	0.791970802919708	0.7058823529411765	0.36363636363636365	0.5142857142857142	0.6079136690647482	0.7372262773722628	0.5487804878048781	0.5483870967741935	0.2446043165467626	0.48031496062992124	0.5503597122302158	0.14388489208633093	0.4883720930232558	0.6106870229007634	0.9363636363636364	0.4793388429752066	0.6106870229007634	0.0	0.4748201438848921	0	0.7043795620437956	0.6690647482014388	0.6970802919708029	1.0	0.6798561151079137	0.8165467625899281	0.6771653543307087	0.6842105263157895	0.5783132530120482	0.7153284671532847	0.6798561151079137	
0.8333333333333334	0.7992125984251969	0.6715328467153284	0.28102189781021897	0.15294117647058825	0.0	0.5428571428571428	0.5072992700729927	0.4854014598540146	0.08536585365853659	0.5967741935483871	0.6824817518248175	0.5078740157480315	0.6824817518248175	0.6751824817518248	0.562015503875969	0.5267175572519084	0.5	0.5785123966942148	0.5267175572519084	0.7043795620437956	0.39416058394160586	0.7043795620437956	0	0.4306569343065693	0.28102189781021897	0.990909090909091	0.48175182481751827	0.7956204379562044	0.7992125984251969	1.0	0.6265060240963856	0.5656934306569343	0.48175182481751827	
0.8508771929824561	0.8346456692913385	0.6111111111111112	0.4744525547445255	0.25882352941176473	0.0	0.5428571428571428	0.5761589403973509	0.6313868613138686	0.0	0.5483870967741935	0.7682119205298014	0.7480314960629921	0.6428571428571429	0.6830065359477124	0.42248062015503873	0.5763358778625954	0.4636363636363636	0.44214876033057854	0.5763358778625954	0.652317880794702	0.5231788079470199	0.6690647482014388	0.4306569343065693	0	0.34306569343065696	1.0	0.5392156862745098	0.8464052287581699	0.8937007874015748	1.0	0.5963855421686747	0.5948905109489051	0.5392156862745098	
0.8157894736842105	0.7677165354330708	0.6423357664233577	0.24817518248175183	0.32941176470588235	0.0	0.5428571428571428	0.5583941605839416	0.3357664233576642	0.0	0.5483870967741935	0.7554744525547445	0.7244094488188977	0.7153284671532847	0.635036496350365	0.6124031007751938	0.6374045801526718	0.44545454545454544	0.6446280991735537	0.6374045801526718	0.6970802919708029	0.33941605839416056	0.6970802919708029	0.28102189781021897	0.34306569343065696	0	0.990909090909091	0.5255474452554745	0.656934306569343	0.7992125984251969	1.0	0.5783132530120482	0.5	0.5255474452554745	
0.6818181818181818	1.0	1.0	0.8181818181818182	1.0	1.0	1.0	0.9636363636363636	0.990909090909091	1.0	1.0	0.990909090909091	0.990909090909091	1.0	0.990909090909091	1.0	1.0	0.8272727272727273	1.0	1.0	1.0	0.990909090909091	1.0	0.990909090909091	1.0	0.990909090909091	0	0.990909090909091	0.990909090909091	0.990909090909091	1.0	0.9727272727272728	0.9363636363636364	0.990909090909091	
0.9649122807017544	0.5511811023622047	0.7058823529411765	0.6277372262773723	0.5764705882352941	0.7272727272727273	0.0	0.609271523178808	0.2737226277372263	0.32926829268292684	0.0	0.5264900662251656	0.5826771653543307	0.673469387755102	0.630718954248366	0.5310077519379846	0.6870229007633588	0.5272727272727272	0.5537190082644629	0.6870229007633588	0.6622516556291391	0.6026490066225165	0.6798561151079137	0.48175182481751827	0.5392156862745098	0.5255474452554745	0.990909090909091	0	0.8366013071895425	0.7362204724409449	1.0	0.5903614457831325	0.7007299270072993	0.0	
0.9122807017543859	0.8149606299212598	0.7549019607843137	0.6751824817518248	0.8529411764705882	0.0	1.0	0.8410596026490066	0.656934306569343	0.7682926829268293	0.8548387096774194	0.7549668874172185	0.8740157480314961	0.7551020408163265	0.803921568627451	0.9341085271317829	0.8931297709923665	0.7636363636363637	0.9297520661157025	0.8931297709923665	0.8311258278145696	0.7615894039735099	0.8165467625899281	0.7956204379562044	0.8464052287581699	0.656934306569343	0.990909090909091	0.8366013071895425	0	0.8031496062992126	0.6842105263157895	0.5783132530120482	0.7408759124087592	0.8366013071895425	
0.9736842105263158	0.8582677165354331	0.84251968503937	0.8464566929133859	0.8176470588235294	0.8181818181818182	0.6	0.8346456692913385	0.7204724409448819	0.8536585365853658	0.6612903225806451	0.6614173228346457	0.6456692913385826	0.6968503937007874	0.6614173228346457	0.7913385826771654	0.8307086614173228	0.8727272727272727	0.7933884297520661	0.8307086614173228	0.6771653543307087	0.7598425196850394	0.6771653543307087	0.7992125984251969	0.8937007874015748	0.7992125984251969	0.990909090909091	0.7362204724409449	0.8031496062992126	0	0.6842105263157895	0.7650602409638554	0.8070866141732284	0.7362204724409449	
1.0	1.0	0.6842105263157895	1.0	1.0	1.0	1.0	1.0	1.0	1.0	1.0	0.6842105263157895	0.6842105263157895	0.6842105263157895	0.6842105263157895	1.0	1.0	1.0	1.0	1.0	0.6842105263157895	0.6842105263157895	0.6842105263157895	1.0	1.0	1.0	1.0	1.0	0.6842105263157895	0.6842105263157895	0	0.6842105263157895	0.6842105263157895	1.0	
0.9035087719298246	0.7108433734939759	0.2710843373493976	0.6144578313253012	0.6385542168674698	1.0	1.0	0.4457831325301205	0.6506024096385542	0.32926829268292684	0.6774193548387096	0.42168674698795183	0.8734939759036144	0.3253012048192771	0.5662650602409639	0.9518072289156626	0.8132530120481928	0.44545454545454544	0.9698795180722891	0.8132530120481928	0.5783132530120482	0.37349397590361444	0.5783132530120482	0.6265060240963856	0.5963855421686747	0.5783132530120482	0.9727272727272728	0.5903614457831325	0.5783132530120482	0.7650602409638554	0.6842105263157895	0	0.4759036144578313	0.5903614457831325	
1.0	0.7795275590551181	0.5766423357664233	0.5583941605839416	0.6352941176470588	0.0	1.0	0.7153284671532847	0.6131386861313869	0.32926829268292684	0.8548387096774194	0.7262773722627737	0.7874015748031497	0.6715328467153284	0.708029197080292	0.8023255813953488	0.7900763358778626	0.7181818181818181	0.8140495867768595	0.7900763358778626	0.7153284671532847	0.4744525547445255	0.7153284671532847	0.5656934306569343	0.5948905109489051	0.5	0.9363636363636364	0.7007299270072993	0.7408759124087592	0.8070866141732284	0.6842105263157895	0.4759036144578313	0	0.7007299270072993	
0.9649122807017544	0.5511811023622047	0.7058823529411765	0.6277372262773723	0.5764705882352941	0.7272727272727273	0.0	0.609271523178808	0.2737226277372263	0.32926829268292684	0.0	0.5264900662251656	0.5826771653543307	0.673469387755102	0.630718954248366	0.5310077519379846	0.6870229007633588	0.5272727272727272	0.5537190082644629	0.6870229007633588	0.6622516556291391	0.6026490066225165	0.6798561151079137	0.48175182481751827	0.5392156862745098	0.5255474452554745	0.990909090909091	0.0	0.8366013071895425	0.7362204724409449	1.0	0.5903614457831325	0.7007299270072993	0	
