0	0.3157894736842105	0.13157894736842105	0.41228070175438597	0.8095238095238095	0.4714285714285714	0.7017543859649122	0.532258064516129	0.47560975609756095	0.6754385964912281	0.0	0.6891891891891891	0.23684210526315788	0.6486486486486487	0.2647058823529412	0.6754385964912281	0.37719298245614036	0.7017543859649122	0.13157894736842105	0.7017543859649122	0.7090909090909091	0.5	0.48484848484848486	0.5	0.6351351351351351	0.4864864864864865	0.13157894736842105	0.8157894736842105	0.05263157894736842	0.7807017543859649	0.0	0.7456140350877193	0.8157894736842105	0.2807017543859649	
0.3157894736842105	0	0.2746478873239437	0.3732394366197183	0.6666666666666666	0.6857142857142857	0.7213114754098361	0.7903225806451613	0.6707317073170732	0.5737704918032787	0.6956521739130435	0.9054054054054054	0.5422535211267606	0.8648648648648649	0.4411764705882353	0.5737704918032787	0.3732394366197183	0.5983606557377049	0.14788732394366197	0.5983606557377049	0.5818181818181818	0.5925925925925926	0.7272727272727273	0.6595744680851063	0.8513513513513513	0.7162162162162162	0.2746478873239437	0.9491525423728814	0.8947368421052632	0.8983050847457628	0.23333333333333334	0.8813559322033898	0.9491525423728814	0.5774647887323944	
0.13157894736842105	0.2746478873239437	0	0.3873239436619718	0.6666666666666666	0.45714285714285713	0.6147540983606558	0.532258064516129	0.47560975609756095	0.5573770491803278	0.0	0.6891891891891891	0.3591549295774648	0.6486486486486487	0.3137254901960784	0.5573770491803278	0.352112676056338	0.5819672131147541	0.1267605633802817	0.5819672131147541	0.5636363636363636	0.48148148148148145	0.48484848484848486	0.48936170212765956	0.6351351351351351	0.5	0.0	0.7711864406779662	0.05263157894736842	0.635593220338983	0.0	0.6271186440677966	0.7711864406779662	0.5	
0.41228070175438597	0.3732394366197183	0.3873239436619718	0	0.47619047619047616	0.5714285714285714	0.6557377049180327	0.6612903225806451	0.32926829268292684	0.5409836065573771	0.0	0.7162162162162162	0.5563380281690141	0.7567567567567568	0.5196078431372549	0.5409836065573771	0.4859154929577465	0.5655737704918032	0.2605633802816901	0.5655737704918032	0.5363636363636364	0.6296296296296297	0.6060606060606061	0.6170212765957447	0.7162162162162162	0.6081081081081081	0.3873239436619718	0.847457627118644	0.05263157894736842	0.8220338983050848	0.3111111111111111	0.8220338983050848	0.847457627118644	0.20422535211267606	
0.8095238095238095	0.6666666666666666	0.6666666666666666	0.47619047619047616	0	0.7857142857142857	0.6666666666666666	1.0	0.7380952380952381	0.6666666666666666	1.0	1.0	1.0	1.0	1.0	0.6666666666666666	0.6666666666666666	0.6666666666666666	0.6666666666666666	0.6666666666666666	0.6666666666666666	0.7857142857142857	0.8809523809523809	0.7857142857142857	1.0	0.8095238095238095	0.6666666666666666	1.0	1.0	1.0	0.8333333333333334	1.0	1.0	0.6190476190476191	
0.4714285714285714	0.6857142857142857	0.45714285714285713	0.5714285714285714	0.7857142857142857	0	0.5	0.11290322580645161	0.6571428571428571	0.45714285714285713	0.08695652173913043	0.6714285714285714	0.6142857142857143	0.6285714285714286	0.7	0.45714285714285713	0.5	0.5	0.45714285714285713	0.5	0.5285714285714286	0.48148148148148145	0.48484848484848486	0.5	0.6142857142857143	0.4714285714285714	0.45714285714285713	0.6428571428571429	0.05263157894736842	0.5714285714285714	0.4857142857142857	0.17142857142857143	0.6428571428571429	0.5857142857142857	
0.7017543859649122	0.7213114754098361	0.6147540983606558	0.6557377049180327	0.6666666666666666	0.5	0	0.5806451612903226	0.7439024390243902	0.38524590163934425	0.21739130434782608	0.5405405405405406	0.7950819672131147	0.16216216216216217	0.8235294117647058	0.38524590163934425	0.5655737704918032	0.12295081967213115	0.5901639344262295	0.12295081967213115	0.5636363636363636	0.4074074074074074	0.36363636363636365	0.5957446808510638	0.5405405405405406	0.36486486486486486	0.6147540983606558	0.8050847457627118	0.0	0.7288135593220338	0.6333333333333333	0.7796610169491526	0.8050847457627118	0.7786885245901639	
0.532258064516129	0.7903225806451613	0.532258064516129	0.6612903225806451	1.0	0.11290322580645161	0.5806451612903226	0	0.6612903225806451	0.532258064516129	0.08695652173913043	0.6290322580645161	0.5645161290322581	0.5	0.6612903225806451	0.532258064516129	0.5806451612903226	0.5806451612903226	0.532258064516129	0.5806451612903226	0.6129032258064516	0.6481481481481481	0.532258064516129	0.5806451612903226	0.5645161290322581	0.532258064516129	0.532258064516129	0.6129032258064516	0.05263157894736842	0.5645161290322581	0.532258064516129	0.0	0.6129032258064516	0.6612903225806451	
0.47560975609756095	0.6707317073170732	0.47560975609756095	0.32926829268292684	0.7380952380952381	0.6571428571428571	0.7439024390243902	0.6612903225806451	0	0.7073170731707317	0.0	0.7162162162162162	0.5121951219512195	0.7567567567567568	0.6341463414634146	0.7073170731707317	0.6585365853658537	0.7439024390243902	0.47560975609756095	0.7439024390243902	0.7682926829268293	0.7407407407407407	0.6363636363636364	0.6585365853658537	0.7162162162162162	0.6756756756756757	0.47560975609756095	0.7804878048780488	0.05263157894736842	0.7804878048780488	0.47560975609756095	0.7439024390243902	0.7804878048780488	0.32926829268292684	
0.6754385964912281	0.5737704918032787	0.5573770491803278	0.5409836065573771	0.6666666666666666	0.45714285714285713	0.38524590163934425	0.532258064516129	0.7073170731707317	0	0.08695652173913043	0.2702702702702703	0.7704918032786885	0.4594594594594595	0.7941176470588235	0.0	0.4672131147540984	0.26229508196721313	0.4426229508196721	0.26229508196721313	0.42727272727272725	0.0	0.0	0.6276595744680851	0.20270270270270271	0.02702702702702703	0.5573770491803278	0.8220338983050848	0.05263157894736842	0.7711864406779662	0.6	0.7457627118644068	0.8220338983050848	0.7131147540983607	
0.0	0.6956521739130435	0.0	0.0	1.0	0.08695652173913043	0.21739130434782608	0.08695652173913043	0.0	0.08695652173913043	0	0.08695652173913043	0.0	0.21739130434782608	0.2608695652173913	0.08695652173913043	0.21739130434782608	0.21739130434782608	0.0	0.21739130434782608	0.30434782608695654	0.5217391304347826	0.08695652173913043	0.21739130434782608	0.08695652173913043	0.08695652173913043	0.0	0.21739130434782608	0.05263157894736842	0.21739130434782608	0.0	0.08695652173913043	0.21739130434782608	0.0	
0.6891891891891891	0.9054054054054054	0.6891891891891891	0.7162162162162162	1.0	0.6714285714285714	0.5405405405405406	0.6290322580645161	0.7162162162162162	0.2702702702702703	0.08695652173913043	0	0.6891891891891891	0.5405405405405406	0.7702702702702703	0.2702702702702703	0.7297297297297297	0.5405405405405406	0.6891891891891891	0.5405405405405406	0.7567567567567568	0.3148148148148148	0.22727272727272727	0.7297297297297297	0.32432432432432434	0.28378378378378377	0.6891891891891891	0.5405405405405406	0.05263157894736842	0.7297297297297297	0.6891891891891891	0.6891891891891891	0.5405405405405406	0.7162162162162162	
0.23684210526315788	0.5422535211267606	0.3591549295774648	0.5563380281690141	1.0	0.6142857142857143	0.7950819672131147	0.5645161290322581	0.5121951219512195	0.7704918032786885	0.0	0.6891891891891891	0	0.6756756756756757	0.0	0.7704918032786885	0.5915492957746479	0.7950819672131147	0.39436619718309857	0.7950819672131147	0.7909090909090909	0.6851851851851852	0.5909090909090909	0.6063829787234043	0.5	0.6351351351351351	0.3591549295774648	0.6949152542372882	0.05263157894736842	0.6440677966101694	0.13333333333333333	0.7288135593220338	0.6949152542372882	0.5140845070422535	
0.6486486486486487	0.8648648648648649	0.6486486486486487	0.7567567567567568	1.0	0.6285714285714286	0.16216216216216217	0.5	0.7567567567567568	0.4594594594594595	0.21739130434782608	0.5405405405405406	0.6756756756756757	0	0.7567567567567568	0.4594594594594595	0.6081081081081081	0.16216216216216217	0.6486486486486487	0.16216216216216217	0.6756756756756757	0.5740740740740741	0.4393939393939394	0.6081081081081081	0.5405405405405406	0.47297297297297297	0.6486486486486487	0.6891891891891891	0.0	0.6351351351351351	0.6486486486486487	0.527027027027027	0.6891891891891891	0.7567567567567568	
0.2647058823529412	0.4411764705882353	0.3137254901960784	0.5196078431372549	1.0	0.7	0.8235294117647058	0.6612903225806451	0.6341463414634146	0.7941176470588235	0.2608695652173913	0.7702702702702703	0.0	0.7567567567567568	0	0.7941176470588235	0.5686274509803921	0.8235294117647058	0.3137254901960784	0.8235294117647058	0.8431372549019608	0.6851851851851852	0.6818181818181818	0.6914893617021277	0.581081081081081	0.7162162162162162	0.3137254901960784	0.8529411764705882	0.3684210526315789	0.7156862745098039	0.26666666666666666	0.7941176470588235	0.8529411764705882	0.47058823529411764	
0.6754385964912281	0.5737704918032787	0.5573770491803278	0.5409836065573771	0.6666666666666666	0.45714285714285713	0.38524590163934425	0.532258064516129	0.7073170731707317	0.0	0.08695652173913043	0.2702702702702703	0.7704918032786885	0.4594594594594595	0.7941176470588235	0	0.4672131147540984	0.26229508196721313	0.4426229508196721	0.26229508196721313	0.42727272727272725	0.0	0.0	0.6276595744680851	0.20270270270270271	0.02702702702702703	0.5573770491803278	0.8220338983050848	0.05263157894736842	0.7711864406779662	0.6	0.7457627118644068	0.8220338983050848	0.7131147540983607	
0.37719298245614036	0.3732394366197183	0.352112676056338	0.4859154929577465	0.6666666666666666	0.5	0.5655737704918032	0.5806451612903226	0.6585365853658537	0.4672131147540984	0.21739130434782608	0.7297297297297297	0.5915492957746479	0.6081081081081081	0.5686274509803921	0.4672131147540984	0	0.4426229508196721	0.22535211267605634	0.4426229508196721	0.43636363636363634	0.5370370370370371	0.5303030303030303	0.30851063829787234	0.6756756756756757	0.5405405405405406	0.352112676056338	0.788135593220339	0.0	0.7372881355932204	0.3111111111111111	0.7711864406779662	0.788135593220339	0.6619718309859155	
0.7017543859649122	0.5983606557377049	0.5819672131147541	0.5655737704918032	0.6666666666666666	0.5	0.12295081967213115	0.5806451612903226	0.7439024390243902	0.26229508196721313	0.21739130434782608	0.5405405405405406	0.7950819672131147	0.16216216216216217	0.8235294117647058	0.26229508196721313	0.4426229508196721	0	0.4672131147540984	0.0	0.43636363636363634	0.4074074074074074	0.36363636363636365	0.5957446808510638	0.5405405405405406	0.36486486486486486	0.5819672131147541	0.7966101694915254	0.0	0.7288135593220338	0.6333333333333333	0.7711864406779662	0.7966101694915254	0.7377049180327869	
0.13157894736842105	0.14788732394366197	0.1267605633802817	0.2605633802816901	0.6666666666666666	0.45714285714285713	0.5901639344262295	0.532258064516129	0.47560975609756095	0.4426229508196721	0.0	0.6891891891891891	0.39436619718309857	0.6486486486486487	0.3137254901960784	0.4426229508196721	0.22535211267605634	0.4672131147540984	0	0.4672131147540984	0.43636363636363634	0.48148148148148145	0.48484848484848486	0.48936170212765956	0.6351351351351351	0.5	0.1267605633802817	0.8135593220338984	0.05263157894736842	0.7627118644067796	0.0	0.7457627118644068	0.8135593220338984	0.4647887323943662	
0.7017543859649122	0.5983606557377049	0.5819672131147541	0.5655737704918032	0.6666666666666666	0.5	0.12295081967213115	0.5806451612903226	0.7439024390243902	0.26229508196721313	0.21739130434782608	0.5405405405405406	0.7950819672131147	0.16216216216216217	0.8235294117647058	0.26229508196721313	0.4426229508196721	0.0	0.4672131147540984	0	0.43636363636363634	0.4074074074074074	0.36363636363636365	0.5957446808510638	0.5405405405405406	0.36486486486486486	0.5819672131147541	0.7966101694915254	0.0	0.7288135593220338	0.6333333333333333	0.7711864406779662	0.7966101694915254	0.7377049180327869	
0.7090909090909091	0.5818181818181818	0.5636363636363636	0.5363636363636364	0.6666666666666666	0.5285714285714286	0.5636363636363636	0.6129032258064516	0.7682926829268293	0.42727272727272725	0.30434782608695654	0.7567567567567568	0.7909090909090909	0.6756756756756757	0.8431372549019608	0.42727272727272725	0.43636363636363634	0.43636363636363634	0.43636363636363634	0.43636363636363634	0	0.5740740740740741	0.5606060606060606	0.648936170212766	0.7027027027027027	0.5675675675675675	0.5636363636363636	0.8272727272727273	0.15789473684210525	0.7727272727272727	0.6555555555555556	0.7727272727272727	0.8272727272727273	0.7272727272727273	
0.5	0.5925925925925926	0.48148148148148145	0.6296296296296297	0.7857142857142857	0.48148148148148145	0.4074074074074074	0.6481481481481481	0.7407407407407407	0.0	0.5217391304347826	0.3148148148148148	0.6851851851851852	0.5740740740740741	0.6851851851851852	0.0	0.5370370370370371	0.4074074074074074	0.48148148148148145	0.4074074074074074	0.5740740740740741	0	0.14814814814814814	0.5370370370370371	0.24074074074074073	0.037037037037037035	0.48148148148148145	0.8148148148148148	0.5789473684210527	0.7407407407407407	0.5185185185185185	0.6481481481481481	0.8148148148148148	0.6481481481481481	
0.48484848484848486	0.7272727272727273	0.48484848484848486	0.6060606060606061	0.8809523809523809	0.48484848484848486	0.36363636363636365	0.532258064516129	0.6363636363636364	0.0	0.08695652173913043	0.22727272727272727	0.5909090909090909	0.4393939393939394	0.6818181818181818	0.0	0.5303030303030303	0.36363636363636365	0.48484848484848486	0.36363636363636365	0.5606060606060606	0.14814814814814814	0	0.5303030303030303	0.15151515151515152	0.0	0.48484848484848486	0.696969696969697	0.05263157894736842	0.6363636363636364	0.48484848484848486	0.5606060606060606	0.696969696969697	0.6060606060606061	
0.5	0.6595744680851063	0.48936170212765956	0.6170212765957447	0.7857142857142857	0.5	0.5957446808510638	0.5806451612903226	0.6585365853658537	0.6276595744680851	0.21739130434782608	0.7297297297297297	0.6063829787234043	0.6081081081081081	0.6914893617021277	0.6276595744680851	0.30851063829787234	0.5957446808510638	0.48936170212765956	0.5957446808510638	0.648936170212766	0.5370370370370371	0.5303030303030303	0	0.6756756756756757	0.5405405405405406	0.48936170212765956	0.7446808510638298	0.0	0.7021276595744681	0.4888888888888889	0.723404255319149	0.7446808510638298	0.6276595744680851	
0.6351351351351351	0.8513513513513513	0.6351351351351351	0.7162162162162162	1.0	0.6142857142857143	0.5405405405405406	0.5645161290322581	0.7162162162162162	0.20270270270270271	0.08695652173913043	0.32432432432432434	0.5	0.5405405405405406	0.581081081081081	0.20270270270270271	0.6756756756756757	0.5405405405405406	0.6351351351351351	0.5405405405405406	0.7027027027027027	0.24074074074074073	0.15151515151515152	0.6756756756756757	0	0.21621621621621623	0.6351351351351351	0.7297297297297297	0.05263157894736842	0.527027027027027	0.6351351351351351	0.6351351351351351	0.7297297297297297	0.7162162162162162	
0.4864864864864865	0.7162162162162162	0.5	0.6081081081081081	0.8095238095238095	0.4714285714285714	0.36486486486486486	0.532258064516129	0.6756756756756757	0.02702702702702703	0.08695652173913043	0.28378378378378377	0.6351351351351351	0.47297297297297297	0.7162162162162162	0.02702702702702703	0.5405405405405406	0.36486486486486486	0.5	0.36486486486486486	0.5675675675675675	0.037037037037037035	0.0	0.5405405405405406	0.21621621621621623	0	0.5	0.7297297297297297	0.05263157894736842	0.6756756756756757	0.5135135135135135	0.6081081081081081	0.7297297297297297	0.5945945945945946	
0.13157894736842105	0.2746478873239437	0.0	0.3873239436619718	0.6666666666666666	0.45714285714285713	0.6147540983606558	0.532258064516129	0.47560975609756095	0.5573770491803278	0.0	0.6891891891891891	0.3591549295774648	0.6486486486486487	0.3137254901960784	0.5573770491803278	0.352112676056338	0.5819672131147541	0.1267605633802817	0.5819672131147541	0.5636363636363636	0.48148148148148145	0.48484848484848486	0.48936170212765956	0.6351351351351351	0.5	0	0.7711864406779662	0.05263157894736842	0.635593220338983	0.0	0.6271186440677966	0.7711864406779662	0.5	
0.8157894736842105	0.9491525423728814	0.7711864406779662	0.847457627118644	1.0	0.6428571428571429	0.8050847457627118	0.6129032258064516	0.7804878048780488	0.8220338983050848	0.21739130434782608	0.5405405405405406	0.6949152542372882	0.6891891891891891	0.8529411764705882	0.8220338983050848	0.788135593220339	0.7966101694915254	0.8135593220338984	0.7966101694915254	0.8272727272727273	0.8148148148148148	0.696969696969697	0.7446808510638298	0.7297297297297297	0.7297297297297297	0.7711864406779662	0	0.0	0.576271186440678	0.7666666666666667	0.6779661016949152	0.0	0.847457627118644	
0.05263157894736842	0.8947368421052632	0.05263157894736842	0.05263157894736842	1.0	0.05263157894736842	0.0	0.05263157894736842	0.05263157894736842	0.05263157894736842	0.05263157894736842	0.05263157894736842	0.05263157894736842	0.0	0.3684210526315789	0.05263157894736842	0.0	0.0	0.05263157894736842	0.0	0.15789473684210525	0.5789473684210527	0.05263157894736842	0.0	0.05263157894736842	0.05263157894736842	0.05263157894736842	0.0	0	0.0	0.05263157894736842	0.05263157894736842	0.0	0.05263157894736842	
0.7807017543859649	0.8983050847457628	0.635593220338983	0.8220338983050848	1.0	0.5714285714285714	0.7288135593220338	0.5645161290322581	0.7804878048780488	0.7711864406779662	0.21739130434782608	0.7297297297297297	0.6440677966101694	0.6351351351351351	0.7156862745098039	0.7711864406779662	0.7372881355932204	0.7288135593220338	0.7627118644067796	0.7288135593220338	0.7727272727272727	0.7407407407407407	0.6363636363636364	0.7021276595744681	0.527027027027027	0.6756756756756757	0.635593220338983	0.576271186440678	0.0	0	0.7222222222222222	0.652542372881356	0.576271186440678	0.8389830508474576	
0.0	0.23333333333333334	0.0	0.3111111111111111	0.8333333333333334	0.4857142857142857	0.6333333333333333	0.532258064516129	0.47560975609756095	0.6	0.0	0.6891891891891891	0.13333333333333333	0.6486486486486487	0.26666666666666666	0.6	0.3111111111111111	0.6333333333333333	0.0	0.6333333333333333	0.6555555555555556	0.5185185185185185	0.48484848484848486	0.4888888888888889	0.6351351351351351	0.5135135135135135	0.0	0.7666666666666667	0.05263157894736842	0.7222222222222222	0	0.6777777777777778	0.7666666666666667	0.3111111111111111	
0.7456140350877193	0.8813559322033898	0.6271186440677966	0.8220338983050848	1.0	0.17142857142857143	0.7796610169491526	0.0	0.7439024390243902	0.7457627118644068	0.08695652173913043	0.6891891891891891	0.7288135593220338	0.527027027027027	0.7941176470588235	0.7457627118644068	0.7711864406779662	0.7711864406779662	0.7457627118644068	0.7711864406779662	0.7727272727272727	0.6481481481481481	0.5606060606060606	0.723404255319149	0.6351351351351351	0.6081081081081081	0.6271186440677966	0.6779661016949152	0.05263157894736842	0.652542372881356	0.6777777777777778	0	0.6779661016949152	0.8220338983050848	
0.8157894736842105	0.9491525423728814	0.7711864406779662	0.847457627118644	1.0	0.6428571428571429	0.8050847457627118	0.6129032258064516	0.7804878048780488	0.8220338983050848	0.21739130434782608	0.5405405405405406	0.6949152542372882	0.6891891891891891	0.8529411764705882	0.8220338983050848	0.788135593220339	0.7966101694915254	0.8135593220338984	0.7966101694915254	0.8272727272727273	0.8148148148148148	0.696969696969697	0.7446808510638298	0.7297297297297297	0.7297297297297297	0.7711864406779662	0.0	0.0	0.576271186440678	0.7666666666666667	0.6779661016949152	0	0.847457627118644	
0.2807017543859649	0.5774647887323944	0.5	0.20422535211267606	0.6190476190476191	0.5857142857142857	0.7786885245901639	0.6612903225806451	0.32926829268292684	0.7131147540983607	0.0	0.7162162162162162	0.5140845070422535	0.7567567567567568	0.47058823529411764	0.7131147540983607	0.6619718309859155	0.7377049180327869	0.4647887323943662	0.7377049180327869	0.7272727272727273	0.6481481481481481	0.6060606060606061	0.6276595744680851	0.7162162162162162	0.5945945945945946	0.5	0.847457627118644	0.05263157894736842	0.8389830508474576	0.3111111111111111	0.8220338983050848	0.847457627118644	0	
