0	0.4189189189189189	0.49415204678362573	0.6210526315789474	0.4444444444444444	0.6134751773049646	0.7807017543859649	0.5116959064327485	0.4966887417218543	0.7865497076023392	0.5236220472440944	0.7514619883040936	0.4785276073619632	0.8099415204678363	0.7251461988304093	0.7339181286549707	0.6257309941520468	0.6347517730496454	0.6257309941520468	0.804093567251462	0.8391812865497076	0.7660818713450293	0.8064516129032258	0.3830409356725146	0.543859649122807	0.5964912280701754	0.35964912280701755	0.6655629139072847	0.7017543859649122	0.3830409356725146	0.8216374269005848	0.391812865497076	0.6052631578947368	0.7521008403361344	
0.4189189189189189	0	0.527027027027027	0.7162162162162162	0.4189189189189189	0.32432432432432434	0.5540540540540541	0.3783783783783784	0.06756756756756757	0.5540540540540541	0.5945945945945946	0.7162162162162162	0.3783783783783784	0.5540540540540541	0.6891891891891891	0.6486486486486487	0.2702702702702703	0.12162162162162163	0.2702702702702703	0.5540540540540541	0.5540540540540541	0.5540540540540541	1.0	0.06756756756756757	0.0	0.3783783783783784	0.4189189189189189	0.02702702702702703	0.7297297297297297	0.4189189189189189	0.8108108108108109	0.06756756756756757	0.02702702702702703	0.3783783783783784	
0.49415204678362573	0.527027027027027	0	0.6894736842105263	0.5818713450292398	0.6063829787234043	0.6198830409356725	0.39473684210526316	0.40066225165562913	0.5701754385964912	0.28346456692913385	0.5321637426900585	0.4049079754601227	0.5672514619883041	0.4444444444444444	0.5964912280701754	0.5730994152046783	0.6063829787234043	0.5730994152046783	0.6023391812865497	0.6023391812865497	0.6403508771929824	0.5967741935483871	0.49415204678362573	0.5994152046783626	0.6403508771929824	0.43859649122807015	0.6920529801324503	0.5789473684210527	0.4619883040935672	0.7456140350877193	0.5730994152046783	0.6491228070175439	0.7436974789915967	
0.6210526315789474	0.7162162162162162	0.6894736842105263	0	0.17894736842105263	0.5631578947368421	0.6157894736842106	0.7315789473684211	0.5684210526315789	0.6263157894736842	0.5210526315789473	0.3263157894736842	0.5894736842105263	0.5947368421052631	0.6894736842105263	0.6789473684210526	0.5947368421052631	0.30526315789473685	0.5947368421052631	0.5368421052631579	0.6157894736842106	0.45263157894736844	0.6774193548387096	0.35789473684210527	0.45789473684210524	0.45789473684210524	0.5736842105263158	0.7	0.7473684210526316	0.4052631578947368	0.8789473684210526	0.35789473684210527	0.7	0.5684210526315789	
0.4444444444444444	0.4189189189189189	0.5818713450292398	0.17894736842105263	0	0.46099290780141844	0.7251461988304093	0.49707602339181284	0.5099337748344371	0.7309941520467836	0.2755905511811024	0.45321637426900585	0.36503067484662577	0.5994152046783626	0.7309941520467836	0.5409356725146199	0.5964912280701754	0.2375886524822695	0.5964912280701754	0.5906432748538012	0.672514619883041	0.5526315789473685	0.6612903225806451	0.28362573099415206	0.4239766081871345	0.5350877192982456	0.3128654970760234	0.5794701986754967	0.7076023391812866	0.2953216374269006	0.8304093567251462	0.3216374269005848	0.5847953216374269	0.7100840336134454	
0.6134751773049646	0.32432432432432434	0.6063829787234043	0.5631578947368421	0.46099290780141844	0	0.5851063829787234	0.5673758865248227	0.6453900709219859	0.5638297872340425	0.4921259842519685	0.75177304964539	0.574468085106383	0.46808510638297873	0.6985815602836879	0.5709219858156028	0.26595744680851063	0.4326241134751773	0.26595744680851063	0.5851063829787234	0.549645390070922	0.5106382978723404	0.8870967741935484	0.32269503546099293	0.39361702127659576	0.2730496453900709	0.45390070921985815	0.425531914893617	0.7056737588652482	0.5886524822695035	0.8049645390070922	0.39361702127659576	0.425531914893617	0.5840336134453782	
0.7807017543859649	0.5540540540540541	0.6198830409356725	0.6157894736842106	0.7251461988304093	0.5851063829787234	0	0.5526315789473685	0.5	0.2631578947368421	0.5669291338582677	0.45321637426900585	0.5306748466257669	0.2777777777777778	0.3508771929824561	0.2543859649122807	0.3888888888888889	0.7446808510638298	0.3888888888888889	0.1695906432748538	0.15789473684210525	0.37719298245614036	0.3870967741935484	0.7076023391812866	0.672514619883041	0.47368421052631576	0.7543859649122807	0.48013245033112584	0.695906432748538	0.8070175438596491	0.827485380116959	0.5847953216374269	0.5175438596491229	0.36554621848739494	
0.5116959064327485	0.3783783783783784	0.39473684210526316	0.7315789473684211	0.49707602339181284	0.5673758865248227	0.5526315789473685	0	0.44370860927152317	0.5058479532163743	0.3425196850393701	0.6461988304093568	0.1687116564417178	0.4853801169590643	0.4853801169590643	0.39473684210526316	0.5	0.599290780141844	0.5	0.49415204678362573	0.49415204678362573	0.6257309941520468	0.5	0.5029239766081871	0.4444444444444444	0.49707602339181284	0.40058479532163743	0.48344370860927155	0.6111111111111112	0.41228070175438597	0.7485380116959064	0.5994152046783626	0.4649122807017544	0.6260504201680672	
0.4966887417218543	0.06756756756756757	0.40066225165562913	0.5684210526315789	0.5099337748344371	0.6453900709219859	0.5	0.44370860927152317	0	0.4602649006622517	0.30708661417322836	0.4735099337748344	0.347682119205298	0.5894039735099338	0.5298013245033113	0.5066225165562914	0.4735099337748344	0.5815602836879432	0.4735099337748344	0.40066225165562913	0.5397350993377483	0.6622516556291391	0.0	0.22185430463576158	0.46688741721854304	0.5264900662251656	0.41721854304635764	0.5	0.7119205298013245	0.5165562913907285	0.847682119205298	0.3211920529801324	0.3675496688741722	0.5588235294117647	
0.7865497076023392	0.5540540540540541	0.5701754385964912	0.6263157894736842	0.7309941520467836	0.5638297872340425	0.2631578947368421	0.5058479532163743	0.4602649006622517	0	0.547244094488189	0.5380116959064327	0.4938650306748466	0.31871345029239767	0.1608187134502924	0.3538011695906433	0.3128654970760234	0.6737588652482269	0.3128654970760234	0.24853801169590642	0.2631578947368421	0.45321637426900585	0.6290322580645161	0.5760233918128655	0.5818713450292398	0.40350877192982454	0.6432748538011696	0.4205298013245033	0.6549707602339181	0.6900584795321637	0.7514619883040936	0.716374269005848	0.391812865497076	0.35294117647058826	
0.5236220472440944	0.5945945945945946	0.28346456692913385	0.5210526315789473	0.2755905511811024	0.4921259842519685	0.5669291338582677	0.3425196850393701	0.30708661417322836	0.547244094488189	0	0.47244094488188976	0.21653543307086615	0.4251968503937008	0.5866141732283464	0.47244094488188976	0.5905511811023622	0.4448818897637795	0.5905511811023622	0.3858267716535433	0.49606299212598426	0.5393700787401575	0.27419354838709675	0.1968503937007874	0.5866141732283464	0.5551181102362205	0.2440944881889764	0.5984251968503937	0.6259842519685039	0.47244094488188976	0.7559055118110236	0.2992125984251969	0.5984251968503937	0.7563025210084033	
0.7514619883040936	0.7162162162162162	0.5321637426900585	0.3263157894736842	0.45321637426900585	0.75177304964539	0.45321637426900585	0.6461988304093568	0.4735099337748344	0.5380116959064327	0.47244094488188976	0	0.5613496932515337	0.5350877192982456	0.4093567251461988	0.4269005847953216	0.6578947368421053	0.624113475177305	0.6578947368421053	0.34210526315789475	0.47076023391812866	0.5263157894736842	0.0	0.6608187134502924	0.7368421052631579	0.7251461988304093	0.6842105263157895	0.6854304635761589	0.7573099415204678	0.6140350877192983	0.8421052631578947	0.6403508771929824	0.6988304093567251	0.6554621848739496	
0.4785276073619632	0.3783783783783784	0.4049079754601227	0.5894736842105263	0.36503067484662577	0.574468085106383	0.5306748466257669	0.1687116564417178	0.347682119205298	0.4938650306748466	0.21653543307086615	0.5613496932515337	0	0.46319018404907975	0.44785276073619634	0.3834355828220859	0.48773006134969327	0.574468085106383	0.48773006134969327	0.41411042944785276	0.5	0.50920245398773	0.27419354838709675	0.3588957055214724	0.4754601226993865	0.450920245398773	0.2822085889570552	0.5132450331125827	0.5122699386503068	0.4263803680981595	0.6748466257668712	0.4785276073619632	0.4447852760736196	0.6176470588235294	
0.8099415204678363	0.5540540540540541	0.5672514619883041	0.5947368421052631	0.5994152046783626	0.46808510638297873	0.2777777777777778	0.4853801169590643	0.5894039735099338	0.31871345029239767	0.4251968503937008	0.5350877192982456	0.46319018404907975	0	0.4502923976608187	0.39473684210526316	0.5087719298245614	0.5780141843971631	0.5087719298245614	0.21929824561403508	0.22514619883040934	0.2953216374269006	0.6451612903225806	0.5818713450292398	0.6228070175438597	0.39766081871345027	0.6286549707602339	0.5662251655629139	0.6403508771929824	0.7046783625730995	0.7543859649122807	0.5760233918128655	0.5935672514619883	0.46218487394957986	
0.7251461988304093	0.6891891891891891	0.4444444444444444	0.6894736842105263	0.7309941520467836	0.6985815602836879	0.3508771929824561	0.4853801169590643	0.5298013245033113	0.1608187134502924	0.5866141732283464	0.4093567251461988	0.44785276073619634	0.4502923976608187	0	0.34502923976608185	0.45321637426900585	0.7624113475177305	0.45321637426900585	0.37719298245614036	0.391812865497076	0.5	0.6290322580645161	0.6783625730994152	0.6842105263157895	0.5263157894736842	0.6228070175438597	0.5264900662251656	0.6052631578947368	0.6695906432748538	0.7017543859649122	0.7573099415204678	0.5029239766081871	0.42857142857142855	
0.7339181286549707	0.6486486486486487	0.5964912280701754	0.6789473684210526	0.5409356725146199	0.5709219858156028	0.2543859649122807	0.39473684210526316	0.5066225165562914	0.3538011695906433	0.47244094488188976	0.4269005847953216	0.3834355828220859	0.39473684210526316	0.34502923976608185	0	0.41812865497076024	0.7092198581560284	0.41812865497076024	0.2894736842105263	0.2777777777777778	0.5380116959064327	0.3870967741935484	0.6549707602339181	0.6198830409356725	0.391812865497076	0.5906432748538012	0.40728476821192056	0.7368421052631579	0.6432748538011696	0.8362573099415205	0.6754385964912281	0.4473684210526316	0.40756302521008403	
0.6257309941520468	0.2702702702702703	0.5730994152046783	0.5947368421052631	0.5964912280701754	0.26595744680851063	0.3888888888888889	0.5	0.4735099337748344	0.3128654970760234	0.5905511811023622	0.6578947368421053	0.48773006134969327	0.5087719298245614	0.45321637426900585	0.41812865497076024	0	0.5212765957446809	0.0	0.4239766081871345	0.41228070175438597	0.5087719298245614	0.7741935483870968	0.39473684210526316	0.3654970760233918	0.2894736842105263	0.5321637426900585	0.22185430463576158	0.6023391812865497	0.6140350877192983	0.7309941520467836	0.5350877192982456	0.21637426900584794	0.37815126050420167	
0.6347517730496454	0.12162162162162163	0.6063829787234043	0.30526315789473685	0.2375886524822695	0.4326241134751773	0.7446808510638298	0.599290780141844	0.5815602836879432	0.6737588652482269	0.4448818897637795	0.624113475177305	0.574468085106383	0.5780141843971631	0.7624113475177305	0.7092198581560284	0.5212765957446809	0	0.5212765957446809	0.6702127659574468	0.6808510638297872	0.574468085106383	0.9193548387096774	0.28368794326241137	0.34397163120567376	0.4716312056737589	0.450354609929078	0.5212765957446809	0.7340425531914894	0.38652482269503546	0.8014184397163121	0.35815602836879434	0.5212765957446809	0.6302521008403361	
0.6257309941520468	0.2702702702702703	0.5730994152046783	0.5947368421052631	0.5964912280701754	0.26595744680851063	0.3888888888888889	0.5	0.4735099337748344	0.3128654970760234	0.5905511811023622	0.6578947368421053	0.48773006134969327	0.5087719298245614	0.45321637426900585	0.41812865497076024	0.0	0.5212765957446809	0	0.4239766081871345	0.41228070175438597	0.5087719298245614	0.7741935483870968	0.39473684210526316	0.3654970760233918	0.2894736842105263	0.5321637426900585	0.22185430463576158	0.6023391812865497	0.6140350877192983	0.7309941520467836	0.5350877192982456	0.21637426900584794	0.37815126050420167	
0.804093567251462	0.5540540540540541	0.6023391812865497	0.5368421052631579	0.5906432748538012	0.5851063829787234	0.1695906432748538	0.49415204678362573	0.40066225165562913	0.24853801169590642	0.3858267716535433	0.34210526315789475	0.41411042944785276	0.21929824561403508	0.37719298245614036	0.2894736842105263	0.4239766081871345	0.6702127659574468	0.4239766081871345	0	0.14619883040935672	0.31871345029239767	0.0	0.5730994152046783	0.6549707602339181	0.4853801169590643	0.6491228070175439	0.48013245033112584	0.6988304093567251	0.7426900584795322	0.8099415204678363	0.5847953216374269	0.5175438596491229	0.3907563025210084	
0.8391812865497076	0.5540540540540541	0.6023391812865497	0.6157894736842106	0.672514619883041	0.549645390070922	0.15789473684210525	0.49415204678362573	0.5397350993377483	0.2631578947368421	0.49606299212598426	0.47076023391812866	0.5	0.22514619883040934	0.391812865497076	0.2777777777777778	0.41228070175438597	0.6808510638297872	0.41228070175438597	0.14619883040935672	0	0.3654970760233918	0.45161290322580644	0.6549707602339181	0.6140350877192983	0.4502923976608187	0.7017543859649122	0.48013245033112584	0.7192982456140351	0.7485380116959064	0.8157894736842105	0.6491228070175439	0.5175438596491229	0.4411764705882353	
0.7660818713450293	0.5540540540540541	0.6403508771929824	0.45263157894736844	0.5526315789473685	0.5106382978723404	0.37719298245614036	0.6257309941520468	0.6622516556291391	0.45321637426900585	0.5393700787401575	0.5263157894736842	0.50920245398773	0.2953216374269006	0.5	0.5380116959064327	0.5087719298245614	0.574468085106383	0.5087719298245614	0.31871345029239767	0.3654970760233918	0	0.8548387096774194	0.5233918128654971	0.6345029239766082	0.41812865497076024	0.6345029239766082	0.6158940397350994	0.6228070175438597	0.5994152046783626	0.6842105263157895	0.4824561403508772	0.6374269005847953	0.41596638655462187	
0.8064516129032258	1.0	0.5967741935483871	0.6774193548387096	0.6612903225806451	0.8870967741935484	0.3870967741935484	0.5	0.0	0.6290322580645161	0.27419354838709675	0.0	0.27419354838709675	0.6451612903225806	0.6290322580645161	0.3870967741935484	0.7741935483870968	0.9193548387096774	0.7741935483870968	0.0	0.45161290322580644	0.8548387096774194	0	0.6612903225806451	0.8870967741935484	0.8870967741935484	0.7580645161290323	0.8064516129032258	0.9193548387096774	0.9193548387096774	1.0	0.6612903225806451	0.8064516129032258	0.8064516129032258	
0.3830409356725146	0.06756756756756757	0.49415204678362573	0.35789473684210527	0.28362573099415206	0.32269503546099293	0.7076023391812866	0.5029239766081871	0.22185430463576158	0.5760233918128655	0.1968503937007874	0.6608187134502924	0.3588957055214724	0.5818713450292398	0.6783625730994152	0.6549707602339181	0.39473684210526316	0.28368794326241137	0.39473684210526316	0.5730994152046783	0.6549707602339181	0.5233918128654971	0.6612903225806451	0	0.3216374269005848	0.3216374269005848	0.22514619883040934	0.40066225165562913	0.6374269005847953	0.4239766081871345	0.7485380116959064	0.16374269005847952	0.3538011695906433	0.5252100840336135	
0.543859649122807	0.0	0.5994152046783626	0.45789473684210524	0.4239766081871345	0.39361702127659576	0.672514619883041	0.4444444444444444	0.46688741721854304	0.5818713450292398	0.5866141732283464	0.7368421052631579	0.4754601226993865	0.6228070175438597	0.6842105263157895	0.6198830409356725	0.3654970760233918	0.34397163120567376	0.3654970760233918	0.6549707602339181	0.6140350877192983	0.6345029239766082	0.8870967741935484	0.3216374269005848	0	0.3391812865497076	0.48830409356725146	0.40728476821192056	0.7222222222222222	0.41812865497076024	0.8128654970760234	0.4678362573099415	0.35964912280701755	0.5966386554621849	
0.5964912280701754	0.3783783783783784	0.6403508771929824	0.45789473684210524	0.5350877192982456	0.2730496453900709	0.47368421052631576	0.49707602339181284	0.5264900662251656	0.40350877192982454	0.5551181102362205	0.7251461988304093	0.450920245398773	0.39766081871345027	0.5263157894736842	0.391812865497076	0.2894736842105263	0.4716312056737589	0.2894736842105263	0.4853801169590643	0.4502923976608187	0.41812865497076024	0.8870967741935484	0.3216374269005848	0.3391812865497076	0	0.47076023391812866	0.3708609271523179	0.6228070175438597	0.5818713450292398	0.716374269005848	0.4619883040935672	0.34210526315789475	0.2815126050420168	
0.35964912280701755	0.4189189189189189	0.43859649122807015	0.5736842105263158	0.3128654970760234	0.45390070921985815	0.7543859649122807	0.40058479532163743	0.41721854304635764	0.6432748538011696	0.2440944881889764	0.6842105263157895	0.2822085889570552	0.6286549707602339	0.6228070175438597	0.5906432748538012	0.5321637426900585	0.450354609929078	0.5321637426900585	0.6491228070175439	0.7017543859649122	0.6345029239766082	0.7580645161290323	0.22514619883040934	0.48830409356725146	0.47076023391812866	0	0.4370860927152318	0.6052631578947368	0.391812865497076	0.7397660818713451	0.3684210526315789	0.40350877192982454	0.6554621848739496	
0.6655629139072847	0.02702702702702703	0.6920529801324503	0.7	0.5794701986754967	0.425531914893617	0.48013245033112584	0.48344370860927155	0.5	0.4205298013245033	0.5984251968503937	0.6854304635761589	0.5132450331125827	0.5662251655629139	0.5264900662251656	0.40728476821192056	0.22185430463576158	0.5212765957446809	0.22185430463576158	0.48013245033112584	0.48013245033112584	0.6158940397350994	0.8064516129032258	0.40066225165562913	0.40728476821192056	0.3708609271523179	0.4370860927152318	0	0.7185430463576159	0.6423841059602649	0.7947019867549668	0.4735099337748344	0.0	0.3739495798319328	
0.7017543859649122	0.7297297297297297	0.5789473684210527	0.7473684210526316	0.7076023391812866	0.7056737588652482	0.695906432748538	0.6111111111111112	0.7119205298013245	0.6549707602339181	0.6259842519685039	0.7573099415204678	0.5122699386503068	0.6403508771929824	0.6052631578947368	0.7368421052631579	0.6023391812865497	0.7340425531914894	0.6023391812865497	0.6988304093567251	0.7192982456140351	0.6228070175438597	0.9193548387096774	0.6374269005847953	0.7222222222222222	0.6228070175438597	0.6052631578947368	0.7185430463576159	0	0.7192982456140351	0.5730994152046783	0.6812865497076024	0.672514619883041	0.726890756302521	
0.3830409356725146	0.4189189189189189	0.4619883040935672	0.4052631578947368	0.2953216374269006	0.5886524822695035	0.8070175438596491	0.41228070175438597	0.5165562913907285	0.6900584795321637	0.47244094488188976	0.6140350877192983	0.4263803680981595	0.7046783625730995	0.6695906432748538	0.6432748538011696	0.6140350877192983	0.38652482269503546	0.6140350877192983	0.7426900584795322	0.7485380116959064	0.5994152046783626	0.9193548387096774	0.4239766081871345	0.41812865497076024	0.5818713450292398	0.391812865497076	0.6423841059602649	0.7192982456140351	0	0.827485380116959	0.5497076023391813	0.5847953216374269	0.7521008403361344	
0.8216374269005848	0.8108108108108109	0.7456140350877193	0.8789473684210526	0.8304093567251462	0.8049645390070922	0.827485380116959	0.7485380116959064	0.847682119205298	0.7514619883040936	0.7559055118110236	0.8421052631578947	0.6748466257668712	0.7543859649122807	0.7017543859649122	0.8362573099415205	0.7309941520467836	0.8014184397163121	0.7309941520467836	0.8099415204678363	0.8157894736842105	0.6842105263157895	1.0	0.7485380116959064	0.8128654970760234	0.716374269005848	0.7397660818713451	0.7947019867549668	0.5730994152046783	0.827485380116959	0	0.827485380116959	0.7573099415204678	0.8235294117647058	
0.391812865497076	0.06756756756756757	0.5730994152046783	0.35789473684210527	0.3216374269005848	0.39361702127659576	0.5847953216374269	0.5994152046783626	0.3211920529801324	0.716374269005848	0.2992125984251969	0.6403508771929824	0.4785276073619632	0.5760233918128655	0.7573099415204678	0.6754385964912281	0.5350877192982456	0.35815602836879434	0.5350877192982456	0.5847953216374269	0.6491228070175439	0.4824561403508772	0.6612903225806451	0.16374269005847952	0.4678362573099415	0.4619883040935672	0.3684210526315789	0.4735099337748344	0.6812865497076024	0.5497076023391813	0.827485380116959	0	0.5	0.5252100840336135	
0.6052631578947368	0.02702702702702703	0.6491228070175439	0.7	0.5847953216374269	0.425531914893617	0.5175438596491229	0.4649122807017544	0.3675496688741722	0.391812865497076	0.5984251968503937	0.6988304093567251	0.4447852760736196	0.5935672514619883	0.5029239766081871	0.4473684210526316	0.21637426900584794	0.5212765957446809	0.21637426900584794	0.5175438596491229	0.5175438596491229	0.6374269005847953	0.8064516129032258	0.3538011695906433	0.35964912280701755	0.34210526315789475	0.40350877192982454	0.0	0.672514619883041	0.5847953216374269	0.7573099415204678	0.5	0	0.3739495798319328	
0.7521008403361344	0.3783783783783784	0.7436974789915967	0.5684210526315789	0.7100840336134454	0.5840336134453782	0.36554621848739494	0.6260504201680672	0.5588235294117647	0.35294117647058826	0.7563025210084033	0.6554621848739496	0.6176470588235294	0.46218487394957986	0.42857142857142855	0.40756302521008403	0.37815126050420167	0.6302521008403361	0.37815126050420167	0.3907563025210084	0.4411764705882353	0.41596638655462187	0.8064516129032258	0.5252100840336135	0.5966386554621849	0.2815126050420168	0.6554621848739496	0.3739495798319328	0.726890756302521	0.7521008403361344	0.8235294117647058	0.5252100840336135	0.3739495798319328	0	
