0	0.562015503875969	0.7086330935251799	0.6470588235294118	0.38562091503267976	0.6835443037974683	0.6993464052287581	0.8921568627450981	0.5517241379310345	0.5261437908496732	0.6568627450980392	0.6106194690265486	0.4869281045751634	0.25287356321839083	0.4661016949152542	0.6633986928104575	0.5463576158940397	0.5784313725490197	0.6843971631205674	0.8921568627450981	0.46078431372549017	0.8931034482758621	0.44	0.6541353383458647	0.6946308724832215	0.8725490196078431	0.5424836601307189	0.673202614379085	0.5843373493975904	0.7556390977443609	0.7058823529411765	0.7619047619047619	0.696078431372549	0.7556390977443609	
0.562015503875969	0	0.4573643410852713	0.6317829457364341	0.2131782945736434	0.7848101265822784	0.8643410852713178	0.7170542635658915	0.8103448275862069	0.6821705426356589	0.29844961240310075	0.49557522123893805	0.7131782945736435	0.23563218390804597	0.4406779661016949	0.8372093023255814	0.6821705426356589	0.6511627906976745	0.8914728682170543	0.7209302325581395	0.7131782945736435	0.9689922480620154	0.84	0.8217054263565892	0.8410852713178295	0.9689922480620154	0.49224806201550386	0.8565891472868217	0.5421686746987951	0.872093023255814	0.4883720930232558	0.8449612403100775	0.4844961240310077	0.9108527131782945	
0.7086330935251799	0.4573643410852713	0	0.7014388489208633	0.43884892086330934	0.8544303797468354	0.9172661870503597	0.6294964028776978	0.5689655172413793	0.8489208633093526	0.381294964028777	0.43805309734513276	0.762589928057554	0.41954022988505746	0.2542372881355932	0.920863309352518	0.8489208633093526	0.8776978417266187	0.8633093525179856	0.6546762589928058	0.7769784172661871	0.9712230215827338	0.56	0.7218045112781954	0.8453237410071942	0.9712230215827338	0.7122302158273381	0.8597122302158273	0.19879518072289157	0.9624060150375939	0.5215827338129496	0.8237410071942446	0.5215827338129496	0.9135338345864662	
0.6470588235294118	0.6317829457364341	0.7014388489208633	0	0.6	0.8987341772151899	0.8838709677419355	0.7156862745098039	0.41379310344827586	0.852760736196319	0.6871165644171779	0.672566371681416	0.8282208588957055	0.6551724137931034	0.6949152542372882	0.9052287581699346	0.847682119205298	0.8404907975460123	0.8475177304964538	0.852760736196319	0.8220858895705522	0.9172413793103448	0.68	0.8796992481203008	0.8557046979865772	0.9117647058823529	0.7138728323699421	0.8619631901840491	0.608433734939759	0.8909774436090225	0.4723926380368098	0.8299319727891157	0.8028571428571428	0.868421052631579	
0.38562091503267976	0.2131782945736434	0.43884892086330934	0.6	0	0.7848101265822784	0.8612903225806452	0.7189542483660131	0.7586206896551724	0.6871165644171779	0.2668711656441718	0.38495575221238937	0.6319018404907976	0.0	0.2796610169491525	0.8366013071895425	0.6688741721854304	0.7852760736196319	0.8971631205673759	0.7116564417177914	0.6257668711656442	0.9724137931034482	0.58	0.7518796992481203	0.8355704697986577	0.9738562091503268	0.5260115606936416	0.7515337423312883	0.3433734939759036	0.8872180451127819	0.588957055214724	0.7687074829931972	0.52	0.8458646616541353	
0.6835443037974683	0.7848101265822784	0.8544303797468354	0.8987341772151899	0.7848101265822784	0	0.22784810126582278	0.8924050632911392	1.0	0.41139240506329117	0.5822784810126582	0.5822784810126582	0.6518987341772152	0.8037974683544303	0.8559322033898306	0.8354430379746836	0.5759493670886076	0.5379746835443038	0.7151898734177216	0.6835443037974683	0.5759493670886076	0.7468354430379747	0.72	0.6962025316455697	0.5569620253164557	0.7911392405063291	0.5316455696202531	0.3924050632911392	0.7468354430379747	0.9620253164556962	0.5822784810126582	0.9746835443037974	0.5886075949367089	0.9050632911392406	
0.6993464052287581	0.8643410852713178	0.9172661870503597	0.8838709677419355	0.8612903225806452	0.22784810126582278	0	0.9248366013071896	0.603448275862069	0.36774193548387096	0.7806451612903226	0.6991150442477876	0.49032258064516127	0.7701149425287356	0.8389830508474576	0.5261437908496732	0.4370860927152318	0.5096774193548387	0.3404255319148936	0.6290322580645161	0.45161290322580644	0.5586206896551724	0.72	0.41729323308270677	0.4161073825503356	0.5522875816993464	0.5870967741935483	0.22903225806451613	0.7590361445783133	0.8609022556390977	0.7225806451612903	0.9625850340136054	0.6774193548387096	0.5639097744360902	
0.8921568627450981	0.7170542635658915	0.6294964028776978	0.7156862745098039	0.7189542483660131	0.8924050632911392	0.9248366013071896	0	0.8448275862068966	0.8660130718954249	0.6601307189542484	0.7610619469026548	0.8202614379084967	0.8333333333333334	0.6694915254237288	0.8986928104575164	0.8642384105960265	0.8790849673202614	0.875886524822695	0.7058823529411765	0.8071895424836601	0.9586206896551724	0.56	0.7368421052631579	0.87248322147651	0.9607843137254902	0.8594771241830066	0.8790849673202614	0.572289156626506	0.9736842105263158	0.6862745098039216	0.9115646258503401	0.7647058823529411	0.9060150375939849	
0.5517241379310345	0.8103448275862069	0.5689655172413793	0.41379310344827586	0.7586206896551724	1.0	0.603448275862069	0.8448275862068966	0	0.7068965517241379	0.7586206896551724	1.0	0.7068965517241379	1.0	1.0	0.6379310344827587	0.7068965517241379	0.7068965517241379	0.603448275862069	1.0	0.7068965517241379	0.6896551724137931	1.0	0.896551724137931	0.7068965517241379	0.6379310344827587	0.603448275862069	0.7068965517241379	1.0	0.5	0.41379310344827586	0.896551724137931	0.603448275862069	0.7068965517241379	
0.5261437908496732	0.6821705426356589	0.8489208633093526	0.852760736196319	0.6871165644171779	0.41139240506329117	0.36774193548387096	0.8660130718954249	0.7068965517241379	0	0.6656441717791411	0.5619469026548672	0.147239263803681	0.4942528735632184	0.7711864406779662	0.4869281045751634	0.026490066225165563	0.22085889570552147	0.40425531914893614	0.44171779141104295	0.09202453987730061	0.8103448275862069	0.42	0.5300751879699248	0.2651006711409396	0.7973856209150327	0.4386503067484663	0.36503067484662577	0.6445783132530121	0.9172932330827067	0.6441717791411042	0.9455782312925171	0.7300613496932515	0.39849624060150374	
0.6568627450980392	0.29844961240310075	0.381294964028777	0.6871165644171779	0.2668711656441718	0.5822784810126582	0.7806451612903226	0.6601307189542484	0.7586206896551724	0.6656441717791411	0	0.0	0.7944785276073619	0.28160919540229884	0.0	0.8986928104575164	0.7251655629139073	0.8067484662576687	0.8297872340425532	0.46932515337423314	0.7576687116564417	0.9482758620689655	0.56	0.7443609022556391	0.674496644295302	0.9738562091503268	0.49693251533742333	0.8159509202453987	0.18072289156626506	0.8646616541353384	0.3558282208588957	0.8401360544217688	0.3558282208588957	0.8157894736842105	
0.6106194690265486	0.49557522123893805	0.43805309734513276	0.672566371681416	0.38495575221238937	0.5822784810126582	0.6991150442477876	0.7610619469026548	1.0	0.5619469026548672	0.0	0	0.7477876106194691	0.28160919540229884	0.0	0.8628318584070797	0.6769911504424779	0.7212389380530974	0.7876106194690266	0.37168141592920356	0.6946902654867256	0.9336283185840708	0.56	0.7831858407079646	0.6150442477876106	0.9646017699115044	0.3672566371681416	0.7787610619469026	0.18072289156626506	0.9247787610619469	0.19911504424778761	0.8539823008849557	0.3141592920353982	0.827433628318584	
0.4869281045751634	0.7131782945736435	0.762589928057554	0.8282208588957055	0.6319018404907976	0.6518987341772152	0.49032258064516127	0.8202614379084967	0.7068965517241379	0.147239263803681	0.7944785276073619	0.7477876106194691	0	0.4367816091954023	0.7711864406779662	0.5065359477124183	0.08609271523178808	0.294478527607362	0.41134751773049644	0.5460122699386503	0.0736196319018405	0.8310344827586207	0.4	0.4774436090225564	0.348993288590604	0.7973856209150327	0.549079754601227	0.34049079754601225	0.572289156626506	0.9398496240601504	0.7730061349693251	0.9013605442176871	0.8220858895705522	0.38345864661654133	
0.25287356321839083	0.23563218390804597	0.41954022988505746	0.6551724137931034	0.0	0.8037974683544303	0.7701149425287356	0.8333333333333334	1.0	0.4942528735632184	0.28160919540229884	0.28160919540229884	0.4367816091954023	0	0.2796610169491525	0.7126436781609196	0.4942528735632184	0.6149425287356322	0.8390804597701149	0.7011494252873564	0.4367816091954023	0.9540229885057471	0.68	0.7701149425287356	0.7816091954022989	0.9540229885057471	0.20689655172413793	0.6724137931034483	0.46987951807228917	0.9367816091954023	0.47701149425287354	0.7873563218390804	0.45977011494252873	0.8218390804597702	
0.4661016949152542	0.4406779661016949	0.2542372881355932	0.6949152542372882	0.2796610169491525	0.8559322033898306	0.8389830508474576	0.6694915254237288	1.0	0.7711864406779662	0.0	0.0	0.7711864406779662	0.2796610169491525	0	0.8135593220338984	0.7711864406779662	0.7966101694915254	0.7203389830508474	0.5254237288135594	0.7711864406779662	0.9322033898305084	1.0	0.7203389830508474	0.7033898305084746	0.9322033898305084	0.3220338983050847	0.8305084745762712	0.3389830508474576	0.9322033898305084	0.3050847457627119	0.8813559322033898	0.2966101694915254	0.8220338983050848	
0.6633986928104575	0.8372093023255814	0.920863309352518	0.9052287581699346	0.8366013071895425	0.8354430379746836	0.5261437908496732	0.8986928104575164	0.6379310344827587	0.4869281045751634	0.8986928104575164	0.8628318584070797	0.5065359477124183	0.7126436781609196	0.8135593220338984	0	0.5033112582781457	0.4934640522875817	0.6099290780141844	0.7156862745098039	0.5065359477124183	0.4862068965517241	0.98	0.6842105263157895	0.6375838926174496	0.5620915032679739	0.7254901960784313	0.5718954248366013	0.8614457831325302	0.9135338345864662	0.8431372549019608	0.9693877551020408	0.8398692810457516	0.6165413533834586	
0.5463576158940397	0.6821705426356589	0.8489208633093526	0.847682119205298	0.6688741721854304	0.5759493670886076	0.4370860927152318	0.8642384105960265	0.7068965517241379	0.026490066225165563	0.7251655629139073	0.6769911504424779	0.08609271523178808	0.4942528735632184	0.7711864406779662	0.5033112582781457	0	0.25165562913907286	0.40425531914893614	0.4768211920529801	0.09271523178807947	0.8344827586206897	0.74	0.5300751879699248	0.28187919463087246	0.7947019867549668	0.47019867549668876	0.3675496688741722	0.7409638554216867	0.9172932330827067	0.7019867549668874	0.9455782312925171	0.7549668874172185	0.39849624060150374	
0.5784313725490197	0.6511627906976745	0.8776978417266187	0.8404907975460123	0.7852760736196319	0.5379746835443038	0.5096774193548387	0.8790849673202614	0.7068965517241379	0.22085889570552147	0.8067484662576687	0.7212389380530974	0.294478527607362	0.6149425287356322	0.7966101694915254	0.4934640522875817	0.25165562913907286	0	0.49645390070921985	0.6012269938650306	0.2392638036809816	0.7413793103448276	0.54	0.6203007518796992	0.45302013422818793	0.7647058823529411	0.5797546012269938	0.48773006134969327	0.6927710843373494	0.9398496240601504	0.745398773006135	0.9659863945578231	0.8282208588957055	0.5338345864661654	
0.6843971631205674	0.8914728682170543	0.8633093525179856	0.8475177304964538	0.8971631205673759	0.7151898734177216	0.3404255319148936	0.875886524822695	0.603448275862069	0.40425531914893614	0.8297872340425532	0.7876106194690266	0.41134751773049644	0.8390804597701149	0.7203389830508474	0.6099290780141844	0.40425531914893614	0.49645390070921985	0	0.6028368794326241	0.41134751773049644	0.6773049645390071	0.74	0.19548872180451127	0.24822695035460993	0.6205673758865248	0.7872340425531915	0.46099290780141844	0.7710843373493976	0.9285714285714286	0.7836879432624113	0.9361702127659575	0.5354609929078015	0.39849624060150374	
0.8921568627450981	0.7209302325581395	0.6546762589928058	0.852760736196319	0.7116564417177914	0.6835443037974683	0.6290322580645161	0.7058823529411765	1.0	0.44171779141104295	0.46932515337423314	0.37168141592920356	0.5460122699386503	0.7011494252873564	0.5254237288135594	0.7156862745098039	0.4768211920529801	0.6012269938650306	0.6028368794326241	0	0.50920245398773	0.9310344827586207	0.56	0.5037593984962406	0.4563758389261745	0.9215686274509803	0.7085889570552147	0.598159509202454	0.39759036144578314	0.9398496240601504	0.6134969325153374	0.8979591836734694	0.5950920245398773	0.5150375939849624	
0.46078431372549017	0.7131782945736435	0.7769784172661871	0.8220858895705522	0.6257668711656442	0.5759493670886076	0.45161290322580644	0.8071895424836601	0.7068965517241379	0.09202453987730061	0.7576687116564417	0.6946902654867256	0.0736196319018405	0.4367816091954023	0.7711864406779662	0.5065359477124183	0.09271523178807947	0.2392638036809816	0.41134751773049644	0.50920245398773	0	0.8310344827586207	0.0	0.4774436090225564	0.34563758389261745	0.7973856209150327	0.5184049079754601	0.2852760736196319	0.463855421686747	0.9398496240601504	0.7361963190184049	0.9013605442176871	0.8220858895705522	0.38345864661654133	
0.8931034482758621	0.9689922480620154	0.9712230215827338	0.9172413793103448	0.9724137931034482	0.7468354430379747	0.5586206896551724	0.9586206896551724	0.6896551724137931	0.8103448275862069	0.9482758620689655	0.9336283185840708	0.8310344827586207	0.9540229885057471	0.9322033898305084	0.4862068965517241	0.8344827586206897	0.7413793103448276	0.6773049645390071	0.9310344827586207	0.8310344827586207	0	0.98	0.7593984962406015	0.7517241379310344	0.1	0.8620689655172413	0.6586206896551724	0.9457831325301205	0.9323308270676691	0.8896551724137931	0.993103448275862	0.8344827586206897	0.7894736842105263	
0.44	0.84	0.56	0.68	0.58	0.72	0.72	0.56	1.0	0.42	0.56	0.56	0.4	0.68	1.0	0.98	0.74	0.54	0.74	0.56	0.0	0.98	0	0.54	0.74	1.0	0.78	0.38	0.14	1.0	0.56	0.64	0.8	0.68	
0.6541353383458647	0.8217054263565892	0.7218045112781954	0.8796992481203008	0.7518796992481203	0.6962025316455697	0.41729323308270677	0.7368421052631579	0.896551724137931	0.5300751879699248	0.7443609022556391	0.7831858407079646	0.4774436090225564	0.7701149425287356	0.7203389830508474	0.6842105263157895	0.5300751879699248	0.6203007518796992	0.19548872180451127	0.5037593984962406	0.4774436090225564	0.7593984962406015	0.54	0	0.31203007518796994	0.7105263157894737	0.8872180451127819	0.5037593984962406	0.6686746987951807	0.9887218045112782	0.849624060150376	0.8609022556390977	0.5075187969924813	0.4849624060150376	
0.6946308724832215	0.8410852713178295	0.8453237410071942	0.8557046979865772	0.8355704697986577	0.5569620253164557	0.4161073825503356	0.87248322147651	0.7068965517241379	0.2651006711409396	0.674496644295302	0.6150442477876106	0.348993288590604	0.7816091954022989	0.7033898305084746	0.6375838926174496	0.28187919463087246	0.45302013422818793	0.24822695035460993	0.4563758389261745	0.34563758389261745	0.7517241379310344	0.74	0.31203007518796994	0	0.7248322147651006	0.6308724832214765	0.3053691275167785	0.7409638554216867	0.9172932330827067	0.697986577181208	0.9387755102040817	0.6208053691275168	0.24812030075187969	
0.8725490196078431	0.9689922480620154	0.9712230215827338	0.9117647058823529	0.9738562091503268	0.7911392405063291	0.5522875816993464	0.9607843137254902	0.6379310344827587	0.7973856209150327	0.9738562091503268	0.9646017699115044	0.7973856209150327	0.9540229885057471	0.9322033898305084	0.5620915032679739	0.7947019867549668	0.7647058823529411	0.6205673758865248	0.9215686274509803	0.7973856209150327	0.1	1.0	0.7105263157894737	0.7248322147651006	0	0.869281045751634	0.6339869281045751	0.9518072289156626	0.924812030075188	0.9084967320261438	0.9795918367346939	0.8464052287581699	0.7293233082706767	
0.5424836601307189	0.49224806201550386	0.7122302158273381	0.7138728323699421	0.5260115606936416	0.5316455696202531	0.5870967741935483	0.8594771241830066	0.603448275862069	0.4386503067484663	0.49693251533742333	0.3672566371681416	0.549079754601227	0.20689655172413793	0.3220338983050847	0.7254901960784313	0.47019867549668876	0.5797546012269938	0.7872340425531915	0.7085889570552147	0.5184049079754601	0.8620689655172413	0.78	0.8872180451127819	0.6308724832214765	0.869281045751634	0	0.588957055214724	0.572289156626506	0.8082706766917294	0.5	0.9523809523809523	0.6878612716763006	0.7255639097744361	
0.673202614379085	0.8565891472868217	0.8597122302158273	0.8619631901840491	0.7515337423312883	0.3924050632911392	0.22903225806451613	0.8790849673202614	0.7068965517241379	0.36503067484662577	0.8159509202453987	0.7787610619469026	0.34049079754601225	0.6724137931034483	0.8305084745762712	0.5718954248366013	0.3675496688741722	0.48773006134969327	0.46099290780141844	0.598159509202454	0.2852760736196319	0.6586206896551724	0.38	0.5037593984962406	0.3053691275167785	0.6339869281045751	0.588957055214724	0	0.6024096385542169	0.9097744360902256	0.803680981595092	0.9421768707482994	0.8466257668711656	0.4398496240601504	
0.5843373493975904	0.5421686746987951	0.19879518072289157	0.608433734939759	0.3433734939759036	0.7468354430379747	0.7590361445783133	0.572289156626506	1.0	0.6445783132530121	0.18072289156626506	0.18072289156626506	0.572289156626506	0.46987951807228917	0.3389830508474576	0.8614457831325302	0.7409638554216867	0.6927710843373494	0.7710843373493976	0.39759036144578314	0.463855421686747	0.9457831325301205	0.14	0.6686746987951807	0.7409638554216867	0.9518072289156626	0.572289156626506	0.6024096385542169	0	0.9939759036144579	0.19879518072289157	0.7228915662650602	0.463855421686747	0.8614457831325302	
0.7556390977443609	0.872093023255814	0.9624060150375939	0.8909774436090225	0.8872180451127819	0.9620253164556962	0.8609022556390977	0.9736842105263158	0.5	0.9172932330827067	0.8646616541353384	0.9247787610619469	0.9398496240601504	0.9367816091954023	0.9322033898305084	0.9135338345864662	0.9172932330827067	0.9398496240601504	0.9285714285714286	0.9398496240601504	0.9398496240601504	0.9323308270676691	1.0	0.9887218045112782	0.9172932330827067	0.924812030075188	0.8082706766917294	0.9097744360902256	0.9939759036144579	0	0.868421052631579	0.8646616541353384	0.8759398496240601	0.9360902255639098	
0.7058823529411765	0.4883720930232558	0.5215827338129496	0.4723926380368098	0.588957055214724	0.5822784810126582	0.7225806451612903	0.6862745098039216	0.41379310344827586	0.6441717791411042	0.3558282208588957	0.19911504424778761	0.7730061349693251	0.47701149425287354	0.3050847457627119	0.8431372549019608	0.7019867549668874	0.745398773006135	0.7836879432624113	0.6134969325153374	0.7361963190184049	0.8896551724137931	0.56	0.849624060150376	0.697986577181208	0.9084967320261438	0.5	0.803680981595092	0.19879518072289157	0.868421052631579	0	0.8707482993197279	0.6042944785276073	0.8383458646616542	
0.7619047619047619	0.8449612403100775	0.8237410071942446	0.8299319727891157	0.7687074829931972	0.9746835443037974	0.9625850340136054	0.9115646258503401	0.896551724137931	0.9455782312925171	0.8401360544217688	0.8539823008849557	0.9013605442176871	0.7873563218390804	0.8813559322033898	0.9693877551020408	0.9455782312925171	0.9659863945578231	0.9361702127659575	0.8979591836734694	0.9013605442176871	0.993103448275862	0.64	0.8609022556390977	0.9387755102040817	0.9795918367346939	0.9523809523809523	0.9421768707482994	0.7228915662650602	0.8646616541353384	0.8707482993197279	0	0.8163265306122449	0.9398496240601504	
0.696078431372549	0.4844961240310077	0.5215827338129496	0.8028571428571428	0.52	0.5886075949367089	0.6774193548387096	0.7647058823529411	0.603448275862069	0.7300613496932515	0.3558282208588957	0.3141592920353982	0.8220858895705522	0.45977011494252873	0.2966101694915254	0.8398692810457516	0.7549668874172185	0.8282208588957055	0.5354609929078015	0.5950920245398773	0.8220858895705522	0.8344827586206897	0.8	0.5075187969924813	0.6208053691275168	0.8464052287581699	0.6878612716763006	0.8466257668711656	0.463855421686747	0.8759398496240601	0.6042944785276073	0.8163265306122449	0	0.7894736842105263	
0.7556390977443609	0.9108527131782945	0.9135338345864662	0.868421052631579	0.8458646616541353	0.9050632911392406	0.5639097744360902	0.9060150375939849	0.7068965517241379	0.39849624060150374	0.8157894736842105	0.827433628318584	0.38345864661654133	0.8218390804597702	0.8220338983050848	0.6165413533834586	0.39849624060150374	0.5338345864661654	0.39849624060150374	0.5150375939849624	0.38345864661654133	0.7894736842105263	0.68	0.4849624060150376	0.24812030075187969	0.7293233082706767	0.7255639097744361	0.4398496240601504	0.8614457831325302	0.9360902255639098	0.8383458646616542	0.9398496240601504	0.7894736842105263	0	
