0	0.5952380952380952	0.21428571428571427	0.21428571428571427	0.4528301886792453	0.35714285714285715	0.35714285714285715	0.21428571428571427	0.21428571428571427	0.35714285714285715	0.3888888888888889	0.26744186046511625	0.35714285714285715	0.21428571428571427	0.5714285714285714	0.35714285714285715	0.7571428571428571	0.35714285714285715	0.42857142857142855	0.35714285714285715	0.35714285714285715	0.35714285714285715	0.23684210526315788	0.35714285714285715	0.21428571428571427	0.21428571428571427	0.35714285714285715	0.5476190476190477	0.4672131147540984	0.5294117647058824	0.38095238095238093	0.35714285714285715	0.35714285714285715	0.6111111111111112	
0.5952380952380952	0	0.753968253968254	0.753968253968254	0.8113207547169812	0.7857142857142857	0.7857142857142857	0.753968253968254	0.753968253968254	0.7857142857142857	0.7857142857142857	0.8372093023255814	0.7857142857142857	0.753968253968254	0.7301587301587301	0.7857142857142857	0.9428571428571428	0.7857142857142857	0.6984126984126984	0.7857142857142857	0.7857142857142857	0.7857142857142857	0.7807017543859649	0.7857142857142857	0.753968253968254	0.753968253968254	0.7857142857142857	0.6666666666666666	0.8442622950819673	0.11764705882352941	0.8809523809523809	0.7857142857142857	0.7857142857142857	0.6666666666666666	
0.21428571428571427	0.753968253968254	0	0.0	0.29245283018867924	0.23846153846153847	0.23809523809523808	0.0	0.0	0.23846153846153847	0.24603174603174602	0.2441860465116279	0.23809523809523808	0.0	0.5076923076923077	0.23846153846153847	0.6428571428571429	0.23846153846153847	0.2692307692307692	0.23846153846153847	0.23809523809523808	0.23846153846153847	0.0	0.20666666666666667	0.0	0.0	0.20666666666666667	0.5	0.2540983606557377	0.5294117647058824	0.16153846153846155	0.20666666666666667	0.23846153846153847	0.4846153846153846	
0.21428571428571427	0.753968253968254	0.0	0	0.29245283018867924	0.23846153846153847	0.23809523809523808	0.0	0.0	0.23846153846153847	0.24603174603174602	0.2441860465116279	0.23809523809523808	0.0	0.5076923076923077	0.23846153846153847	0.6428571428571429	0.23846153846153847	0.2692307692307692	0.23846153846153847	0.23809523809523808	0.23846153846153847	0.0	0.23846153846153847	0.0	0.0	0.23846153846153847	0.5	0.2540983606557377	0.5294117647058824	0.16153846153846155	0.23846153846153847	0.23846153846153847	0.4846153846153846	
0.4528301886792453	0.8113207547169812	0.29245283018867924	0.29245283018867924	0	0.3490566037735849	0.3490566037735849	0.29245283018867924	0.29245283018867924	0.3490566037735849	0.32075471698113206	0.5232558139534884	0.3490566037735849	0.29245283018867924	0.6415094339622641	0.3490566037735849	0.6571428571428571	0.3490566037735849	0.5849056603773585	0.3490566037735849	0.3490566037735849	0.3490566037735849	0.29245283018867924	0.3490566037735849	0.29245283018867924	0.29245283018867924	0.3490566037735849	0.6509433962264151	0.4811320754716981	0.5294117647058824	0.41509433962264153	0.3490566037735849	0.3490566037735849	0.5566037735849056	
0.35714285714285715	0.7857142857142857	0.23846153846153847	0.23846153846153847	0.3490566037735849	0	0.0	0.23809523809523808	0.23846153846153847	0.0	0.2698412698412698	0.38372093023255816	0.0	0.23846153846153847	0.2692307692307692	0.0	0.35714285714285715	0.0	0.5076923076923077	0.0	0.0	0.0	0.2631578947368421	0.0	0.23846153846153847	0.23846153846153847	0.0	0.5793650793650794	0.4344262295081967	0.5294117647058824	0.4	0.0	0.0	0.2692307692307692	
0.35714285714285715	0.7857142857142857	0.23809523809523808	0.23809523809523808	0.3490566037735849	0.0	0	0.23809523809523808	0.23809523809523808	0.0	0.2698412698412698	0.38372093023255816	0.0	0.23809523809523808	0.2698412698412698	0.0	0.35714285714285715	0.0	0.5079365079365079	0.0	0.0	0.0	0.2631578947368421	0.0	0.23809523809523808	0.23809523809523808	0.0	0.5793650793650794	0.4344262295081967	0.5294117647058824	0.40476190476190477	0.0	0.0	0.2777777777777778	
0.21428571428571427	0.753968253968254	0.0	0.0	0.29245283018867924	0.23809523809523808	0.23809523809523808	0	0.0	0.23809523809523808	0.24603174603174602	0.2441860465116279	0.23809523809523808	0.0	0.5079365079365079	0.23809523809523808	0.6428571428571429	0.23809523809523808	0.2698412698412698	0.23809523809523808	0.23809523809523808	0.23809523809523808	0.0	0.23809523809523808	0.0	0.0	0.23809523809523808	0.5	0.2540983606557377	0.5294117647058824	0.16666666666666666	0.23809523809523808	0.23809523809523808	0.49206349206349204	
0.21428571428571427	0.753968253968254	0.0	0.0	0.29245283018867924	0.23846153846153847	0.23809523809523808	0.0	0	0.23846153846153847	0.24603174603174602	0.2441860465116279	0.23809523809523808	0.0	0.5076923076923077	0.23846153846153847	0.6428571428571429	0.23846153846153847	0.2692307692307692	0.23846153846153847	0.23809523809523808	0.23846153846153847	0.0	0.23846153846153847	0.0	0.0	0.23846153846153847	0.5	0.2540983606557377	0.5294117647058824	0.16153846153846155	0.23846153846153847	0.23846153846153847	0.4846153846153846	
0.35714285714285715	0.7857142857142857	0.23846153846153847	0.23846153846153847	0.3490566037735849	0.0	0.0	0.23809523809523808	0.23846153846153847	0	0.2698412698412698	0.38372093023255816	0.0	0.23846153846153847	0.2692307692307692	0.0	0.35714285714285715	0.0	0.5076923076923077	0.0	0.0	0.0	0.2631578947368421	0.0	0.23846153846153847	0.23846153846153847	0.0	0.5793650793650794	0.4344262295081967	0.5294117647058824	0.4	0.0	0.0	0.2692307692307692	
0.3888888888888889	0.7857142857142857	0.24603174603174602	0.24603174603174602	0.32075471698113206	0.2698412698412698	0.2698412698412698	0.24603174603174602	0.24603174603174602	0.2698412698412698	0	0.43023255813953487	0.2698412698412698	0.24603174603174602	0.5396825396825397	0.2698412698412698	0.6571428571428571	0.2698412698412698	0.5158730158730159	0.2698412698412698	0.2698412698412698	0.2698412698412698	0.2719298245614035	0.2698412698412698	0.24603174603174602	0.24603174603174602	0.2698412698412698	0.5873015873015873	0.4344262295081967	0.5294117647058824	0.4126984126984127	0.2698412698412698	0.2698412698412698	0.5	
0.26744186046511625	0.8372093023255814	0.2441860465116279	0.2441860465116279	0.5232558139534884	0.38372093023255816	0.38372093023255816	0.2441860465116279	0.2441860465116279	0.38372093023255816	0.43023255813953487	0	0.38372093023255816	0.2441860465116279	0.6511627906976745	0.38372093023255816	0.8142857142857143	0.38372093023255816	0.5116279069767442	0.38372093023255816	0.38372093023255816	0.38372093023255816	0.29069767441860467	0.38372093023255816	0.2441860465116279	0.2441860465116279	0.38372093023255816	0.6744186046511628	0.5465116279069767	0.5294117647058824	0.0	0.38372093023255816	0.38372093023255816	0.6744186046511628	
0.35714285714285715	0.7857142857142857	0.23809523809523808	0.23809523809523808	0.3490566037735849	0.0	0.0	0.23809523809523808	0.23809523809523808	0.0	0.2698412698412698	0.38372093023255816	0	0.23809523809523808	0.2698412698412698	0.0	0.35714285714285715	0.0	0.5079365079365079	0.0	0.0	0.0	0.2631578947368421	0.0	0.23809523809523808	0.23809523809523808	0.0	0.5793650793650794	0.4344262295081967	0.5294117647058824	0.40476190476190477	0.0	0.0	0.2777777777777778	
0.21428571428571427	0.753968253968254	0.0	0.0	0.29245283018867924	0.23846153846153847	0.23809523809523808	0.0	0.0	0.23846153846153847	0.24603174603174602	0.2441860465116279	0.23809523809523808	0	0.5076923076923077	0.23846153846153847	0.6428571428571429	0.23846153846153847	0.2692307692307692	0.23846153846153847	0.23809523809523808	0.23846153846153847	0.0	0.23846153846153847	0.0	0.0	0.23846153846153847	0.5	0.2540983606557377	0.5294117647058824	0.16153846153846155	0.23846153846153847	0.23846153846153847	0.4846153846153846	
0.5714285714285714	0.7301587301587301	0.5076923076923077	0.5076923076923077	0.6415094339622641	0.2692307692307692	0.2698412698412698	0.5079365079365079	0.5076923076923077	0.2692307692307692	0.5396825396825397	0.6511627906976745	0.2698412698412698	0.5076923076923077	0	0.2692307692307692	0.5285714285714286	0.2692307692307692	0.23846153846153847	0.2692307692307692	0.2698412698412698	0.2692307692307692	0.543859649122807	0.2692307692307692	0.5076923076923077	0.5076923076923077	0.2692307692307692	0.7063492063492064	0.639344262295082	0.0	0.6307692307692307	0.2692307692307692	0.2692307692307692	0.46923076923076923	
0.35714285714285715	0.7857142857142857	0.23846153846153847	0.23846153846153847	0.3490566037735849	0.0	0.0	0.23809523809523808	0.23846153846153847	0.0	0.2698412698412698	0.38372093023255816	0.0	0.23846153846153847	0.2692307692307692	0	0.35714285714285715	0.0	0.5076923076923077	0.0	0.0	0.0	0.2631578947368421	0.0	0.23846153846153847	0.23846153846153847	0.0	0.5793650793650794	0.4344262295081967	0.5294117647058824	0.4	0.0	0.0	0.2692307692307692	
0.7571428571428571	0.9428571428571428	0.6428571428571429	0.6428571428571429	0.6571428571428571	0.35714285714285715	0.35714285714285715	0.6428571428571429	0.6428571428571429	0.35714285714285715	0.6571428571428571	0.8142857142857143	0.35714285714285715	0.6428571428571429	0.5285714285714286	0.35714285714285715	0	0.35714285714285715	0.8142857142857143	0.35714285714285715	0.35714285714285715	0.35714285714285715	0.6428571428571429	0.35714285714285715	0.6428571428571429	0.6428571428571429	0.35714285714285715	0.8285714285714286	0.8	0.7647058823529411	0.6428571428571429	0.35714285714285715	0.35714285714285715	0.4857142857142857	
0.35714285714285715	0.7857142857142857	0.23846153846153847	0.23846153846153847	0.3490566037735849	0.0	0.0	0.23809523809523808	0.23846153846153847	0.0	0.2698412698412698	0.38372093023255816	0.0	0.23846153846153847	0.2692307692307692	0.0	0.35714285714285715	0	0.5076923076923077	0.0	0.0	0.0	0.2631578947368421	0.0	0.23846153846153847	0.23846153846153847	0.0	0.5793650793650794	0.4344262295081967	0.5294117647058824	0.4	0.0	0.0	0.2692307692307692	
0.42857142857142855	0.6984126984126984	0.2692307692307692	0.2692307692307692	0.5849056603773585	0.5076923076923077	0.5079365079365079	0.2698412698412698	0.2692307692307692	0.5076923076923077	0.5158730158730159	0.5116279069767442	0.5079365079365079	0.2692307692307692	0.23846153846153847	0.5076923076923077	0.8142857142857143	0.5076923076923077	0	0.5076923076923077	0.5079365079365079	0.5076923076923077	0.2807017543859649	0.5076923076923077	0.2692307692307692	0.2692307692307692	0.5076923076923077	0.626984126984127	0.45901639344262296	0.0	0.3923076923076923	0.5076923076923077	0.5076923076923077	0.6846153846153846	
0.35714285714285715	0.7857142857142857	0.23846153846153847	0.23846153846153847	0.3490566037735849	0.0	0.0	0.23809523809523808	0.23846153846153847	0.0	0.2698412698412698	0.38372093023255816	0.0	0.23846153846153847	0.2692307692307692	0.0	0.35714285714285715	0.0	0.5076923076923077	0	0.0	0.0	0.2631578947368421	0.0	0.23846153846153847	0.23846153846153847	0.0	0.5793650793650794	0.4344262295081967	0.5294117647058824	0.4	0.0	0.0	0.2692307692307692	
0.35714285714285715	0.7857142857142857	0.23809523809523808	0.23809523809523808	0.3490566037735849	0.0	0.0	0.23809523809523808	0.23809523809523808	0.0	0.2698412698412698	0.38372093023255816	0.0	0.23809523809523808	0.2698412698412698	0.0	0.35714285714285715	0.0	0.5079365079365079	0.0	0	0.0	0.2631578947368421	0.0	0.23809523809523808	0.23809523809523808	0.0	0.5793650793650794	0.4344262295081967	0.5294117647058824	0.40476190476190477	0.0	0.0	0.2777777777777778	
0.35714285714285715	0.7857142857142857	0.23846153846153847	0.23846153846153847	0.3490566037735849	0.0	0.0	0.23809523809523808	0.23846153846153847	0.0	0.2698412698412698	0.38372093023255816	0.0	0.23846153846153847	0.2692307692307692	0.0	0.35714285714285715	0.0	0.5076923076923077	0.0	0.0	0	0.2631578947368421	0.0	0.23846153846153847	0.23846153846153847	0.0	0.5793650793650794	0.4344262295081967	0.5294117647058824	0.4	0.0	0.0	0.2692307692307692	
0.23684210526315788	0.7807017543859649	0.0	0.0	0.29245283018867924	0.2631578947368421	0.2631578947368421	0.0	0.0	0.2631578947368421	0.2719298245614035	0.29069767441860467	0.2631578947368421	0.0	0.543859649122807	0.2631578947368421	0.6428571428571429	0.2631578947368421	0.2807017543859649	0.2631578947368421	0.2631578947368421	0.2631578947368421	0	0.2631578947368421	0.0	0.0	0.2631578947368421	0.5350877192982456	0.2894736842105263	0.5294117647058824	0.11403508771929824	0.2631578947368421	0.2631578947368421	0.5263157894736842	
0.35714285714285715	0.7857142857142857	0.20666666666666667	0.23846153846153847	0.3490566037735849	0.0	0.0	0.23809523809523808	0.23846153846153847	0.0	0.2698412698412698	0.38372093023255816	0.0	0.23846153846153847	0.2692307692307692	0.0	0.35714285714285715	0.0	0.5076923076923077	0.0	0.0	0.0	0.2631578947368421	0	0.23846153846153847	0.23846153846153847	0.0	0.5793650793650794	0.4344262295081967	0.5294117647058824	0.4	0.0	0.0	0.2692307692307692	
0.21428571428571427	0.753968253968254	0.0	0.0	0.29245283018867924	0.23846153846153847	0.23809523809523808	0.0	0.0	0.23846153846153847	0.24603174603174602	0.2441860465116279	0.23809523809523808	0.0	0.5076923076923077	0.23846153846153847	0.6428571428571429	0.23846153846153847	0.2692307692307692	0.23846153846153847	0.23809523809523808	0.23846153846153847	0.0	0.23846153846153847	0	0.0	0.23846153846153847	0.5	0.2540983606557377	0.5294117647058824	0.16153846153846155	0.23846153846153847	0.23846153846153847	0.4846153846153846	
0.21428571428571427	0.753968253968254	0.0	0.0	0.29245283018867924	0.23846153846153847	0.23809523809523808	0.0	0.0	0.23846153846153847	0.24603174603174602	0.2441860465116279	0.23809523809523808	0.0	0.5076923076923077	0.23846153846153847	0.6428571428571429	0.23846153846153847	0.2692307692307692	0.23846153846153847	0.23809523809523808	0.23846153846153847	0.0	0.23846153846153847	0.0	0	0.23846153846153847	0.5	0.2540983606557377	0.5294117647058824	0.16153846153846155	0.23846153846153847	0.23846153846153847	0.4846153846153846	
0.35714285714285715	0.7857142857142857	0.20666666666666667	0.23846153846153847	0.3490566037735849	0.0	0.0	0.23809523809523808	0.23846153846153847	0.0	0.2698412698412698	0.38372093023255816	0.0	0.23846153846153847	0.2692307692307692	0.0	0.35714285714285715	0.0	0.5076923076923077	0.0	0.0	0.0	0.2631578947368421	0.0	0.23846153846153847	0.23846153846153847	0	0.5793650793650794	0.4344262295081967	0.5294117647058824	0.4	0.0	0.0	0.2692307692307692	
0.5476190476190477	0.6666666666666666	0.5	0.5	0.6509433962264151	0.5793650793650794	0.5793650793650794	0.5	0.5	0.5793650793650794	0.5873015873015873	0.6744186046511628	0.5793650793650794	0.5	0.7063492063492064	0.5793650793650794	0.8285714285714286	0.5793650793650794	0.626984126984127	0.5793650793650794	0.5793650793650794	0.5793650793650794	0.5350877192982456	0.5793650793650794	0.5	0.5	0.5793650793650794	0	0.7622950819672131	0.5294117647058824	0.6666666666666666	0.5793650793650794	0.5793650793650794	0.3253968253968254	
0.4672131147540984	0.8442622950819673	0.2540983606557377	0.2540983606557377	0.4811320754716981	0.4344262295081967	0.4344262295081967	0.2540983606557377	0.2540983606557377	0.4344262295081967	0.4344262295081967	0.5465116279069767	0.4344262295081967	0.2540983606557377	0.639344262295082	0.4344262295081967	0.8	0.4344262295081967	0.45901639344262296	0.4344262295081967	0.4344262295081967	0.4344262295081967	0.2894736842105263	0.4344262295081967	0.2540983606557377	0.2540983606557377	0.4344262295081967	0.7622950819672131	0	1.0	0.4180327868852459	0.4344262295081967	0.4344262295081967	0.6885245901639344	
0.5294117647058824	0.11764705882352941	0.5294117647058824	0.5294117647058824	0.5294117647058824	0.5294117647058824	0.5294117647058824	0.5294117647058824	0.5294117647058824	0.5294117647058824	0.5294117647058824	0.5294117647058824	0.5294117647058824	0.5294117647058824	0.0	0.5294117647058824	0.7647058823529411	0.5294117647058824	0.0	0.5294117647058824	0.5294117647058824	0.5294117647058824	0.5294117647058824	0.5294117647058824	0.5294117647058824	0.5294117647058824	0.5294117647058824	0.5294117647058824	1.0	0	0.5294117647058824	0.5294117647058824	0.5294117647058824	0.5294117647058824	
0.38095238095238093	0.8809523809523809	0.16153846153846155	0.16153846153846155	0.41509433962264153	0.4	0.40476190476190477	0.16666666666666666	0.16153846153846155	0.4	0.4126984126984127	0.0	0.40476190476190477	0.16153846153846155	0.6307692307692307	0.4	0.6428571428571429	0.4	0.3923076923076923	0.4	0.40476190476190477	0.4	0.11403508771929824	0.4	0.16153846153846155	0.16153846153846155	0.4	0.6666666666666666	0.4180327868852459	0.5294117647058824	0	0.4	0.4	0.6461538461538462	
0.35714285714285715	0.7857142857142857	0.20666666666666667	0.23846153846153847	0.3490566037735849	0.0	0.0	0.23809523809523808	0.23846153846153847	0.0	0.2698412698412698	0.38372093023255816	0.0	0.23846153846153847	0.2692307692307692	0.0	0.35714285714285715	0.0	0.5076923076923077	0.0	0.0	0.0	0.2631578947368421	0.0	0.23846153846153847	0.23846153846153847	0.0	0.5793650793650794	0.4344262295081967	0.5294117647058824	0.4	0	0.0	0.2692307692307692	
0.35714285714285715	0.7857142857142857	0.23846153846153847	0.23846153846153847	0.3490566037735849	0.0	0.0	0.23809523809523808	0.23846153846153847	0.0	0.2698412698412698	0.38372093023255816	0.0	0.23846153846153847	0.2692307692307692	0.0	0.35714285714285715	0.0	0.5076923076923077	0.0	0.0	0.0	0.2631578947368421	0.0	0.23846153846153847	0.23846153846153847	0.0	0.5793650793650794	0.4344262295081967	0.5294117647058824	0.4	0.0	0	0.2692307692307692	
0.6111111111111112	0.6666666666666666	0.4846153846153846	0.4846153846153846	0.5566037735849056	0.2692307692307692	0.2777777777777778	0.49206349206349204	0.4846153846153846	0.2692307692307692	0.5	0.6744186046511628	0.2777777777777778	0.4846153846153846	0.46923076923076923	0.2692307692307692	0.4857142857142857	0.2692307692307692	0.6846153846153846	0.2692307692307692	0.2777777777777778	0.2692307692307692	0.5263157894736842	0.2692307692307692	0.4846153846153846	0.4846153846153846	0.2692307692307692	0.3253968253968254	0.6885245901639344	0.5294117647058824	0.6461538461538462	0.2692307692307692	0.2692307692307692	0	
