0	0.8811274509803921	0.9350490196078431	0.8815426997245179	0.9412955465587044	0.8697478991596639	0.9106280193236715	1.0	0.875	0.8828828828828829	0.91005291005291	0.8973429951690821	0.9094202898550725	0.9431216931216931	1.0	0.9070048309178744	0.9285714285714286	1.0	1.0	0.8902116402116402	0.8961988304093568	0.8918918918918919	0.9240506329113924	0.9094202898550725	0.8859649122807017	0.8660714285714286	0.9078282828282829	0.8958333333333334	1.0	1.0	1.0	0.9157509157509157	0.9078282828282829	0.8604651162790697	
0.8811274509803921	0	0.9399509803921569	0.8347107438016529	0.8906882591093117	0.8109243697478992	0.8468137254901961	1.0	0.8298969072164949	0.8753753753753754	0.8703703703703703	0.8737745098039216	0.866421568627451	0.9126984126984127	1.0	0.8737745098039216	0.8586309523809523	1.0	1.0	0.8875661375661376	0.8552631578947368	0.8363363363363363	0.869198312236287	0.8786764705882353	0.8583959899749374	0.8318452380952381	0.8661616161616161	0.8288690476190477	1.0	1.0	1.0	0.9102564102564102	0.8661616161616161	0.8158914728682171	
0.9350490196078431	0.9399509803921569	0	0.9393939393939394	0.9412955465587044	0.9257703081232493	0.9117647058823529	1.0	0.9291237113402062	0.9564564564564565	0.9351851851851852	0.9227941176470589	0.9387254901960784	0.951058201058201	1.0	0.9399509803921569	0.9047619047619048	1.0	1.0	0.9417989417989417	0.8991228070175439	0.9294294294294294	0.9345991561181435	0.9387254901960784	0.9461152882205514	0.9345238095238095	0.9368686868686869	0.9419642857142857	1.0	1.0	1.0	0.9212454212454212	0.9368686868686869	0.9244186046511628	
0.8815426997245179	0.8347107438016529	0.9393939393939394	0	0.8906882591093117	0.8221288515406162	0.8264462809917356	1.0	0.8911845730027548	0.9009009009009009	0.8746556473829201	0.8402203856749312	0.8553719008264463	0.8966942148760331	1.0	0.8512396694214877	0.8422619047619048	1.0	1.0	0.8842975206611571	0.8669590643274854	0.8468468468468469	0.8270042194092827	0.8402203856749312	0.8140495867768595	0.8110119047619048	0.8567493112947658	0.7976190476190477	1.0	1.0	1.0	0.8974358974358975	0.8567493112947658	0.7655038759689923	
0.9412955465587044	0.8906882591093117	0.9412955465587044	0.8906882591093117	0	0.868421052631579	0.9190283400809717	1.0	0.9089068825910931	0.9392712550607287	0.9655870445344129	0.9595141700404858	0.9595141700404858	0.9676113360323887	1.0	0.9554655870445344	0.9190283400809717	1.0	1.0	0.9655870445344129	0.9635627530364372	0.9696356275303644	0.9556962025316456	0.9574898785425101	0.9412955465587044	0.9493927125506073	0.9574898785425101	0.9008097165991903	1.0	1.0	1.0	0.888663967611336	0.9574898785425101	0.9493927125506073	
0.8697478991596639	0.8109243697478992	0.9257703081232493	0.8221288515406162	0.868421052631579	0	0.8207282913165266	1.0	0.8795518207282913	0.9129129129129129	0.8599439775910365	0.8515406162464986	0.8473389355742297	0.8935574229691877	1.0	0.84593837535014	0.8363095238095238	1.0	1.0	0.865546218487395	0.8464912280701754	0.8423423423423423	0.8185654008438819	0.8263305322128851	0.8081232492997199	0.7842261904761905	0.8333333333333334	0.8348214285714286	1.0	1.0	1.0	0.8864468864468864	0.8333333333333334	0.7926356589147286	
0.9106280193236715	0.8468137254901961	0.9117647058823529	0.8264462809917356	0.9190283400809717	0.8207282913165266	0	1.0	0.8685567010309279	0.9069069069069069	0.8082010582010583	0.8285024154589372	0.748792270531401	0.8716931216931217	1.0	0.8176328502415459	0.6770833333333334	1.0	1.0	0.8478835978835979	0.6593567251461988	0.7867867867867868	0.7805907172995781	0.8079710144927537	0.793233082706767	0.7202380952380952	0.7992424242424242	0.7976190476190477	1.0	1.0	1.0	0.9157509157509157	0.7992424242424242	0.7984496124031008	
1.0	1.0	1.0	1.0	1.0	1.0	1.0	0	1.0	1.0	1.0	1.0	1.0	1.0	1.0	1.0	1.0	1.0	0.9615384615384616	1.0	1.0	1.0	1.0	1.0	1.0	1.0	1.0	1.0	1.0	1.0	1.0	1.0	1.0	1.0	
0.875	0.8298969072164949	0.9291237113402062	0.8911845730027548	0.9089068825910931	0.8795518207282913	0.8685567010309279	1.0	0	0.93993993993994	0.8743386243386243	0.8634020618556701	0.8698453608247423	0.9126984126984127	1.0	0.8505154639175257	0.8898809523809523	1.0	1.0	0.8650793650793651	0.8859649122807017	0.8333333333333334	0.9113924050632911	0.8737113402061856	0.9020618556701031	0.8898809523809523	0.9085051546391752	0.8854166666666666	1.0	1.0	1.0	0.8681318681318682	0.9085051546391752	0.9127906976744186	
0.8828828828828829	0.8753753753753754	0.9564564564564565	0.9009009009009009	0.9392712550607287	0.9129129129129129	0.9069069069069069	1.0	0.93993993993994	0	0.9279279279279279	0.9414414414414415	0.9099099099099099	0.960960960960961	1.0	0.8963963963963963	0.9324324324324325	1.0	1.0	0.9234234234234234	0.9459459459459459	0.9024024024024024	0.919831223628692	0.9129129129129129	0.8963963963963963	0.918918918918919	0.9264264264264265	0.9144144144144144	1.0	1.0	1.0	0.8681318681318682	0.9264264264264265	0.8507751937984496	
0.91005291005291	0.8703703703703703	0.9351851851851852	0.8746556473829201	0.9655870445344129	0.8599439775910365	0.8082010582010583	1.0	0.8743386243386243	0.9279279279279279	0	0.7354497354497355	0.783068783068783	0.7962962962962963	1.0	0.7394179894179894	0.8363095238095238	1.0	1.0	0.8346560846560847	0.7821637426900585	0.7102102102102102	0.7974683544303798	0.7857142857142857	0.8082010582010583	0.8050595238095238	0.8293650793650794	0.8497023809523809	1.0	1.0	1.0	0.9322344322344323	0.8293650793650794	0.8333333333333334	
0.8973429951690821	0.8737745098039216	0.9227941176470589	0.8402203856749312	0.9595141700404858	0.8515406162464986	0.8285024154589372	1.0	0.8634020618556701	0.9414414414414415	0.7354497354497355	0	0.7801932367149759	0.7936507936507936	1.0	0.7934782608695652	0.8363095238095238	1.0	1.0	0.8214285714285714	0.7880116959064327	0.7702702702702703	0.7510548523206751	0.7789855072463768	0.793233082706767	0.7991071428571429	0.8345959595959596	0.8630952380952381	1.0	1.0	1.0	0.8827838827838828	0.8345959595959596	0.8430232558139535	
0.9094202898550725	0.866421568627451	0.9387254901960784	0.8553719008264463	0.9595141700404858	0.8473389355742297	0.748792270531401	1.0	0.8698453608247423	0.9099099099099099	0.783068783068783	0.7801932367149759	0	0.8465608465608465	1.0	0.7958937198067633	0.7767857142857143	1.0	1.0	0.8029100529100529	0.7339181286549707	0.7627627627627628	0.7383966244725738	0.7536231884057971	0.7944862155388471	0.7604166666666666	0.8017676767676768	0.84375	1.0	1.0	1.0	0.9230769230769231	0.8017676767676768	0.8062015503875969	
0.9431216931216931	0.9126984126984127	0.951058201058201	0.8966942148760331	0.9676113360323887	0.8935574229691877	0.8716931216931217	1.0	0.9126984126984127	0.960960960960961	0.7962962962962963	0.7936507936507936	0.8465608465608465	0	1.0	0.8412698412698413	0.8705357142857143	1.0	1.0	0.8597883597883598	0.8508771929824561	0.8333333333333334	0.8438818565400844	0.8452380952380952	0.8677248677248677	0.8660714285714286	0.8677248677248677	0.8794642857142857	1.0	1.0	1.0	0.9413919413919414	0.8677248677248677	0.8565891472868217	
1.0	1.0	1.0	1.0	1.0	1.0	1.0	1.0	1.0	1.0	1.0	1.0	1.0	1.0	0	1.0	1.0	1.0	1.0	1.0	1.0	1.0	1.0	1.0	1.0	1.0	1.0	1.0	1.0	1.0	1.0	1.0	1.0	1.0	
0.9070048309178744	0.8737745098039216	0.9399509803921569	0.8512396694214877	0.9554655870445344	0.84593837535014	0.8176328502415459	1.0	0.8505154639175257	0.8963963963963963	0.7394179894179894	0.7934782608695652	0.7958937198067633	0.8412698412698413	1.0	0	0.8184523809523809	1.0	1.0	0.8267195767195767	0.7982456140350878	0.6696696696696697	0.7805907172995781	0.7946859903381642	0.8195488721804511	0.7916666666666666	0.8181818181818182	0.8571428571428571	1.0	1.0	1.0	0.9285714285714286	0.8181818181818182	0.8081395348837209	
0.9285714285714286	0.8586309523809523	0.9047619047619048	0.8422619047619048	0.9190283400809717	0.8363095238095238	0.6770833333333334	1.0	0.8898809523809523	0.9324324324324325	0.8363095238095238	0.8363095238095238	0.7767857142857143	0.8705357142857143	1.0	0.8184523809523809	0	1.0	1.0	0.8958333333333334	0.27380952380952384	0.8393393393393394	0.759493670886076	0.8273809523809523	0.8184523809523809	0.8065476190476191	0.7857142857142857	0.8377976190476191	1.0	1.0	1.0	0.9120879120879121	0.7857142857142857	0.810077519379845	
1.0	1.0	1.0	1.0	1.0	1.0	1.0	1.0	1.0	1.0	1.0	1.0	1.0	1.0	1.0	1.0	1.0	0	1.0	1.0	1.0	1.0	1.0	1.0	1.0	1.0	1.0	1.0	1.0	1.0	1.0	1.0	1.0	1.0	
1.0	1.0	1.0	1.0	1.0	1.0	1.0	0.9615384615384616	1.0	1.0	1.0	1.0	1.0	1.0	1.0	1.0	1.0	1.0	0	1.0	1.0	1.0	1.0	1.0	1.0	1.0	1.0	1.0	1.0	1.0	1.0	1.0	1.0	1.0	
0.8902116402116402	0.8875661375661376	0.9417989417989417	0.8842975206611571	0.9655870445344129	0.865546218487395	0.8478835978835979	1.0	0.8650793650793651	0.9234234234234234	0.8346560846560847	0.8214285714285714	0.8029100529100529	0.8597883597883598	1.0	0.8267195767195767	0.8958333333333334	1.0	1.0	0	0.868421052631579	0.8243243243243243	0.8312236286919831	0.8042328042328042	0.8425925925925926	0.8586309523809523	0.8783068783068783	0.8883928571428571	1.0	1.0	1.0	0.9340659340659341	0.8783068783068783	0.8585271317829457	
0.8961988304093568	0.8552631578947368	0.8991228070175439	0.8669590643274854	0.9635627530364372	0.8464912280701754	0.6593567251461988	1.0	0.8859649122807017	0.9459459459459459	0.7821637426900585	0.7880116959064327	0.7339181286549707	0.8508771929824561	1.0	0.7982456140350878	0.27380952380952384	1.0	1.0	0.868421052631579	0	0.7987987987987988	0.7637130801687764	0.8011695906432749	0.7719298245614035	0.7455357142857143	0.7514619883040936	0.8735119047619048	1.0	1.0	1.0	0.9285714285714286	0.7514619883040936	0.810077519379845	
0.8918918918918919	0.8363363363363363	0.9294294294294294	0.8468468468468469	0.9696356275303644	0.8423423423423423	0.7867867867867868	1.0	0.8333333333333334	0.9024024024024024	0.7102102102102102	0.7702702702702703	0.7627627627627628	0.8333333333333334	1.0	0.6696696696696697	0.8393393393393394	1.0	1.0	0.8243243243243243	0.7987987987987988	0	0.7953586497890295	0.7552552552552553	0.7957957957957958	0.7912912912912913	0.7912912912912913	0.8648648648648649	1.0	1.0	1.0	0.9432234432234432	0.7912912912912913	0.8081395348837209	
0.9240506329113924	0.869198312236287	0.9345991561181435	0.8270042194092827	0.9556962025316456	0.8185654008438819	0.7805907172995781	1.0	0.9113924050632911	0.919831223628692	0.7974683544303798	0.7510548523206751	0.7383966244725738	0.8438818565400844	1.0	0.7805907172995781	0.759493670886076	1.0	1.0	0.8312236286919831	0.7637130801687764	0.7953586497890295	0	0.7383966244725738	0.740506329113924	0.7911392405063291	0.7552742616033755	0.8227848101265823	1.0	1.0	1.0	0.930379746835443	0.7552742616033755	0.8333333333333334	
0.9094202898550725	0.8786764705882353	0.9387254901960784	0.8402203856749312	0.9574898785425101	0.8263305322128851	0.8079710144927537	1.0	0.8737113402061856	0.9129129129129129	0.7857142857142857	0.7789855072463768	0.7536231884057971	0.8452380952380952	1.0	0.7946859903381642	0.8273809523809523	1.0	1.0	0.8042328042328042	0.8011695906432749	0.7552552552552553	0.7383966244725738	0	0.7656641604010025	0.7767857142857143	0.8080808080808081	0.8467261904761905	1.0	1.0	1.0	0.9230769230769231	0.8080808080808081	0.8042635658914729	
0.8859649122807017	0.8583959899749374	0.9461152882205514	0.8140495867768595	0.9412955465587044	0.8081232492997199	0.793233082706767	1.0	0.9020618556701031	0.8963963963963963	0.8082010582010583	0.793233082706767	0.7944862155388471	0.8677248677248677	1.0	0.8195488721804511	0.8184523809523809	1.0	1.0	0.8425925925925926	0.7719298245614035	0.7957957957957958	0.740506329113924	0.7656641604010025	0	0.7053571428571429	0.7929292929292929	0.8258928571428571	1.0	1.0	1.0	0.9175824175824175	0.7929292929292929	0.75	
0.8660714285714286	0.8318452380952381	0.9345238095238095	0.8110119047619048	0.9493927125506073	0.7842261904761905	0.7202380952380952	1.0	0.8898809523809523	0.918918918918919	0.8050595238095238	0.7991071428571429	0.7604166666666666	0.8660714285714286	1.0	0.7916666666666666	0.8065476190476191	1.0	1.0	0.8586309523809523	0.7455357142857143	0.7912912912912913	0.7911392405063291	0.7767857142857143	0.7053571428571429	0	0.7425595238095238	0.8333333333333334	1.0	1.0	1.0	0.9267399267399268	0.7425595238095238	0.75	
0.9078282828282829	0.8661616161616161	0.9368686868686869	0.8567493112947658	0.9574898785425101	0.8333333333333334	0.7992424242424242	1.0	0.9085051546391752	0.9264264264264265	0.8293650793650794	0.8345959595959596	0.8017676767676768	0.8677248677248677	1.0	0.8181818181818182	0.7857142857142857	1.0	1.0	0.8783068783068783	0.7514619883040936	0.7912912912912913	0.7552742616033755	0.8080808080808081	0.7929292929292929	0.7425595238095238	0	0.8601190476190477	1.0	1.0	1.0	0.9377289377289377	0.0	0.812015503875969	
0.8958333333333334	0.8288690476190477	0.9419642857142857	0.7976190476190477	0.9008097165991903	0.8348214285714286	0.7976190476190477	1.0	0.8854166666666666	0.9144144144144144	0.8497023809523809	0.8630952380952381	0.84375	0.8794642857142857	1.0	0.8571428571428571	0.8377976190476191	1.0	1.0	0.8883928571428571	0.8735119047619048	0.8648648648648649	0.8227848101265823	0.8467261904761905	0.8258928571428571	0.8333333333333334	0.8601190476190477	0	1.0	1.0	1.0	0.9065934065934066	0.8601190476190477	0.7906976744186046	
1.0	1.0	1.0	1.0	1.0	1.0	1.0	1.0	1.0	1.0	1.0	1.0	1.0	1.0	1.0	1.0	1.0	1.0	1.0	1.0	1.0	1.0	1.0	1.0	1.0	1.0	1.0	1.0	0	1.0	1.0	1.0	1.0	1.0	
1.0	1.0	1.0	1.0	1.0	1.0	1.0	1.0	1.0	1.0	1.0	1.0	1.0	1.0	1.0	1.0	1.0	1.0	1.0	1.0	1.0	1.0	1.0	1.0	1.0	1.0	1.0	1.0	1.0	0	1.0	1.0	1.0	1.0	
1.0	1.0	1.0	1.0	1.0	1.0	1.0	1.0	1.0	1.0	1.0	1.0	1.0	1.0	1.0	1.0	1.0	1.0	1.0	1.0	1.0	1.0	1.0	1.0	1.0	1.0	1.0	1.0	1.0	1.0	0	1.0	1.0	1.0	
0.9157509157509157	0.9102564102564102	0.9212454212454212	0.8974358974358975	0.888663967611336	0.8864468864468864	0.9157509157509157	1.0	0.8681318681318682	0.8681318681318682	0.9322344322344323	0.8827838827838828	0.9230769230769231	0.9413919413919414	1.0	0.9285714285714286	0.9120879120879121	1.0	1.0	0.9340659340659341	0.9285714285714286	0.9432234432234432	0.930379746835443	0.9230769230769231	0.9175824175824175	0.9267399267399268	0.9377289377289377	0.9065934065934066	1.0	1.0	1.0	0	0.9377289377289377	0.9166666666666666	
0.9078282828282829	0.8661616161616161	0.9368686868686869	0.8567493112947658	0.9574898785425101	0.8333333333333334	0.7992424242424242	1.0	0.9085051546391752	0.9264264264264265	0.8293650793650794	0.8345959595959596	0.8017676767676768	0.8677248677248677	1.0	0.8181818181818182	0.7857142857142857	1.0	1.0	0.8783068783068783	0.7514619883040936	0.7912912912912913	0.7552742616033755	0.8080808080808081	0.7929292929292929	0.7425595238095238	0.0	0.8601190476190477	1.0	1.0	1.0	0.9377289377289377	0	0.812015503875969	
0.8604651162790697	0.8158914728682171	0.9244186046511628	0.7655038759689923	0.9493927125506073	0.7926356589147286	0.7984496124031008	1.0	0.9127906976744186	0.8507751937984496	0.8333333333333334	0.8430232558139535	0.8062015503875969	0.8565891472868217	1.0	0.8081395348837209	0.810077519379845	1.0	1.0	0.8585271317829457	0.810077519379845	0.8081395348837209	0.8333333333333334	0.8042635658914729	0.75	0.75	0.812015503875969	0.7906976744186046	1.0	1.0	1.0	0.9166666666666666	0.812015503875969	0	
