0	0.8166666666666667	0.8041666666666667	0.7791666666666667	0.7208333333333333	0.8583333333333333	0.7166666666666667	
0.8166666666666667	0	0.8617886178861789	0.6219512195121951	0.7886178861788617	0.775	0.8292682926829268	
0.8041666666666667	0.8617886178861789	0	0.8617886178861789	0.7804878048780488	0.8375	0.8008130081300813	
0.7791666666666667	0.6219512195121951	0.8617886178861789	0	0.6747967479674797	0.7791666666666667	0.7886178861788617	
0.7208333333333333	0.7886178861788617	0.7804878048780488	0.6747967479674797	0	0.8416666666666667	0.6910569105691057	
0.8583333333333333	0.775	0.8375	0.7791666666666667	0.8416666666666667	0	0.8583333333333333	
0.7166666666666667	0.8292682926829268	0.8008130081300813	0.7886178861788617	0.6910569105691057	0.8583333333333333	0	
