0	0.8285024154589372	0.8421828908554573	0.8180851063829787	0.8247261345852895	0.85	0.84913112164297	0.8350970017636684	0.7835595776772247	0.8633333333333333	0.8945147679324894	0.6989247311827957	0.8726851851851852	0.8581560283687943	0.8114630467571644	0.7706093189964157	0.8265460030165912	0.8089591567852438	0.7957839262187089	0.8090277777777778	0.7064676616915423	0.8280542986425339	0.8445273631840796	0.782258064516129	0.8461538461538461	0.8235294117647058	0.803921568627451	0.8289269051321928	0.8181114551083591	0.803921568627451	0.8220720720720721	0.7948717948717948	0.8016359918200409	0.812962962962963	0.7605105105105106	0.8570487483530962	0.7163120567375887	0.9109947643979057	0.8772321428571429	0.8043478260869565	0.8673835125448028	0.804726368159204	0.7846846846846847	0.8557504873294347	0.7657657657657657	0.8336557059961315	0.8903903903903904	0.9027149321266968	0.8627450980392157	0.8190690690690691	0.8144796380090498	
0.8285024154589372	0	0.8538647342995169	0.8405797101449275	0.8381642512077294	0.8321256038647343	0.857487922705314	0.8514492753623188	0.7946859903381642	0.9983333333333333	0.8291139240506329	0.8333333333333334	0.7847222222222222	0.975177304964539	0.8043478260869565	0.8478260869565217	0.8321256038647343	0.8357487922705314	0.8333333333333334	0.8466183574879227	0.8059701492537313	0.8369565217391305	0.8855721393034826	0.8494623655913979	0.8632478632478633	0.8055555555555556	0.7934782608695652	0.8285024154589372	0.8466183574879227	0.7934782608695652	0.8176328502415459	0.7777777777777778	0.8176328502415459	0.8314814814814815	0.7874396135265701	0.8454106280193237	0.7659574468085106	0.9444444444444444	0.8405797101449275	0.8466183574879227	0.9214975845410628	0.9228855721393034	0.8164251207729468	0.8164251207729468	0.8063063063063063	0.855072463768116	0.8417874396135265	0.8164251207729468	0.8164251207729468	0.7946859903381642	0.8103864734299517	
0.8421828908554573	0.8538647342995169	0	0.8212765957446808	0.8591549295774648	0.8277777777777777	0.8641390205371248	0.8844797178130511	0.779788838612368	0.85	0.8417721518987342	0.8494623655913979	0.8541666666666666	0.9539007092198581	0.8582202111613876	0.7724014336917563	0.8740573152337858	0.8281710914454278	0.8303834808259587	0.7766203703703703	0.8557213930348259	0.8755656108597285	0.9228855721393034	0.8346774193548387	0.8504273504273504	0.8589743589743589	0.8529411764705882	0.8452566096423018	0.8599071207430341	0.8529411764705882	0.8445945945945946	0.8634992458521871	0.8323108384458078	0.8814814814814815	0.8273273273273273	0.8591445427728613	0.8226950354609929	0.9118673647469459	0.8623511904761905	0.8134218289085545	0.8664874551971327	0.8134328358208955	0.8414414414414414	0.8362573099415205	0.8198198198198198	0.874274661508704	0.8828828828828829	0.8778280542986425	0.8476621417797888	0.8716216216216216	0.8552036199095022	
0.8180851063829787	0.8405797101449275	0.8212765957446808	0	0.8276595744680851	0.8191489361702128	0.8021276595744681	0.8776595744680851	0.8212765957446808	0.91	0.8776371308016878	0.8736559139784946	0.9236111111111112	0.9964539007092199	0.7882978723404256	0.8340425531914893	0.8021276595744681	0.8319148936170213	0.8202127659574469	0.8796296296296297	0.8507462686567164	0.7978723404255319	0.9440298507462687	0.8978494623655914	0.8418803418803419	0.7904255319148936	0.7904255319148936	0.8223404255319149	0.7925531914893617	0.7904255319148936	0.8031914893617021	0.7808510638297872	0.8627659574468085	0.8814814814814815	0.7968085106382978	0.801063829787234	0.8617021276595744	0.9223404255319149	0.825531914893617	0.8138297872340425	0.8680851063829788	0.8594527363184079	0.8180851063829787	0.8117021276595745	0.8828828828828829	0.8648936170212767	0.8521276595744681	0.8436170212765958	0.7829787234042553	0.8351063829787234	0.7893617021276595	
0.8247261345852895	0.8381642512077294	0.8591549295774648	0.8276595744680851	0	0.8564814814814815	0.8625592417061612	0.8941798941798942	0.8129890453834115	0.845	0.8417721518987342	0.8198924731182796	0.8171296296296297	0.9716312056737588	0.8583724569640062	0.8548387096774194	0.8646322378716745	0.8286384976525821	0.838810641627543	0.8020833333333334	0.8905472636815921	0.8575899843505478	0.8731343283582089	0.803763440860215	0.905982905982906	0.8615023474178404	0.8763693270735524	0.8763693270735524	0.8536776212832551	0.8763693270735524	0.8646322378716745	0.8755868544600939	0.8711656441717791	0.8833333333333333	0.8380281690140845	0.8646322378716745	0.8617021276595744	0.9458987783595113	0.8763693270735524	0.8403755868544601	0.9005376344086021	0.8669154228855721	0.8612612612612612	0.8430799220272904	0.8783783783783784	0.8684719535783365	0.8740219092331768	0.8575899843505478	0.8474178403755869	0.8740219092331768	0.8732394366197183	
0.85	0.8321256038647343	0.8277777777777777	0.8191489361702128	0.8564814814814815	0	0.8009259259259259	0.862037037037037	0.8064814814814815	0.9316666666666666	0.7763713080168776	0.8467741935483871	0.8425925925925926	1.0	0.8092592592592592	0.8018518518518518	0.8148148148148148	0.8314814814814815	0.7981481481481482	0.7986111111111112	0.835820895522388	0.8064814814814815	0.8855721393034826	0.8440860215053764	0.7649572649572649	0.812962962962963	0.8138888888888889	0.7759259259259259	0.8277777777777777	0.8138888888888889	0.8277777777777777	0.8296296296296296	0.8374233128834356	0.837037037037037	0.812962962962963	0.8064814814814815	0.851063829787234	0.8740740740740741	0.7981481481481482	0.7944444444444444	0.8768518518518519	0.8482587064676617	0.8324074074074074	0.783625730994152	0.8648648648648649	0.8578336557059961	0.8388888888888889	0.8425925925925926	0.7777777777777778	0.8240740740740741	0.8101851851851852	
0.84913112164297	0.857487922705314	0.8641390205371248	0.8021276595744681	0.8625592417061612	0.8009259259259259	0	0.8624338624338624	0.8554502369668247	0.8983333333333333	0.8607594936708861	0.8467741935483871	0.8819444444444444	1.0	0.7977883096366508	0.8010752688172043	0.8056872037914692	0.8451816745655608	0.830173775671406	0.8506944444444444	0.8233830845771144	0.7148499210110585	0.8868159203980099	0.8400537634408602	0.8418803418803419	0.7875197472353871	0.8048973143759873	0.7109004739336493	0.825434439178515	0.8048973143759873	0.8080568720379147	0.7954186413902053	0.8231083844580777	0.7851851851851852	0.8333333333333334	0.7417061611374408	0.875886524822695	0.8926701570680629	0.6097946287519748	0.8127962085308057	0.8781362007168458	0.818407960199005	0.827027027027027	0.5935672514619883	0.8963963963963963	0.8365570599613152	0.8704581358609794	0.7511848341232228	0.5710900473933649	0.7977883096366508	0.7914691943127962	
0.8350970017636684	0.8514492753623188	0.8844797178130511	0.8776595744680851	0.8941798941798942	0.862037037037037	0.8624338624338624	0	0.8333333333333334	0.9266666666666666	0.8164556962025317	0.8521505376344086	0.9189814814814815	0.9964539007092199	0.8562610229276896	0.8163082437275986	0.86331569664903	0.810405643738977	0.7998236331569665	0.8483796296296297	0.8208955223880597	0.8589065255731922	0.8333333333333334	0.8266129032258065	0.8504273504273504	0.8624338624338624	0.8562610229276896	0.8430335097001763	0.8430335097001763	0.8562610229276896	0.8474426807760141	0.8315696649029982	0.8394683026584867	0.8796296296296297	0.8738977072310405	0.8606701940035273	0.7836879432624113	0.9312169312169312	0.8977072310405644	0.8306878306878307	0.8691756272401434	0.900497512437811	0.8558558558558559	0.8742690058479532	0.8063063063063063	0.8597678916827853	0.8624338624338624	0.8738977072310405	0.8783068783068783	0.8580246913580247	0.8624338624338624	
0.7835595776772247	0.7946859903381642	0.779788838612368	0.8212765957446808	0.8129890453834115	0.8064814814814815	0.8554502369668247	0.8333333333333334	0	0.84	0.6835443037974683	0.5940860215053764	0.7222222222222222	0.9397163120567376	0.830316742081448	0.757168458781362	0.8310708898944194	0.751131221719457	0.7601809954751131	0.7060185185185185	0.8009950248756219	0.8386123680241327	0.8507462686567164	0.6827956989247311	0.8461538461538461	0.8416289592760181	0.8378582202111614	0.8320373250388803	0.8072755417956656	0.8378582202111614	0.8408748114630468	0.8295625942684767	0.8282208588957055	0.8611111111111112	0.7639517345399698	0.8416289592760181	0.7836879432624113	0.9162303664921466	0.8544494720965309	0.7903469079939668	0.8351254480286738	0.7860696517412935	0.8018018018018018	0.8226120857699805	0.8243243243243243	0.8268858800773694	0.8461538461538461	0.8574660633484162	0.8371040723981901	0.8288084464555053	0.8340874811463047	
0.8633333333333333	0.9983333333333333	0.85	0.91	0.845	0.9316666666666666	0.8983333333333333	0.9266666666666666	0.84	0	1.0	0.9408602150537635	1.0	1.0	0.8916666666666667	0.86	0.8916666666666667	0.8316666666666667	0.845	0.9466666666666667	1.0	0.905	1.0	0.9816666666666667	0.9957264957264957	0.895	0.885	0.9	0.8816666666666667	0.885	0.885	0.88	0.9733333333333334	1.0	0.8416666666666667	0.89	1.0	0.9383333333333334	0.905	0.82	0.8533333333333334	0.85	0.9266666666666666	0.9616666666666667	1.0	0.93	0.8866666666666667	0.95	0.905	0.905	0.8916666666666667	
0.8945147679324894	0.8291139240506329	0.8417721518987342	0.8776371308016878	0.8417721518987342	0.7763713080168776	0.8607594936708861	0.8164556962025317	0.6835443037974683	1.0	0	0.9543010752688172	0.8703703703703703	1.0	0.8248945147679325	0.7827004219409283	0.869198312236287	0.8143459915611815	0.7763713080168776	0.7932489451476793	0.8482587064676617	0.8607594936708861	0.79957805907173	0.8080168776371308	1.0	0.8333333333333334	0.8523206751054853	0.8185654008438819	0.8459915611814346	0.8523206751054853	0.8713080168776371	0.8565400843881856	0.8713080168776371	0.9050632911392406	0.7320675105485233	0.8607594936708861	0.8794326241134752	0.9514767932489452	0.8544303797468354	0.7890295358649789	0.8565400843881856	0.989451476793249	0.8502109704641351	0.8185654008438819	0.9099099099099099	0.9029535864978903	0.7637130801687764	0.8291139240506329	0.8185654008438819	0.8607594936708861	0.8333333333333334	
0.6989247311827957	0.8333333333333334	0.8494623655913979	0.8736559139784946	0.8198924731182796	0.8467741935483871	0.8467741935483871	0.8521505376344086	0.5940860215053764	0.9408602150537635	0.9543010752688172	0	0.8333333333333334	1.0	0.8521505376344086	0.7795698924731183	0.8010752688172043	0.6935483870967742	0.7311827956989247	0.7150537634408602	1.0	0.7983870967741935	0.9327956989247311	0.6397849462365591	0.8461538461538461	0.8521505376344086	0.8521505376344086	0.8467741935483871	0.7956989247311828	0.8521505376344086	0.8521505376344086	0.8145161290322581	0.8521505376344086	0.9139784946236559	0.6881720430107527	0.8467741935483871	1.0	0.9327956989247311	0.8467741935483871	0.8198924731182796	0.946236559139785	0.8091397849462365	0.8360215053763441	0.8467741935483871	1.0	0.7876344086021505	0.9489247311827957	0.8709677419354839	0.8467741935483871	0.8010752688172043	0.8521505376344086	
0.8726851851851852	0.7847222222222222	0.8541666666666666	0.9236111111111112	0.8171296296296297	0.8425925925925926	0.8819444444444444	0.9189814814814815	0.7222222222222222	1.0	0.8703703703703703	0.8333333333333334	0	1.0	0.8541666666666666	0.8541666666666666	0.8125	0.8125	0.8217592592592593	0.7708333333333334	0.9626865671641791	0.8402777777777778	0.8912037037037037	0.8125	0.9487179487179487	0.8703703703703703	0.8611111111111112	0.8819444444444444	0.8333333333333334	0.8611111111111112	0.8888888888888888	0.8634259259259259	0.8888888888888888	0.8611111111111112	0.7569444444444444	0.8819444444444444	1.0	0.9745370370370371	0.8425925925925926	0.8564814814814815	0.9837962962962963	0.9120370370370371	0.8472222222222222	0.8425925925925926	1.0	0.8333333333333334	0.8611111111111112	0.8449074074074074	0.8425925925925926	0.8171296296296297	0.8634259259259259	
0.8581560283687943	0.975177304964539	0.9539007092198581	0.9964539007092199	0.9716312056737588	1.0	1.0	0.9964539007092199	0.9397163120567376	1.0	1.0	1.0	1.0	0	0.9397163120567376	1.0	0.9397163120567376	0.9468085106382979	0.9787234042553191	1.0	0.9397163120567376	0.9645390070921985	0.9787234042553191	1.0	1.0	0.9397163120567376	0.9645390070921985	0.9645390070921985	0.9219858156028369	0.9645390070921985	0.9326241134751773	0.9361702127659575	0.9326241134751773	1.0	0.9113475177304965	0.9148936170212766	0.9326241134751773	0.9432624113475178	0.9539007092198581	0.8546099290780141	1.0	1.0	0.9680851063829787	0.9645390070921985	0.8918918918918919	1.0	0.9680851063829787	0.9645390070921985	0.9645390070921985	0.9361702127659575	0.9397163120567376	
0.8114630467571644	0.8043478260869565	0.8582202111613876	0.7882978723404256	0.8583724569640062	0.8092592592592592	0.7977883096366508	0.8562610229276896	0.830316742081448	0.8916666666666667	0.8248945147679325	0.8521505376344086	0.8541666666666666	0.9397163120567376	0	0.7876344086021505	0.7692307692307693	0.8220211161387632	0.808446455505279	0.8553240740740741	0.0	0.8205128205128205	0.8706467661691543	0.8239247311827957	0.7606837606837606	0.6493212669683258	0.6681749622926093	0.7822706065318819	0.7747678018575851	0.6681749622926093	0.6719457013574661	0.7194570135746606	0.6492842535787321	0.6296296296296297	0.7564102564102564	0.8009049773755657	0.6879432624113475	0.8996509598603839	0.830316742081448	0.806184012066365	0.8512544802867383	0.7985074626865671	0.7828828828828829	0.8109161793372319	0.7927927927927928	0.8268858800773694	0.8552036199095022	0.8695324283559578	0.8159879336349924	0.7850678733031674	0.6206636500754148	
0.7706093189964157	0.8478260869565217	0.7724014336917563	0.8340425531914893	0.8548387096774194	0.8018518518518518	0.8010752688172043	0.8163082437275986	0.757168458781362	0.86	0.7827004219409283	0.7795698924731183	0.8541666666666666	1.0	0.7876344086021505	0	0.8082437275985663	0.7374551971326165	0.7347670250896058	0.7465277777777778	0.7935323383084577	0.8163082437275986	0.8296019900497512	0.7553763440860215	0.8376068376068376	0.78584229390681	0.7813620071684588	0.7724014336917563	0.7831541218637993	0.7813620071684588	0.8028673835125448	0.8001792114695341	0.8118609406952966	0.7796296296296297	0.775089605734767	0.793010752688172	0.8262411347517731	0.9014336917562724	0.8360215053763441	0.6899641577060932	0.7867383512544803	0.7848258706467661	0.8027027027027027	0.8294346978557505	0.8918918918918919	0.8355899419729207	0.8369175627240143	0.8664874551971327	0.8189964157706093	0.8189964157706093	0.7867383512544803	
0.8265460030165912	0.8321256038647343	0.8740573152337858	0.8021276595744681	0.8646322378716745	0.8148148148148148	0.8056872037914692	0.86331569664903	0.8310708898944194	0.8916666666666667	0.869198312236287	0.8010752688172043	0.8125	0.9397163120567376	0.7692307692307693	0.8082437275985663	0	0.8159879336349924	0.7986425339366516	0.8414351851851852	0.7189054726368159	0.7948717948717948	0.8768656716417911	0.8024193548387096	0.0	0.753393665158371	0.7601809954751131	0.8102643856920684	0.7995356037151703	0.7601809954751131	0.7669683257918553	0.7624434389140271	0.7668711656441718	0.7925925925925926	0.8001508295625943	0.8220211161387632	0.7021276595744681	0.9040139616055847	0.8431372549019608	0.8273001508295625	0.8664874551971327	0.818407960199005	0.8027027027027027	0.8284600389863548	0.8288288288288288	0.8249516441005803	0.8725490196078431	0.8763197586726998	0.8295625942684767	0.777526395173454	0.7760180995475113	
0.8089591567852438	0.8357487922705314	0.8281710914454278	0.8319148936170213	0.8286384976525821	0.8314814814814815	0.8451816745655608	0.810405643738977	0.751131221719457	0.8316666666666667	0.8143459915611815	0.6935483870967742	0.8125	0.9468085106382979	0.8220211161387632	0.7374551971326165	0.8159879336349924	0	0.7081686429512516	0.6932870370370371	0.8208955223880597	0.8363499245852187	0.7375621890547264	0.5510752688172043	0.8076923076923077	0.8265460030165912	0.8273001508295625	0.8297045101088647	0.7778637770897833	0.8273001508295625	0.7927927927927928	0.8024132730015083	0.7648261758691206	0.8462962962962963	0.7965465465465466	0.8563899868247694	0.7411347517730497	0.9153577661431065	0.8802083333333334	0.8063241106719368	0.839605734767025	0.7599502487562189	0.8045045045045045	0.8586744639376218	0.8288288288288288	0.811411992263056	0.8761261261261262	0.8951734539969834	0.8650075414781297	0.8288288288288288	0.8227752639517345	
0.7957839262187089	0.8333333333333334	0.8303834808259587	0.8202127659574469	0.838810641627543	0.7981481481481482	0.830173775671406	0.7998236331569665	0.7601809954751131	0.845	0.7763713080168776	0.7311827956989247	0.8217592592592593	0.9787234042553191	0.808446455505279	0.7347670250896058	0.7986425339366516	0.7081686429512516	0	0.7256944444444444	0.8009950248756219	0.8205128205128205	0.4527363184079602	0.7338709677419355	0.7222222222222222	0.8205128205128205	0.808446455505279	0.8164852255054432	0.8018575851393189	0.808446455505279	0.8085585585585585	0.7948717948717948	0.7832310838445807	0.825925925925926	0.8153153153153153	0.8517786561264822	0.7872340425531915	0.9040139616055847	0.8668154761904762	0.7766798418972332	0.8333333333333334	0.7947761194029851	0.7882882882882883	0.8421052631578947	0.8153153153153153	0.8210831721470019	0.8618618618618619	0.8891402714932126	0.8521870286576169	0.8190690690690691	0.8137254901960784	
0.8090277777777778	0.8466183574879227	0.7766203703703703	0.8796296296296297	0.8020833333333334	0.7986111111111112	0.8506944444444444	0.8483796296296297	0.7060185185185185	0.9466666666666667	0.7932489451476793	0.7150537634408602	0.7708333333333334	1.0	0.8553240740740741	0.7465277777777778	0.8414351851851852	0.6932870370370371	0.7256944444444444	0	0.9253731343283582	0.8298611111111112	0.8482587064676617	0.5698924731182796	0.8418803418803419	0.8576388888888888	0.8553240740740741	0.8275462962962963	0.8125	0.8553240740740741	0.8229166666666666	0.8402777777777778	0.8240740740740741	0.8777777777777778	0.7326388888888888	0.8460648148148148	0.8865248226950354	0.9409722222222222	0.8379629629629629	0.7951388888888888	0.8807870370370371	0.8432835820895522	0.8472222222222222	0.8275462962962963	0.954954954954955	0.8240740740740741	0.8402777777777778	0.8622685185185185	0.8275462962962963	0.8344907407407407	0.8553240740740741	
0.7064676616915423	0.8059701492537313	0.8557213930348259	0.8507462686567164	0.8905472636815921	0.835820895522388	0.8233830845771144	0.8208955223880597	0.8009950248756219	1.0	0.8482587064676617	1.0	0.9626865671641791	0.9397163120567376	0.0	0.7935323383084577	0.7189054726368159	0.8208955223880597	0.8009950248756219	0.9253731343283582	0	0.7910447761194029	0.8283582089552238	0.8955223880597015	1.0	0.6243781094527363	0.6268656716417911	0.7686567164179104	0.7835820895522388	0.6268656716417911	0.7139303482587065	0.6467661691542289	0.7139303482587065	0.7935323383084577	0.7089552238805971	0.7736318407960199	0.6879432624113475	0.8980099502487562	0.8805970149253731	0.7512437810945274	0.8059701492537313	1.0	0.7437810945273632	0.8308457711442786	0.7927927927927928	0.8930348258706468	0.8208955223880597	0.8631840796019901	0.8308457711442786	0.6890547263681592	0.5796019900497512	
0.8280542986425339	0.8369565217391305	0.8755656108597285	0.7978723404255319	0.8575899843505478	0.8064814814814815	0.7148499210110585	0.8589065255731922	0.8386123680241327	0.905	0.8607594936708861	0.7983870967741935	0.8402777777777778	0.9645390070921985	0.8205128205128205	0.8163082437275986	0.7948717948717948	0.8363499245852187	0.8205128205128205	0.8298611111111112	0.7910447761194029	0	0.8756218905472637	0.8158602150537635	0.8162393162393162	0.8159879336349924	0.8114630467571644	0.7472783825816485	0.8134674922600619	0.8114630467571644	0.8318250377073907	0.799396681749623	0.8323108384458078	0.8185185185185185	0.8205128205128205	0.7880844645550528	0.8297872340425532	0.8961605584642234	0.7277526395173454	0.8250377073906485	0.8781362007168458	0.8333333333333334	0.8189189189189189	0.6939571150097466	0.8468468468468469	0.8230174081237911	0.8680241327300151	0.8318250377073907	0.7051282051282052	0.7782805429864253	0.8076923076923077	
0.8445273631840796	0.8855721393034826	0.9228855721393034	0.9440298507462687	0.8731343283582089	0.8855721393034826	0.8868159203980099	0.8333333333333334	0.8507462686567164	1.0	0.79957805907173	0.9327956989247311	0.8912037037037037	0.9787234042553191	0.8706467661691543	0.8296019900497512	0.8768656716417911	0.7375621890547264	0.4527363184079602	0.8482587064676617	0.8283582089552238	0.8756218905472637	0	0.8185483870967742	1.0	0.8793532338308457	0.8706467661691543	0.8606965174129353	0.8656716417910447	0.8706467661691543	0.8557213930348259	0.8395522388059702	0.8557213930348259	0.8833333333333333	0.8694029850746269	0.8818407960199005	0.7872340425531915	0.9527363184079602	0.9328358208955224	0.8084577114427861	0.8980099502487562	0.9825870646766169	0.8681592039800995	0.9104477611940298	0.8243243243243243	0.8905472636815921	0.8855721393034826	0.9104477611940298	0.9104477611940298	0.8706467661691543	0.8793532338308457	
0.782258064516129	0.8494623655913979	0.8346774193548387	0.8978494623655914	0.803763440860215	0.8440860215053764	0.8400537634408602	0.8266129032258065	0.6827956989247311	0.9816666666666667	0.8080168776371308	0.6397849462365591	0.8125	1.0	0.8239247311827957	0.7553763440860215	0.8024193548387096	0.5510752688172043	0.7338709677419355	0.5698924731182796	0.8955223880597015	0.8158602150537635	0.8185483870967742	0	0.8076923076923077	0.8239247311827957	0.8239247311827957	0.8158602150537635	0.7755376344086021	0.8239247311827957	0.7903225806451613	0.8198924731182796	0.7903225806451613	0.8407407407407408	0.7513440860215054	0.8400537634408602	0.900709219858156	0.9395161290322581	0.8763440860215054	0.7688172043010753	0.8870967741935484	0.8521505376344086	0.8185483870967742	0.8669354838709677	0.972972972972973	0.771505376344086	0.8830645161290323	0.8790322580645161	0.8669354838709677	0.803763440860215	0.8239247311827957	
0.8461538461538461	0.8632478632478633	0.8504273504273504	0.8418803418803419	0.905982905982906	0.7649572649572649	0.8418803418803419	0.8504273504273504	0.8461538461538461	0.9957264957264957	1.0	0.8461538461538461	0.9487179487179487	1.0	0.7606837606837606	0.8376068376068376	0.0	0.8076923076923077	0.7222222222222222	0.8418803418803419	1.0	0.8162393162393162	1.0	0.8076923076923077	0	0.782051282051282	0.782051282051282	0.8418803418803419	0.8076923076923077	0.782051282051282	0.7777777777777778	0.8461538461538461	0.7777777777777778	0.9529914529914529	0.8461538461538461	0.8418803418803419	1.0	0.8504273504273504	0.8247863247863247	0.8547008547008547	0.9230769230769231	0.8162393162393162	0.8162393162393162	0.8418803418803419	1.0	0.8376068376068376	0.9273504273504274	0.8717948717948718	0.8418803418803419	0.8162393162393162	0.782051282051282	
0.8235294117647058	0.8055555555555556	0.8589743589743589	0.7904255319148936	0.8615023474178404	0.812962962962963	0.7875197472353871	0.8624338624338624	0.8416289592760181	0.895	0.8333333333333334	0.8521505376344086	0.8703703703703703	0.9397163120567376	0.6493212669683258	0.78584229390681	0.753393665158371	0.8265460030165912	0.8205128205128205	0.8576388888888888	0.6243781094527363	0.8159879336349924	0.8793532338308457	0.8239247311827957	0.782051282051282	0	0.7300150829562594	0.7830482115085536	0.8010835913312694	0.7300150829562594	0.6990950226244343	0.7571644042232277	0.6625766871165644	0.7203703703703703	0.7865761689291101	0.8129713423831071	0.7304964539007093	0.8996509598603839	0.8280542986425339	0.808446455505279	0.8557347670250897	0.8097014925373134	0.7900900900900901	0.8118908382066277	0.7927927927927928	0.8268858800773694	0.8627450980392157	0.8672699849170438	0.8122171945701357	0.7888386123680241	0.6025641025641025	
0.803921568627451	0.7934782608695652	0.8529411764705882	0.7904255319148936	0.8763693270735524	0.8138888888888889	0.8048973143759873	0.8562610229276896	0.8378582202111614	0.885	0.8523206751054853	0.8521505376344086	0.8611111111111112	0.9645390070921985	0.6681749622926093	0.7813620071684588	0.7601809954751131	0.8273001508295625	0.808446455505279	0.8553240740740741	0.6268656716417911	0.8114630467571644	0.8706467661691543	0.8239247311827957	0.782051282051282	0.7300150829562594	0	0.7706065318818041	0.7654798761609907	0.030165912518853696	0.7217194570135747	0.7104072398190046	0.7229038854805726	0.0	0.7669683257918553	0.8122171945701357	0.7340425531914894	0.8970331588132635	0.8310708898944194	0.806184012066365	0.8530465949820788	0.7985074626865671	0.7711711711711712	0.8118908382066277	0.7927927927927928	0.8249516441005803	0.8582202111613876	0.8657616892911011	0.8167420814479638	0.7911010558069381	0.6900452488687783	
0.8289269051321928	0.8285024154589372	0.8452566096423018	0.8223404255319149	0.8763693270735524	0.7759259259259259	0.7109004739336493	0.8430335097001763	0.8320373250388803	0.9	0.8185654008438819	0.8467741935483871	0.8819444444444444	0.9645390070921985	0.7822706065318819	0.7724014336917563	0.8102643856920684	0.8297045101088647	0.8164852255054432	0.8275462962962963	0.7686567164179104	0.7472783825816485	0.8606965174129353	0.8158602150537635	0.8418803418803419	0.7830482115085536	0.7706065318818041	0	0.8094867807153966	0.7706065318818041	0.8032659409020217	0.8040435458786936	0.8047034764826176	0.7407407407407407	0.8133748055987559	0.7752721617418351	0.8120567375886525	0.8464223385689355	0.73950233281493	0.7947122861586314	0.8602150537634409	0.818407960199005	0.8126126126126126	0.6968810916179338	0.8243243243243243	0.8317214700193424	0.8483670295489891	0.8094867807153966	0.702954898911353	0.7892690513219285	0.7713841368584758	
0.8181114551083591	0.8466183574879227	0.8599071207430341	0.7925531914893617	0.8536776212832551	0.8277777777777777	0.825434439178515	0.8430335097001763	0.8072755417956656	0.8816666666666667	0.8459915611814346	0.7956989247311828	0.8333333333333334	0.9219858156028369	0.7747678018575851	0.7831541218637993	0.7995356037151703	0.7778637770897833	0.8018575851393189	0.8125	0.7835820895522388	0.8134674922600619	0.8656716417910447	0.7755376344086021	0.8076923076923077	0.8010835913312694	0.7654798761609907	0.8094867807153966	0	0.7654798761609907	0.7739938080495357	0.7755417956656346	0.787321063394683	0.837037037037037	0.7770897832817337	0.8188854489164087	0.7730496453900709	0.9022687609075044	0.8490712074303406	0.794891640866873	0.8646953405017921	0.7736318407960199	0.8081081081081081	0.8401559454191033	0.8018018018018018	0.8143133462282398	0.8397832817337462	0.881578947368421	0.8343653250773994	0.804953560371517	0.7755417956656346	
0.803921568627451	0.7934782608695652	0.8529411764705882	0.7904255319148936	0.8763693270735524	0.8138888888888889	0.8048973143759873	0.8562610229276896	0.8378582202111614	0.885	0.8523206751054853	0.8521505376344086	0.8611111111111112	0.9645390070921985	0.6681749622926093	0.7813620071684588	0.7601809954751131	0.8273001508295625	0.808446455505279	0.8553240740740741	0.6268656716417911	0.8114630467571644	0.8706467661691543	0.8239247311827957	0.782051282051282	0.7300150829562594	0.030165912518853696	0.7706065318818041	0.7654798761609907	0	0.7217194570135747	0.7104072398190046	0.7229038854805726	0.0	0.7669683257918553	0.8122171945701357	0.7340425531914894	0.8970331588132635	0.8310708898944194	0.806184012066365	0.8530465949820788	0.7985074626865671	0.7711711711711712	0.8118908382066277	0.7927927927927928	0.8249516441005803	0.8582202111613876	0.8657616892911011	0.8167420814479638	0.7911010558069381	0.6900452488687783	
0.8220720720720721	0.8176328502415459	0.8445945945945946	0.8031914893617021	0.8646322378716745	0.8277777777777777	0.8080568720379147	0.8474426807760141	0.8408748114630468	0.885	0.8713080168776371	0.8521505376344086	0.8888888888888888	0.9326241134751773	0.6719457013574661	0.8028673835125448	0.7669683257918553	0.7927927927927928	0.8085585585585585	0.8229166666666666	0.7139303482587065	0.8318250377073907	0.8557213930348259	0.7903225806451613	0.7777777777777778	0.6990950226244343	0.7217194570135747	0.8032659409020217	0.7739938080495357	0.7217194570135747	0	0.7262443438914027	0.0	0.7648148148148148	0.7845345345345346	0.8228228228228228	0.0	0.9048865619546248	0.8445945945945946	0.8235735735735735	0.8655913978494624	0.7985074626865671	0.7900900900900901	0.8284600389863548	0.7837837837837838	0.8249516441005803	0.8671171171171171	0.8740573152337858	0.8295625942684767	0.8048048048048048	0.702865761689291	
0.7948717948717948	0.7777777777777778	0.8634992458521871	0.7808510638297872	0.8755868544600939	0.8296296296296296	0.7954186413902053	0.8315696649029982	0.8295625942684767	0.88	0.8565400843881856	0.8145161290322581	0.8634259259259259	0.9361702127659575	0.7194570135746606	0.8001792114695341	0.7624434389140271	0.8024132730015083	0.7948717948717948	0.8402777777777778	0.6467661691542289	0.799396681749623	0.8395522388059702	0.8198924731182796	0.8461538461538461	0.7571644042232277	0.7104072398190046	0.8040435458786936	0.7755417956656346	0.7104072398190046	0.7262443438914027	0	0.7300613496932515	0.737037037037037	0.7631975867269984	0.8174962292609351	0.6453900709219859	0.9136125654450262	0.8280542986425339	0.8107088989441931	0.8611111111111112	0.8097014925373134	0.7594594594594595	0.8070175438596491	0.7297297297297297	0.8104448742746615	0.8453996983408748	0.8800904977375565	0.8129713423831071	0.7850678733031674	0.7330316742081447	
0.8016359918200409	0.8176328502415459	0.8323108384458078	0.8627659574468085	0.8711656441717791	0.8374233128834356	0.8231083844580777	0.8394683026584867	0.8282208588957055	0.9733333333333334	0.8713080168776371	0.8521505376344086	0.8888888888888888	0.9326241134751773	0.6492842535787321	0.8118609406952966	0.7668711656441718	0.7648261758691206	0.7832310838445807	0.8240740740740741	0.7139303482587065	0.8323108384458078	0.8557213930348259	0.7903225806451613	0.7777777777777778	0.6625766871165644	0.7229038854805726	0.8047034764826176	0.787321063394683	0.7229038854805726	0.0	0.7300613496932515	0	0.7648148148148148	0.8026584867075665	0.8026584867075665	0.0	0.9120654396728016	0.8486707566462167	0.8067484662576687	0.8834355828220859	0.8644278606965174	0.7842535787321063	0.8292433537832311	0.7837837837837838	0.843558282208589	0.8813905930470347	0.852760736196319	0.8292433537832311	0.7944785276073619	0.689161554192229	
0.812962962962963	0.8314814814814815	0.8814814814814815	0.8814814814814815	0.8833333333333333	0.837037037037037	0.7851851851851852	0.8796296296296297	0.8611111111111112	1.0	0.9050632911392406	0.9139784946236559	0.8611111111111112	1.0	0.6296296296296297	0.7796296296296297	0.7925925925925926	0.8462962962962963	0.825925925925926	0.8777777777777778	0.7935323383084577	0.8185185185185185	0.8833333333333333	0.8407407407407408	0.9529914529914529	0.7203703703703703	0.0	0.7407407407407407	0.837037037037037	0.0	0.7648148148148148	0.737037037037037	0.7648148148148148	0	0.8166666666666667	0.7722222222222223	0.9609929078014184	0.9314814814814815	0.8203703703703704	0.7981481481481482	0.9296296296296296	0.9203703703703704	0.8092592592592592	0.8222222222222222	1.0	0.85	0.8851851851851852	0.8444444444444444	0.8222222222222222	0.7759259259259259	0.687037037037037	
0.7605105105105106	0.7874396135265701	0.8273273273273273	0.7968085106382978	0.8380281690140845	0.812962962962963	0.8333333333333334	0.8738977072310405	0.7639517345399698	0.8416666666666667	0.7320675105485233	0.6881720430107527	0.7569444444444444	0.9113475177304965	0.7564102564102564	0.775089605734767	0.8001508295625943	0.7965465465465466	0.8153153153153153	0.7326388888888888	0.7089552238805971	0.8205128205128205	0.8694029850746269	0.7513440860215054	0.8461538461538461	0.7865761689291101	0.7669683257918553	0.8133748055987559	0.7770897832817337	0.7669683257918553	0.7845345345345346	0.7631975867269984	0.8026584867075665	0.8166666666666667	0	0.8393393393393394	0.7269503546099291	0.9205933682373473	0.8340840840840841	0.8235735735735735	0.8817204301075269	0.7860696517412935	0.8072072072072072	0.8148148148148148	0.7027027027027027	0.8239845261121856	0.831081081081081	0.8710407239819005	0.8190045248868778	0.7927927927927928	0.7624434389140271	
0.8570487483530962	0.8454106280193237	0.8591445427728613	0.801063829787234	0.8646322378716745	0.8064814814814815	0.7417061611374408	0.8606701940035273	0.8416289592760181	0.89	0.8607594936708861	0.8467741935483871	0.8819444444444444	0.9148936170212766	0.8009049773755657	0.793010752688172	0.8220211161387632	0.8563899868247694	0.8517786561264822	0.8460648148148148	0.7736318407960199	0.7880844645550528	0.8818407960199005	0.8400537634408602	0.8418803418803419	0.8129713423831071	0.8122171945701357	0.7752721617418351	0.8188854489164087	0.8122171945701357	0.8228228228228228	0.8174962292609351	0.8026584867075665	0.7722222222222223	0.8393393393393394	0	0.8014184397163121	0.8917975567190227	0.7805059523809523	0.8274044795783926	0.8700716845878136	0.8233830845771144	0.8081081081081081	0.7524366471734892	0.8333333333333334	0.8375241779497099	0.8761261261261262	0.7956259426847662	0.7398190045248869	0.7995495495495496	0.808446455505279	
0.7163120567375887	0.7659574468085106	0.8226950354609929	0.8617021276595744	0.8617021276595744	0.851063829787234	0.875886524822695	0.7836879432624113	0.7836879432624113	1.0	0.8794326241134752	1.0	1.0	0.9326241134751773	0.6879432624113475	0.8262411347517731	0.7021276595744681	0.7411347517730497	0.7872340425531915	0.8865248226950354	0.6879432624113475	0.8297872340425532	0.7872340425531915	0.900709219858156	1.0	0.7304964539007093	0.7340425531914894	0.8120567375886525	0.7730496453900709	0.7340425531914894	0.0	0.6453900709219859	0.0	0.9609929078014184	0.7269503546099291	0.8014184397163121	0	0.9042553191489362	0.8971631205673759	0.7801418439716312	0.8226950354609929	1.0	0.7375886524822695	0.8297872340425532	0.7837837837837838	0.9042553191489362	0.8156028368794326	0.8297872340425532	0.8297872340425532	0.7269503546099291	0.7340425531914894	
0.9109947643979057	0.9444444444444444	0.9118673647469459	0.9223404255319149	0.9458987783595113	0.8740740740740741	0.8926701570680629	0.9312169312169312	0.9162303664921466	0.9383333333333334	0.9514767932489452	0.9327956989247311	0.9745370370370371	0.9432624113475178	0.8996509598603839	0.9014336917562724	0.9040139616055847	0.9153577661431065	0.9040139616055847	0.9409722222222222	0.8980099502487562	0.8961605584642234	0.9527363184079602	0.9395161290322581	0.8504273504273504	0.8996509598603839	0.8970331588132635	0.8464223385689355	0.9022687609075044	0.8970331588132635	0.9048865619546248	0.9136125654450262	0.9120654396728016	0.9314814814814815	0.9205933682373473	0.8917975567190227	0.9042553191489362	0	0.8699825479930192	0.8830715532286213	0.9381720430107527	0.9079601990049752	0.9054054054054054	0.8840155945419104	0.8783783783783784	0.9197292069632496	0.9214659685863874	0.9179755671902269	0.8778359511343804	0.9048865619546248	0.8996509598603839	
0.8772321428571429	0.8405797101449275	0.8623511904761905	0.825531914893617	0.8763693270735524	0.7981481481481482	0.6097946287519748	0.8977072310405644	0.8544494720965309	0.905	0.8544303797468354	0.8467741935483871	0.8425925925925926	0.9539007092198581	0.830316742081448	0.8360215053763441	0.8431372549019608	0.8802083333333334	0.8668154761904762	0.8379629629629629	0.8805970149253731	0.7277526395173454	0.9328358208955224	0.8763440860215054	0.8247863247863247	0.8280542986425339	0.8310708898944194	0.73950233281493	0.8490712074303406	0.8310708898944194	0.8445945945945946	0.8280542986425339	0.8486707566462167	0.8203703703703704	0.8340840840840841	0.7805059523809523	0.8971631205673759	0.8699825479930192	0	0.8444940476190477	0.9077060931899642	0.818407960199005	0.8504504504504504	0.5955165692007798	0.918918918918919	0.8684719535783365	0.8701201201201201	0.7435897435897436	0.5558069381598794	0.8108108108108109	0.8310708898944194	
0.8043478260869565	0.8466183574879227	0.8134218289085545	0.8138297872340425	0.8403755868544601	0.7944444444444444	0.8127962085308057	0.8306878306878307	0.7903469079939668	0.82	0.7890295358649789	0.8198924731182796	0.8564814814814815	0.8546099290780141	0.806184012066365	0.6899641577060932	0.8273001508295625	0.8063241106719368	0.7766798418972332	0.7951388888888888	0.7512437810945274	0.8250377073906485	0.8084577114427861	0.7688172043010753	0.8547008547008547	0.808446455505279	0.806184012066365	0.7947122861586314	0.794891640866873	0.806184012066365	0.8235735735735735	0.8107088989441931	0.8067484662576687	0.7981481481481482	0.8235735735735735	0.8274044795783926	0.7801418439716312	0.8830715532286213	0.8444940476190477	0	0.732078853046595	0.7873134328358209	0.8027027027027027	0.8109161793372319	0.8018018018018018	0.8210831721470019	0.8513513513513513	0.8710407239819005	0.8280542986425339	0.8280780780780781	0.8137254901960784	
0.8673835125448028	0.9214975845410628	0.8664874551971327	0.8680851063829788	0.9005376344086021	0.8768518518518519	0.8781362007168458	0.8691756272401434	0.8351254480286738	0.8533333333333334	0.8565400843881856	0.946236559139785	0.9837962962962963	1.0	0.8512544802867383	0.7867383512544803	0.8664874551971327	0.839605734767025	0.8333333333333334	0.8807870370370371	0.8059701492537313	0.8781362007168458	0.8980099502487562	0.8870967741935484	0.9230769230769231	0.8557347670250897	0.8530465949820788	0.8602150537634409	0.8646953405017921	0.8530465949820788	0.8655913978494624	0.8611111111111112	0.8834355828220859	0.9296296296296296	0.8817204301075269	0.8700716845878136	0.8226950354609929	0.9381720430107527	0.9077060931899642	0.732078853046595	0	0.8781094527363185	0.8684684684684685	0.9074074074074074	0.8603603603603603	0.8955512572533849	0.8817204301075269	0.9274193548387096	0.8906810035842294	0.8781362007168458	0.8664874551971327	
0.804726368159204	0.9228855721393034	0.8134328358208955	0.8594527363184079	0.8669154228855721	0.8482587064676617	0.818407960199005	0.900497512437811	0.7860696517412935	0.85	0.989451476793249	0.8091397849462365	0.9120370370370371	1.0	0.7985074626865671	0.7848258706467661	0.818407960199005	0.7599502487562189	0.7947761194029851	0.8432835820895522	1.0	0.8333333333333334	0.9825870646766169	0.8521505376344086	0.8162393162393162	0.8097014925373134	0.7985074626865671	0.818407960199005	0.7736318407960199	0.7985074626865671	0.7985074626865671	0.8097014925373134	0.8644278606965174	0.9203703703703704	0.7860696517412935	0.8233830845771144	1.0	0.9079601990049752	0.818407960199005	0.7873134328358209	0.8781094527363185	0	0.832089552238806	0.8731343283582089	1.0	0.8532338308457711	0.8930348258706468	0.8805970149253731	0.818407960199005	0.8395522388059702	0.7985074626865671	
0.7846846846846847	0.8164251207729468	0.8414414414414414	0.8180851063829787	0.8612612612612612	0.8324074074074074	0.827027027027027	0.8558558558558559	0.8018018018018018	0.9266666666666666	0.8502109704641351	0.8360215053763441	0.8472222222222222	0.9680851063829787	0.7828828828828829	0.8027027027027027	0.8027027027027027	0.8045045045045045	0.7882882882882883	0.8472222222222222	0.7437810945273632	0.8189189189189189	0.8681592039800995	0.8185483870967742	0.8162393162393162	0.7900900900900901	0.7711711711711712	0.8126126126126126	0.8081081081081081	0.7711711711711712	0.7900900900900901	0.7594594594594595	0.7842535787321063	0.8092592592592592	0.8072072072072072	0.8081081081081081	0.7375886524822695	0.9054054054054054	0.8504504504504504	0.8027027027027027	0.8684684684684685	0.832089552238806	0	0.834307992202729	0.7432432432432432	0.839458413926499	0.8576576576576577	0.8711711711711712	0.8351351351351352	0.7981981981981981	0.7783783783783784	
0.8557504873294347	0.8164251207729468	0.8362573099415205	0.8117021276595745	0.8430799220272904	0.783625730994152	0.5935672514619883	0.8742690058479532	0.8226120857699805	0.9616666666666667	0.8185654008438819	0.8467741935483871	0.8425925925925926	0.9645390070921985	0.8109161793372319	0.8294346978557505	0.8284600389863548	0.8586744639376218	0.8421052631578947	0.8275462962962963	0.8308457711442786	0.6939571150097466	0.9104477611940298	0.8669354838709677	0.8418803418803419	0.8118908382066277	0.8118908382066277	0.6968810916179338	0.8401559454191033	0.8118908382066277	0.8284600389863548	0.8070175438596491	0.8292433537832311	0.8222222222222222	0.8148148148148148	0.7524366471734892	0.8297872340425532	0.8840155945419104	0.5955165692007798	0.8109161793372319	0.9074074074074074	0.8731343283582089	0.834307992202729	0	0.8468468468468469	0.8732943469785575	0.8586744639376218	0.6998050682261209	0.03898635477582846	0.8167641325536062	0.8138401559454191	
