0	0.9110169491525424	1.0	0.7417840375586855	1.0	0.7507788161993769	0.8068535825545171	0.8084112149532711	0.7599206349206349	0.7666666666666667	0.778816199376947	1.0	0.7580128205128205	0.9428571428571428	0.7959501557632399	0.7979166666666667	0.7819314641744548	0.8052959501557633	0.7564102564102564	0.7923076923076923	0.7625	0.8008658008658008	0.7990654205607477	0.7632850241545893	0.7725856697819314	0.8699186991869918	0.7305295950155763	0.7692307692307693	0.7398753894080997	0.7323717948717948	0.7414330218068536	0.8699186991869918	0.7959501557632399	0.8084112149532711	
0.9110169491525424	0	1.0	0.9110169491525424	1.0	0.9067796610169492	0.9194915254237288	0.9194915254237288	0.8771186440677966	0.8686440677966102	0.9110169491525424	1.0	0.923728813559322	1.0	0.9194915254237288	0.9194915254237288	0.9110169491525424	0.9194915254237288	0.847457627118644	0.9194915254237288	0.9449152542372882	0.9194915254237288	0.9194915254237288	0.885593220338983	0.9110169491525424	0.9491525423728814	0.864406779661017	0.923728813559322	0.9110169491525424	0.8940677966101694	0.9110169491525424	0.9491525423728814	0.9194915254237288	0.9194915254237288	
1.0	1.0	0	1.0	1.0	1.0	1.0	1.0	1.0	1.0	1.0	1.0	1.0	1.0	1.0	1.0	1.0	1.0	1.0	1.0	1.0	1.0	1.0	1.0	1.0	1.0	0.9714285714285714	1.0	1.0	1.0	1.0	1.0	1.0	1.0	
0.7417840375586855	0.9110169491525424	1.0	0	1.0	0.6854460093896714	0.784037558685446	0.7887323943661971	0.784037558685446	0.7444444444444445	0.7605633802816901	1.0	0.6995305164319249	0.9380952380952381	0.7887323943661971	0.784037558685446	0.744131455399061	0.784037558685446	0.7339743589743589	0.7794871794871795	0.7583333333333333	0.7863849765258216	0.784037558685446	0.7053140096618358	0.7605633802816901	0.8755868544600939	0.7746478873239436	0.7300469483568075	0.7276995305164319	0.6854460093896714	0.7511737089201878	0.8755868544600939	0.784037558685446	0.784037558685446	
1.0	1.0	1.0	1.0	0	1.0	1.0	1.0	1.0	1.0	1.0	0.8620689655172413	1.0	1.0	1.0	1.0	1.0	1.0	1.0	1.0	1.0	1.0	1.0	1.0	0.6896551724137931	1.0	1.0	1.0	1.0	1.0	1.0	1.0	1.0	1.0	
0.7507788161993769	0.9067796610169492	1.0	0.6854460093896714	1.0	0	0.7959501557632399	0.8006230529595015	0.7757936507936508	0.7555555555555555	0.778816199376947	1.0	0.6971153846153846	0.9428571428571428	0.780373831775701	0.7854166666666667	0.7507788161993769	0.7975077881619937	0.7307692307692307	0.7794871794871795	0.7	0.7878787878787878	0.7710280373831776	0.6545893719806763	0.7819314641744548	0.8699186991869918	0.7819314641744548	0.7836538461538461	0.7445482866043613	0.6730769230769231	0.764797507788162	0.8699186991869918	0.7959501557632399	0.7975077881619937	
0.8068535825545171	0.9194915254237288	1.0	0.784037558685446	1.0	0.7959501557632399	0	0.719626168224299	0.8174603174603174	0.7472222222222222	0.7772585669781932	1.0	0.7884615384615384	0.9619047619047619	0.7616822429906542	0.7270833333333333	0.7912772585669782	0.6744548286604362	0.7660256410256411	0.6461538461538462	0.7541666666666667	0.7402597402597403	0.7165109034267912	0.782608695652174	0.6947040498442367	0.8699186991869918	0.7959501557632399	0.8012820512820513	0.7959501557632399	0.7980769230769231	0.7834890965732088	0.8699186991869918	0.7133956386292835	0.7461059190031153	
0.8084112149532711	0.9194915254237288	1.0	0.7887323943661971	1.0	0.8006230529595015	0.719626168224299	0	0.8234126984126984	0.7805555555555556	0.6838006230529595	1.0	0.7916666666666666	0.9619047619047619	0.7632398753894081	0.7083333333333334	0.794392523364486	0.4719626168224299	0.7724358974358975	0.6230769230769231	0.7541666666666667	0.7748917748917749	0.7024922118380063	0.7874396135265701	0.6557632398753894	0.8556910569105691	0.7710280373831776	0.8012820512820513	0.7710280373831776	0.7996794871794872	0.7834890965732088	0.8556910569105691	0.7476635514018691	0.7040498442367601	
0.7599206349206349	0.8771186440677966	1.0	0.784037558685446	1.0	0.7757936507936508	0.8174603174603174	0.8234126984126984	0	0.7611111111111111	0.7876984126984127	1.0	0.7619047619047619	0.9428571428571428	0.8253968253968254	0.8395833333333333	0.8095238095238095	0.8174603174603174	0.717948717948718	0.8051282051282052	0.7791666666666667	0.8268398268398268	0.8253968253968254	0.785024154589372	0.7797619047619048	0.9207317073170732	0.7976190476190477	0.8313492063492064	0.7321428571428571	0.753968253968254	0.746031746031746	0.9207317073170732	0.8214285714285714	0.8214285714285714	
0.7666666666666667	0.8686440677966102	1.0	0.7444444444444445	1.0	0.7555555555555555	0.7472222222222222	0.7805555555555556	0.7611111111111111	0	0.7694444444444445	1.0	0.7555555555555555	0.9619047619047619	0.7805555555555556	0.7416666666666667	0.7555555555555555	0.7444444444444445	0.6730769230769231	0.7444444444444445	0.7291666666666666	0.775	0.7333333333333333	0.6555555555555556	0.7722222222222223	0.8833333333333333	0.7527777777777778	0.8222222222222222	0.7472222222222222	0.7583333333333333	0.775	0.8833333333333333	0.7472222222222222	0.7194444444444444	
0.778816199376947	0.9110169491525424	1.0	0.7605633802816901	1.0	0.778816199376947	0.7772585669781932	0.6838006230529595	0.7876984126984127	0.7694444444444445	0	1.0	0.780448717948718	0.919047619047619	0.7757009345794392	0.4708333333333333	0.7336448598130841	0.7149532710280374	0.7371794871794872	0.6974358974358974	0.7125	0.6666666666666666	0.661993769470405	0.748792270531401	0.7258566978193146	0.8699186991869918	0.7757009345794392	0.7932692307692307	0.7476635514018691	0.782051282051282	0.7710280373831776	0.8699186991869918	0.7866043613707165	0.5404984423676013	
1.0	1.0	1.0	1.0	0.8620689655172413	1.0	1.0	1.0	1.0	1.0	1.0	0	1.0	1.0	1.0	1.0	1.0	1.0	1.0	1.0	1.0	1.0	1.0	1.0	1.0	1.0	1.0	1.0	1.0	1.0	1.0	1.0	1.0	1.0	
0.7580128205128205	0.923728813559322	1.0	0.6995305164319249	1.0	0.6971153846153846	0.7884615384615384	0.7916666666666666	0.7619047619047619	0.7555555555555555	0.780448717948718	1.0	0	0.9428571428571428	0.7996794871794872	0.7916666666666666	0.7596153846153846	0.782051282051282	0.6923076923076923	0.7615384615384615	0.75	0.7965367965367965	0.7964743589743589	0.7270531400966184	0.7708333333333334	0.8760162601626016	0.7916666666666666	0.7692307692307693	0.7628205128205128	0.6730769230769231	0.7403846153846154	0.8760162601626016	0.7868589743589743	0.7964743589743589	
0.9428571428571428	1.0	1.0	0.9380952380952381	1.0	0.9428571428571428	0.9619047619047619	0.9619047619047619	0.9428571428571428	0.9619047619047619	0.919047619047619	1.0	0.9428571428571428	0	0.9619047619047619	0.9571428571428572	0.8761904761904762	0.9619047619047619	0.9619047619047619	0.9619047619047619	1.0	0.9523809523809523	0.9523809523809523	0.9428571428571428	0.9238095238095239	0.9380952380952381	0.9428571428571428	0.9428571428571428	0.9428571428571428	0.9428571428571428	0.9428571428571428	0.9380952380952381	0.9428571428571428	0.9523809523809523	
0.7959501557632399	0.9194915254237288	1.0	0.7887323943661971	1.0	0.780373831775701	0.7616822429906542	0.7632398753894081	0.8253968253968254	0.7805555555555556	0.7757009345794392	1.0	0.7996794871794872	0.9619047619047619	0	0.7708333333333334	0.7819314641744548	0.7663551401869159	0.7724358974358975	0.7769230769230769	0.7208333333333333	0.7077922077922078	0.7258566978193146	0.7874396135265701	0.7632398753894081	0.8699186991869918	0.7850467289719626	0.8044871794871795	0.7959501557632399	0.8012820512820513	0.7959501557632399	0.8556910569105691	0.7663551401869159	0.7772585669781932	
0.7979166666666667	0.9194915254237288	1.0	0.784037558685446	1.0	0.7854166666666667	0.7270833333333333	0.7083333333333334	0.8395833333333333	0.7416666666666667	0.4708333333333333	1.0	0.7916666666666666	0.9571428571428572	0.7708333333333334	0	0.74375	0.7104166666666667	0.7660256410256411	0.6846153846153846	0.6958333333333333	0.6796536796536796	0.575	0.7729468599033816	0.7833333333333333	0.8708333333333333	0.83125	0.825	0.7854166666666667	0.7958333333333333	0.7875	0.8708333333333333	0.7375	0.5208333333333334	
0.7819314641744548	0.9110169491525424	1.0	0.744131455399061	1.0	0.7507788161993769	0.7912772585669782	0.794392523364486	0.8095238095238095	0.7555555555555555	0.7336448598130841	1.0	0.7596153846153846	0.8761904761904762	0.7819314641744548	0.74375	0	0.7710280373831776	0.7339743589743589	0.7666666666666667	0.0	0.7489177489177489	0.7616822429906542	0.7391304347826086	0.7694704049844237	0.8699186991869918	0.8084112149532711	0.7868589743589743	0.780373831775701	0.7516025641025641	0.780373831775701	0.8678861788617886	0.7834890965732088	0.7274143302180686	
0.8052959501557633	0.9194915254237288	1.0	0.784037558685446	1.0	0.7975077881619937	0.6744548286604362	0.4719626168224299	0.8174603174603174	0.7444444444444445	0.7149532710280374	1.0	0.782051282051282	0.9619047619047619	0.7663551401869159	0.7104166666666667	0.7710280373831776	0	0.7628205128205128	0.0	0.7375	0.7380952380952381	0.6713395638629284	0.7801932367149759	0.616822429906542	0.8556910569105691	0.7663551401869159	0.7980769230769231	0.7616822429906542	0.7964743589743589	0.7834890965732088	0.8556910569105691	0.7149532710280374	0.6713395638629284	
0.7564102564102564	0.847457627118644	1.0	0.7339743589743589	1.0	0.7307692307692307	0.7660256410256411	0.7724358974358975	0.717948717948718	0.6730769230769231	0.7371794871794872	1.0	0.6923076923076923	0.9619047619047619	0.7724358974358975	0.7660256410256411	0.7339743589743589	0.7628205128205128	0	0.7628205128205128	0.7541666666666667	0.7724358974358975	0.7660256410256411	0.6634615384615384	0.7339743589743589	0.8910256410256411	0.6826923076923077	0.7596153846153846	0.7019230769230769	0.7211538461538461	0.7371794871794872	0.8910256410256411	0.7660256410256411	0.7435897435897436	
0.7923076923076923	0.9194915254237288	1.0	0.7794871794871795	1.0	0.7794871794871795	0.6461538461538462	0.6230769230769231	0.8051282051282052	0.7444444444444445	0.6974358974358974	1.0	0.7615384615384615	0.9619047619047619	0.7769230769230769	0.6846153846153846	0.7666666666666667	0.0	0.7628205128205128	0	0.7375	0.7205128205128205	0.6205128205128205	0.7769230769230769	0.6461538461538462	0.8794871794871795	0.823076923076923	0.823076923076923	0.7666666666666667	0.7871794871794872	0.7538461538461538	0.8794871794871795	0.6974358974358974	0.6333333333333333	
0.7625	0.9449152542372882	1.0	0.7583333333333333	1.0	0.7	0.7541666666666667	0.7541666666666667	0.7791666666666667	0.7291666666666666	0.7125	1.0	0.75	1.0	0.7208333333333333	0.6958333333333333	0.0	0.7375	0.7541666666666667	0.7375	0	0.6958333333333333	0.6833333333333333	0.7541666666666667	0.7541666666666667	0.8625	0.8416666666666667	0.8291666666666667	0.75	0.7291666666666666	0.7541666666666667	0.8583333333333333	0.7333333333333333	0.6291666666666667	
0.8008658008658008	0.9194915254237288	1.0	0.7863849765258216	1.0	0.7878787878787878	0.7402597402597403	0.7748917748917749	0.8268398268398268	0.775	0.6666666666666666	1.0	0.7965367965367965	0.9523809523809523	0.7077922077922078	0.6796536796536796	0.7489177489177489	0.7380952380952381	0.7724358974358975	0.7205128205128205	0.6958333333333333	0	0.7164502164502164	0.7777777777777778	0.7792207792207793	0.8658008658008658	0.8354978354978355	0.829004329004329	0.7878787878787878	0.7965367965367965	0.79004329004329	0.8722943722943723	0.79004329004329	0.6948051948051948	
0.7990654205607477	0.9194915254237288	1.0	0.784037558685446	1.0	0.7710280373831776	0.7165109034267912	0.7024922118380063	0.8253968253968254	0.7333333333333333	0.661993769470405	1.0	0.7964743589743589	0.9523809523809523	0.7258566978193146	0.575	0.7616822429906542	0.6713395638629284	0.7660256410256411	0.6205128205128205	0.6833333333333333	0.7164502164502164	0	0.7801932367149759	0.7336448598130841	0.8638211382113821	0.7959501557632399	0.8012820512820513	0.7928348909657321	0.7980769230769231	0.7866043613707165	0.8638211382113821	0.721183800623053	0.6261682242990654	
0.7632850241545893	0.885593220338983	1.0	0.7053140096618358	1.0	0.6545893719806763	0.782608695652174	0.7874396135265701	0.785024154589372	0.6555555555555556	0.748792270531401	1.0	0.7270531400966184	0.9428571428571428	0.7874396135265701	0.7729468599033816	0.7391304347826086	0.7801932367149759	0.6634615384615384	0.7769230769230769	0.7541666666666667	0.7777777777777778	0.7801932367149759	0	0.7560386473429952	0.8768115942028986	0.751207729468599	0.7729468599033816	0.7367149758454107	0.7222222222222222	0.748792270531401	0.8768115942028986	0.782608695652174	0.7584541062801933	
0.7725856697819314	0.9110169491525424	1.0	0.7605633802816901	0.6896551724137931	0.7819314641744548	0.6947040498442367	0.6557632398753894	0.7797619047619048	0.7722222222222223	0.7258566978193146	1.0	0.7708333333333334	0.9238095238095239	0.7632398753894081	0.7833333333333333	0.7694704049844237	0.616822429906542	0.7339743589743589	0.6461538461538462	0.7541666666666667	0.7792207792207793	0.7336448598130841	0.7560386473429952	0	0.8577235772357723	0.735202492211838	0.782051282051282	0.721183800623053	0.780448717948718	0.7523364485981309	0.8313008130081301	0.7429906542056075	0.7367601246105919	
0.8699186991869918	0.9491525423728814	1.0	0.8755868544600939	1.0	0.8699186991869918	0.8699186991869918	0.8556910569105691	0.9207317073170732	0.8833333333333333	0.8699186991869918	1.0	0.8760162601626016	0.9380952380952381	0.8699186991869918	0.8708333333333333	0.8699186991869918	0.8556910569105691	0.8910256410256411	0.8794871794871795	0.8625	0.8658008658008658	0.8638211382113821	0.8768115942028986	0.8577235772357723	0	0.9024390243902439	0.8861788617886179	0.8699186991869918	0.8760162601626016	0.8699186991869918	0.31910569105691056	0.8597560975609756	0.8597560975609756	
0.7305295950155763	0.864406779661017	0.9714285714285714	0.7746478873239436	1.0	0.7819314641744548	0.7959501557632399	0.7710280373831776	0.7976190476190477	0.7527777777777778	0.7757009345794392	1.0	0.7916666666666666	0.9428571428571428	0.7850467289719626	0.83125	0.8084112149532711	0.7663551401869159	0.6826923076923077	0.823076923076923	0.8416666666666667	0.8354978354978355	0.7959501557632399	0.751207729468599	0.735202492211838	0.9024390243902439	0	0.8141025641025641	0.7445482866043613	0.8012820512820513	0.7959501557632399	0.9024390243902439	0.7819314641744548	0.7912772585669782	
0.7692307692307693	0.923728813559322	1.0	0.7300469483568075	1.0	0.7836538461538461	0.8012820512820513	0.8012820512820513	0.8313492063492064	0.8222222222222222	0.7932692307692307	1.0	0.7692307692307693	0.9428571428571428	0.8044871794871795	0.825	0.7868589743589743	0.7980769230769231	0.7596153846153846	0.823076923076923	0.8291666666666667	0.829004329004329	0.8012820512820513	0.7729468599033816	0.782051282051282	0.8861788617886179	0.8141025641025641	0	0.7980769230769231	0.7836538461538461	0.8044871794871795	0.8861788617886179	0.7788461538461539	0.8092948717948718	
0.7398753894080997	0.9110169491525424	1.0	0.7276995305164319	1.0	0.7445482866043613	0.7959501557632399	0.7710280373831776	0.7321428571428571	0.7472222222222222	0.7476635514018691	1.0	0.7628205128205128	0.9428571428571428	0.7959501557632399	0.7854166666666667	0.780373831775701	0.7616822429906542	0.7019230769230769	0.7666666666666667	0.75	0.7878787878787878	0.7928348909657321	0.7367149758454107	0.721183800623053	0.8699186991869918	0.7445482866043613	0.7980769230769231	0	0.7548076923076923	0.7274143302180686	0.8699186991869918	0.7772585669781932	0.7616822429906542	
0.7323717948717948	0.8940677966101694	1.0	0.6854460093896714	1.0	0.6730769230769231	0.7980769230769231	0.7996794871794872	0.753968253968254	0.7583333333333333	0.782051282051282	1.0	0.6730769230769231	0.9428571428571428	0.8012820512820513	0.7958333333333333	0.7516025641025641	0.7964743589743589	0.7211538461538461	0.7871794871794872	0.7291666666666666	0.7965367965367965	0.7980769230769231	0.7222222222222222	0.780448717948718	0.8760162601626016	0.8012820512820513	0.7836538461538461	0.7548076923076923	0	0.7612179487179487	0.8760162601626016	0.7964743589743589	0.7980769230769231	
0.7414330218068536	0.9110169491525424	1.0	0.7511737089201878	1.0	0.764797507788162	0.7834890965732088	0.7834890965732088	0.746031746031746	0.775	0.7710280373831776	1.0	0.7403846153846154	0.9428571428571428	0.7959501557632399	0.7875	0.780373831775701	0.7834890965732088	0.7371794871794872	0.7538461538461538	0.7541666666666667	0.79004329004329	0.7866043613707165	0.748792270531401	0.7523364485981309	0.8699186991869918	0.7959501557632399	0.8044871794871795	0.7274143302180686	0.7612179487179487	0	0.8699186991869918	0.7834890965732088	0.7975077881619937	
0.8699186991869918	0.9491525423728814	1.0	0.8755868544600939	1.0	0.8699186991869918	0.8699186991869918	0.8556910569105691	0.9207317073170732	0.8833333333333333	0.8699186991869918	1.0	0.8760162601626016	0.9380952380952381	0.8556910569105691	0.8708333333333333	0.8678861788617886	0.8556910569105691	0.8910256410256411	0.8794871794871795	0.8583333333333333	0.8722943722943723	0.8638211382113821	0.8768115942028986	0.8313008130081301	0.31910569105691056	0.9024390243902439	0.8861788617886179	0.8699186991869918	0.8760162601626016	0.8699186991869918	0	0.8536585365853658	0.8597560975609756	
0.7959501557632399	0.9194915254237288	1.0	0.784037558685446	1.0	0.7959501557632399	0.7133956386292835	0.7476635514018691	0.8214285714285714	0.7472222222222222	0.7866043613707165	1.0	0.7868589743589743	0.9428571428571428	0.7663551401869159	0.7375	0.7834890965732088	0.7149532710280374	0.7660256410256411	0.6974358974358974	0.7333333333333333	0.79004329004329	0.721183800623053	0.782608695652174	0.7429906542056075	0.8597560975609756	0.7819314641744548	0.7788461538461539	0.7772585669781932	0.7964743589743589	0.7834890965732088	0.8536585365853658	0	0.7601246105919003	
0.8084112149532711	0.9194915254237288	1.0	0.784037558685446	1.0	0.7975077881619937	0.7461059190031153	0.7040498442367601	0.8214285714285714	0.7194444444444444	0.5404984423676013	1.0	0.7964743589743589	0.9523809523809523	0.7772585669781932	0.5208333333333334	0.7274143302180686	0.6713395638629284	0.7435897435897436	0.6333333333333333	0.6291666666666667	0.6948051948051948	0.6261682242990654	0.7584541062801933	0.7367601246105919	0.8597560975609756	0.7912772585669782	0.8092948717948718	0.7616822429906542	0.7980769230769231	0.7975077881619937	0.8597560975609756	0.7601246105919003	0	
