0	0.8	0.8007246376811594	0.8591549295774648	0.802536231884058	0.8246753246753247	0.8786231884057971	0.7952898550724637	0.7886178861788617	0.9039855072463768	0.8285714285714286	0.8695652173913043	0.7916666666666666	0.9112318840579711	0.9039855072463768	0.855072463768116	0.8586956521739131	0.8852813852813853	0.8586956521739131	0.8786231884057971	0.8677536231884058	0.8731884057971014	0.9090909090909091	0.7989130434782609	0.842391304347826	0.8586956521739131	0.7898550724637681	0.8719512195121951	0.9021739130434783	0.8170289855072463	0.9130434782608695	0.7952898550724637	0.8568840579710145	0.9242424242424242	
0.8	0	0.82	0.9266666666666666	0.8466666666666667	0.7933333333333333	0.88	0.8133333333333334	0.7666666666666667	0.88	0.8933333333333333	0.8533333333333334	0.84	0.8733333333333333	0.88	0.8533333333333334	0.8	0.6533333333333333	0.8	0.88	0.88	0.88	1.0	0.74	0.7533333333333333	0.8266666666666667	0.8466666666666667	0.76	0.88	0.8466666666666667	0.9533333333333334	0.7666666666666667	0.76	0.88	
0.8007246376811594	0.82	0	0.8345070422535211	0.8170289855072463	0.829004329004329	0.8387681159420289	0.7952898550724637	0.7703252032520326	0.8514492753623188	0.7476190476190476	0.8206521739130435	0.8087121212121212	0.875	0.8369565217391305	0.8297101449275363	0.822463768115942	0.8787878787878788	0.822463768115942	0.8387681159420289	0.8315217391304348	0.8315217391304348	0.8787878787878788	0.8043478260869565	0.8152173913043478	0.8405797101449275	0.7989130434782609	0.8373983739837398	0.8478260869565217	0.8152173913043478	0.8804347826086957	0.8007246376811594	0.8351449275362319	0.9015151515151515	
0.8591549295774648	0.9266666666666666	0.8345070422535211	0	0.676056338028169	0.75	0.7992957746478874	0.8309859154929577	0.8204225352112676	0.8380281690140845	0.8063380281690141	0.7570422535211268	0.7852112676056338	0.8380281690140845	0.8309859154929577	0.8169014084507042	0.8133802816901409	0.7183098591549296	0.8133802816901409	0.75	0.7746478873239436	0.6830985915492958	0.8939393939393939	0.7323943661971831	0.7746478873239436	0.778169014084507	0.7887323943661971	0.8204225352112676	0.897887323943662	0.7605633802816901	0.9014084507042254	0.7640845070422535	0.8204225352112676	0.8274647887323944	
0.802536231884058	0.8466666666666667	0.8170289855072463	0.676056338028169	0	0.8073593073593074	0.8442028985507246	0.7934782608695652	0.806910569105691	0.8695652173913043	0.7666666666666667	0.8079710144927537	0.6704545454545454	0.8659420289855072	0.8786231884057971	0.8152173913043478	0.8206521739130435	0.7012987012987013	0.8206521739130435	0.8315217391304348	0.7971014492753623	0.7952898550724637	0.8863636363636364	0.7536231884057971	0.8007246376811594	0.822463768115942	0.7192028985507246	0.8048780487804879	0.8713768115942029	0.7590579710144928	0.8804347826086957	0.7735507246376812	0.8079710144927537	0.8939393939393939	
0.8246753246753247	0.7933333333333333	0.829004329004329	0.75	0.8073593073593074	0	0.8484848484848485	0.7835497835497836	0.8246753246753247	0.8722943722943723	0.7928571428571428	0.8181818181818182	0.8225108225108225	0.8506493506493507	0.8874458874458875	0.79004329004329	0.7575757575757576	0.8376623376623377	0.7575757575757576	0.8116883116883117	0.8441558441558441	0.8376623376623377	0.8560606060606061	0.7770562770562771	0.7943722943722944	0.7683982683982684	0.8203463203463204	0.816017316017316	0.8917748917748918	0.8311688311688312	0.9112554112554112	0.8073593073593074	0.816017316017316	0.8939393939393939	
0.8786231884057971	0.88	0.8387681159420289	0.7992957746478874	0.8442028985507246	0.8484848484848485	0	0.8007246376811594	0.8333333333333334	0.7409420289855072	0.8333333333333334	0.7971014492753623	0.7992424242424242	0.7282608695652174	0.7735507246376812	0.7518115942028986	0.7844202898550725	0.8917748917748918	0.7844202898550725	0.7155797101449275	0.7101449275362319	0.7608695652173914	0.803030303030303	0.8460144927536232	0.8460144927536232	0.7989130434782609	0.8460144927536232	0.8028455284552846	0.8677536231884058	0.822463768115942	0.9057971014492754	0.8405797101449275	0.8061594202898551	0.8358585858585859	
0.7952898550724637	0.8133333333333334	0.7952898550724637	0.8309859154929577	0.7934782608695652	0.7835497835497836	0.8007246376811594	0	0.7987804878048781	0.8242753623188406	0.7857142857142857	0.7989130434782609	0.7253787878787878	0.8206521739130435	0.8297101449275363	0.7590579710144928	0.8043478260869565	0.8593073593073594	0.8043478260869565	0.7952898550724637	0.7844202898550725	0.8079710144927537	0.8560606060606061	0.8097826086956522	0.7989130434782609	0.7989130434782609	0.7898550724637681	0.766260162601626	0.8333333333333334	0.7807971014492754	0.9057971014492754	0.8369565217391305	0.7681159420289855	0.8661616161616161	
0.7886178861788617	0.7666666666666667	0.7703252032520326	0.8204225352112676	0.806910569105691	0.8246753246753247	0.8333333333333334	0.7987804878048781	0	0.8719512195121951	0.7309523809523809	0.7987804878048781	0.7642276422764228	0.8739837398373984	0.8455284552845529	0.8333333333333334	0.8252032520325203	0.8744588744588745	0.8252032520325203	0.7865853658536586	0.8170731707317073	0.8353658536585366	0.7651515151515151	0.741869918699187	0.7520325203252033	0.7987804878048781	0.7764227642276422	0.7947154471544715	0.8861788617886179	0.823170731707317	0.9146341463414634	0.693089430894309	0.7540650406504065	0.9015151515151515	
0.9039855072463768	0.88	0.8514492753623188	0.8380281690140845	0.8695652173913043	0.8722943722943723	0.7409420289855072	0.8242753623188406	0.8719512195121951	0	0.8738095238095238	0.8134057971014492	0.8333333333333334	0.7807971014492754	0.6721014492753623	0.7427536231884058	0.7771739130434783	0.8831168831168831	0.7771739130434783	0.730072463768116	0.7427536231884058	0.7952898550724637	0.9545454545454546	0.875	0.8768115942028986	0.8061594202898551	0.8731884057971014	0.7642276422764228	0.8206521739130435	0.8731884057971014	0.9003623188405797	0.8731884057971014	0.7681159420289855	0.7449494949494949	
0.8285714285714286	0.8933333333333333	0.7476190476190476	0.8063380281690141	0.7666666666666667	0.7928571428571428	0.8333333333333334	0.7857142857142857	0.7309523809523809	0.8738095238095238	0	0.7833333333333333	0.7285714285714285	0.861904761904762	0.8642857142857143	0.8166666666666667	0.830952380952381	0.8142857142857143	0.830952380952381	0.7904761904761904	0.8285714285714286	0.8023809523809524	0.8181818181818182	0.7238095238095238	0.8333333333333334	0.8285714285714286	0.7357142857142858	0.830952380952381	0.8738095238095238	0.8214285714285714	0.8833333333333333	0.7428571428571429	0.830952380952381	0.898989898989899	
0.8695652173913043	0.8533333333333334	0.8206521739130435	0.7570422535211268	0.8079710144927537	0.8181818181818182	0.7971014492753623	0.7989130434782609	0.7987804878048781	0.8134057971014492	0.7833333333333333	0	0.8257575757575758	0.842391304347826	0.7047101449275363	0.7572463768115942	0.8405797101449275	0.8571428571428571	0.8405797101449275	0.730072463768116	0.7753623188405797	0.7844202898550725	0.6515151515151515	0.8369565217391305	0.8442028985507246	0.8134057971014492	0.8460144927536232	0.8394308943089431	0.8786231884057971	0.8206521739130435	0.907608695652174	0.8369565217391305	0.8387681159420289	0.8459595959595959	
0.7916666666666666	0.84	0.8087121212121212	0.7852112676056338	0.6704545454545454	0.8225108225108225	0.7992424242424242	0.7253787878787878	0.7642276422764228	0.8333333333333334	0.7285714285714285	0.8257575757575758	0	0.8295454545454546	0.8276515151515151	0.7670454545454546	0.8049242424242424	0.8095238095238095	0.8049242424242424	0.7746212121212122	0.7746212121212122	0.7727272727272727	0.8181818181818182	0.7443181818181818	0.8106060606060606	0.8011363636363636	0.7159090909090909	0.7987804878048781	0.8560606060606061	0.7878787878787878	0.8636363636363636	0.8200757575757576	0.7821969696969697	0.8661616161616161	
0.9112318840579711	0.8733333333333333	0.875	0.8380281690140845	0.8659420289855072	0.8506493506493507	0.7282608695652174	0.8206521739130435	0.8739837398373984	0.7807971014492754	0.861904761904762	0.842391304347826	0.8295454545454546	0	0.8115942028985508	0.7952898550724637	0.8297101449275363	0.8311688311688312	0.8297101449275363	0.7644927536231884	0.7554347826086957	0.7880434782608695	0.9696969696969697	0.8677536231884058	0.8786231884057971	0.7952898550724637	0.8586956521739131	0.8556910569105691	0.8713768115942029	0.8605072463768116	0.8967391304347826	0.8822463768115942	0.8532608695652174	0.8434343434343434	
0.9039855072463768	0.88	0.8369565217391305	0.8309859154929577	0.8786231884057971	0.8874458874458875	0.7735507246376812	0.8297101449275363	0.8455284552845529	0.6721014492753623	0.8642857142857143	0.7047101449275363	0.8276515151515151	0.8115942028985508	0	0.7554347826086957	0.8206521739130435	0.8852813852813853	0.8206521739130435	0.7717391304347826	0.7771739130434783	0.8115942028985508	0.9015151515151515	0.8713768115942029	0.8804347826086957	0.8405797101449275	0.8605072463768116	0.8333333333333334	0.8079710144927537	0.8786231884057971	0.8858695652173914	0.8731884057971014	0.8297101449275363	0.797979797979798	
0.855072463768116	0.8533333333333334	0.8297101449275363	0.8169014084507042	0.8152173913043478	0.79004329004329	0.7518115942028986	0.7590579710144928	0.8333333333333334	0.7427536231884058	0.8166666666666667	0.7572463768115942	0.7670454545454546	0.7952898550724637	0.7554347826086957	0	0.7771739130434783	0.8852813852813853	0.7771739130434783	0.7101449275362319	0.7391304347826086	0.8043478260869565	0.8560606060606061	0.8405797101449275	0.842391304347826	0.8043478260869565	0.8351449275362319	0.782520325203252	0.8677536231884058	0.8387681159420289	0.9057971014492754	0.8134057971014492	0.7880434782608695	0.8484848484848485	
0.8586956521739131	0.8	0.822463768115942	0.8133802816901409	0.8206521739130435	0.7575757575757576	0.7844202898550725	0.8043478260869565	0.8252032520325203	0.7771739130434783	0.830952380952381	0.8405797101449275	0.8049242424242424	0.8297101449275363	0.8206521739130435	0.7771739130434783	0	0.8506493506493507	0.0	0.8007246376811594	0.8134057971014492	0.8061594202898551	0.8787878787878788	0.8079710144927537	0.8007246376811594	0.7862318840579711	0.8297101449275363	0.7479674796747967	0.8478260869565217	0.8152173913043478	0.894927536231884	0.8152173913043478	0.7536231884057971	0.8434343434343434	
0.8852813852813853	0.6533333333333333	0.8787878787878788	0.7183098591549296	0.7012987012987013	0.8376623376623377	0.8917748917748918	0.8593073593073594	0.8744588744588745	0.8831168831168831	0.8142857142857143	0.8571428571428571	0.8095238095238095	0.8311688311688312	0.8852813852813853	0.8852813852813853	0.8506493506493507	0	0.8506493506493507	0.8787878787878788	0.8658008658008658	0.8441558441558441	0.9848484848484849	0.7402597402597403	0.7922077922077922	0.8636363636363636	0.8354978354978355	0.8008658008658008	0.8852813852813853	0.8138528138528138	0.8939393939393939	0.803030303030303	0.8008658008658008	0.9040404040404041	
0.8586956521739131	0.8	0.822463768115942	0.8133802816901409	0.8206521739130435	0.7575757575757576	0.7844202898550725	0.8043478260869565	0.8252032520325203	0.7771739130434783	0.830952380952381	0.8405797101449275	0.8049242424242424	0.8297101449275363	0.8206521739130435	0.7771739130434783	0.0	0.8506493506493507	0	0.8007246376811594	0.8134057971014492	0.8061594202898551	0.8787878787878788	0.8079710144927537	0.8007246376811594	0.7862318840579711	0.8297101449275363	0.7479674796747967	0.8478260869565217	0.8152173913043478	0.894927536231884	0.8152173913043478	0.7536231884057971	0.8434343434343434	
0.8786231884057971	0.88	0.8387681159420289	0.75	0.8315217391304348	0.8116883116883117	0.7155797101449275	0.7952898550724637	0.7865853658536586	0.730072463768116	0.7904761904761904	0.730072463768116	0.7746212121212122	0.7644927536231884	0.7717391304347826	0.7101449275362319	0.8007246376811594	0.8787878787878788	0.8007246376811594	0	0.6413043478260869	0.7119565217391305	0.0	0.822463768115942	0.842391304347826	0.7916666666666666	0.8369565217391305	0.790650406504065	0.8677536231884058	0.8405797101449275	0.9057971014492754	0.8460144927536232	0.7952898550724637	0.8333333333333334	
0.8677536231884058	0.88	0.8315217391304348	0.7746478873239436	0.7971014492753623	0.8441558441558441	0.7101449275362319	0.7844202898550725	0.8170731707317073	0.7427536231884058	0.8285714285714286	0.7753623188405797	0.7746212121212122	0.7554347826086957	0.7771739130434783	0.7391304347826086	0.8134057971014492	0.8658008658008658	0.8134057971014492	0.6413043478260869	0	0.7282608695652174	0.8484848484848485	0.842391304347826	0.8315217391304348	0.7862318840579711	0.8369565217391305	0.790650406504065	0.8677536231884058	0.8405797101449275	0.8913043478260869	0.8460144927536232	0.7952898550724637	0.8358585858585859	
0.8731884057971014	0.88	0.8315217391304348	0.6830985915492958	0.7952898550724637	0.8376623376623377	0.7608695652173914	0.8079710144927537	0.8353658536585366	0.7952898550724637	0.8023809523809524	0.7844202898550725	0.7727272727272727	0.7880434782608695	0.8115942028985508	0.8043478260869565	0.8061594202898551	0.8441558441558441	0.8061594202898551	0.7119565217391305	0.7282608695652174	0	0.8863636363636364	0.7880434782608695	0.8260869565217391	0.7681159420289855	0.8170289855072463	0.7845528455284553	0.8623188405797102	0.8206521739130435	0.8822463768115942	0.8333333333333334	0.7898550724637681	0.8207070707070707	
0.9090909090909091	1.0	0.8787878787878788	0.8939393939393939	0.8863636363636364	0.8560606060606061	0.803030303030303	0.8560606060606061	0.7651515151515151	0.9545454545454546	0.8181818181818182	0.6515151515151515	0.8181818181818182	0.9696969696969697	0.9015151515151515	0.8560606060606061	0.8787878787878788	0.9848484848484849	0.8787878787878788	0.0	0.8484848484848485	0.8863636363636364	0	0.8863636363636364	0.8863636363636364	0.8787878787878788	0.8787878787878788	0.8863636363636364	1.0	0.8863636363636364	1.0	0.8863636363636364	0.8863636363636364	0.9924242424242424	
0.7989130434782609	0.74	0.8043478260869565	0.7323943661971831	0.7536231884057971	0.7770562770562771	0.8460144927536232	0.8097826086956522	0.741869918699187	0.875	0.7238095238095238	0.8369565217391305	0.7443181818181818	0.8677536231884058	0.8713768115942029	0.8405797101449275	0.8079710144927537	0.7402597402597403	0.8079710144927537	0.822463768115942	0.842391304347826	0.7880434782608695	0.8863636363636364	0	0.7028985507246377	0.7572463768115942	0.7608695652173914	0.7764227642276422	0.8695652173913043	0.8170289855072463	0.8931159420289855	0.7228260869565217	0.7626811594202898	0.8914141414141414	
0.842391304347826	0.7533333333333333	0.8152173913043478	0.7746478873239436	0.8007246376811594	0.7943722943722944	0.8460144927536232	0.7989130434782609	0.7520325203252033	0.8768115942028986	0.8333333333333334	0.8442028985507246	0.8106060606060606	0.8786231884057971	0.8804347826086957	0.842391304347826	0.8007246376811594	0.7922077922077922	0.8007246376811594	0.842391304347826	0.8315217391304348	0.8260869565217391	0.8863636363636364	0.7028985507246377	0	0.7844202898550725	0.8188405797101449	0.7621951219512195	0.8804347826086957	0.8079710144927537	0.8985507246376812	0.7644927536231884	0.7518115942028986	0.8939393939393939	
0.8586956521739131	0.8266666666666667	0.8405797101449275	0.778169014084507	0.822463768115942	0.7683982683982684	0.7989130434782609	0.7989130434782609	0.7987804878048781	0.8061594202898551	0.8285714285714286	0.8134057971014492	0.8011363636363636	0.7952898550724637	0.8405797101449275	0.8043478260869565	0.7862318840579711	0.8636363636363636	0.7862318840579711	0.7916666666666666	0.7862318840579711	0.7681159420289855	0.8787878787878788	0.7572463768115942	0.7844202898550725	0	0.822463768115942	0.774390243902439	0.8659420289855072	0.8315217391304348	0.9003623188405797	0.8115942028985508	0.7626811594202898	0.7626262626262627	
0.7898550724637681	0.8466666666666667	0.7989130434782609	0.7887323943661971	0.7192028985507246	0.8203463203463204	0.8460144927536232	0.7898550724637681	0.7764227642276422	0.8731884057971014	0.7357142857142858	0.8460144927536232	0.7159090909090909	0.8586956521739131	0.8605072463768116	0.8351449275362319	0.8297101449275363	0.8354978354978355	0.8297101449275363	0.8369565217391305	0.8369565217391305	0.8170289855072463	0.8787878787878788	0.7608695652173914	0.8188405797101449	0.822463768115942	0	0.8150406504065041	0.8695652173913043	0.7717391304347826	0.9003623188405797	0.7735507246376812	0.8061594202898551	0.9015151515151515	
0.8719512195121951	0.76	0.8373983739837398	0.8204225352112676	0.8048780487804879	0.816017316017316	0.8028455284552846	0.766260162601626	0.7947154471544715	0.7642276422764228	0.830952380952381	0.8394308943089431	0.7987804878048781	0.8556910569105691	0.8333333333333334	0.782520325203252	0.7479674796747967	0.8008658008658008	0.7479674796747967	0.790650406504065	0.790650406504065	0.7845528455284553	0.8863636363636364	0.7764227642276422	0.7621951219512195	0.774390243902439	0.8150406504065041	0	0.8719512195121951	0.8333333333333334	0.9044715447154471	0.7865853658536586	0.0	0.851010101010101	
0.9021739130434783	0.88	0.8478260869565217	0.897887323943662	0.8713768115942029	0.8917748917748918	0.8677536231884058	0.8333333333333334	0.8861788617886179	0.8206521739130435	0.8738095238095238	0.8786231884057971	0.8560606060606061	0.8713768115942029	0.8079710144927537	0.8677536231884058	0.8478260869565217	0.8852813852813853	0.8478260869565217	0.8677536231884058	0.8677536231884058	0.8623188405797102	1.0	0.8695652173913043	0.8804347826086957	0.8659420289855072	0.8695652173913043	0.8719512195121951	0	0.8804347826086957	0.8713768115942029	0.8641304347826086	0.8659420289855072	0.8308080808080808	
0.8170289855072463	0.8466666666666667	0.8152173913043478	0.7605633802816901	0.7590579710144928	0.8311688311688312	0.822463768115942	0.7807971014492754	0.823170731707317	0.8731884057971014	0.8214285714285714	0.8206521739130435	0.7878787878787878	0.8605072463768116	0.8786231884057971	0.8387681159420289	0.8152173913043478	0.8138528138528138	0.8152173913043478	0.8405797101449275	0.8405797101449275	0.8206521739130435	0.8863636363636364	0.8170289855072463	0.8079710144927537	0.8315217391304348	0.7717391304347826	0.8333333333333334	0.8804347826086957	0	0.9166666666666666	0.8333333333333334	0.8206521739130435	0.898989898989899	
0.9130434782608695	0.9533333333333334	0.8804347826086957	0.9014084507042254	0.8804347826086957	0.9112554112554112	0.9057971014492754	0.9057971014492754	0.9146341463414634	0.9003623188405797	0.8833333333333333	0.907608695652174	0.8636363636363636	0.8967391304347826	0.8858695652173914	0.9057971014492754	0.894927536231884	0.8939393939393939	0.894927536231884	0.9057971014492754	0.8913043478260869	0.8822463768115942	1.0	0.8931159420289855	0.8985507246376812	0.9003623188405797	0.9003623188405797	0.9044715447154471	0.8713768115942029	0.9166666666666666	0	0.9021739130434783	0.9039855072463768	0.9191919191919192	
0.7952898550724637	0.7666666666666667	0.8007246376811594	0.7640845070422535	0.7735507246376812	0.8073593073593074	0.8405797101449275	0.8369565217391305	0.693089430894309	0.8731884057971014	0.7428571428571429	0.8369565217391305	0.8200757575757576	0.8822463768115942	0.8731884057971014	0.8134057971014492	0.8152173913043478	0.803030303030303	0.8152173913043478	0.8460144927536232	0.8460144927536232	0.8333333333333334	0.8863636363636364	0.7228260869565217	0.7644927536231884	0.8115942028985508	0.7735507246376812	0.7865853658536586	0.8641304347826086	0.8333333333333334	0.9021739130434783	0	0.7916666666666666	0.8914141414141414	
0.8568840579710145	0.76	0.8351449275362319	0.8204225352112676	0.8079710144927537	0.816017316017316	0.8061594202898551	0.7681159420289855	0.7540650406504065	0.7681159420289855	0.830952380952381	0.8387681159420289	0.7821969696969697	0.8532608695652174	0.8297101449275363	0.7880434782608695	0.7536231884057971	0.8008658008658008	0.7536231884057971	0.7952898550724637	0.7952898550724637	0.7898550724637681	0.8863636363636364	0.7626811594202898	0.7518115942028986	0.7626811594202898	0.8061594202898551	0.0	0.8659420289855072	0.8206521739130435	0.9039855072463768	0.7916666666666666	0	0.851010101010101	
0.9242424242424242	0.88	0.9015151515151515	0.8274647887323944	0.8939393939393939	0.8939393939393939	0.8358585858585859	0.8661616161616161	0.9015151515151515	0.7449494949494949	0.898989898989899	0.8459595959595959	0.8661616161616161	0.8434343434343434	0.797979797979798	0.8484848484848485	0.8434343434343434	0.9040404040404041	0.8434343434343434	0.8333333333333334	0.8358585858585859	0.8207070707070707	0.9924242424242424	0.8914141414141414	0.8939393939393939	0.7626262626262627	0.9015151515151515	0.851010101010101	0.8308080808080808	0.898989898989899	0.9191919191919192	0.8914141414141414	0.851010101010101	0	
