0	0.8009259259259259	0.8356481481481481	0.8627450980392157	0.8078703703703703	0.8078703703703703	0.7800925925925926	0.7916666666666666	0.8067632850241546	0.8548387096774194	0.8078703703703703	0.827683615819209	0.8541666666666666	0.8458333333333333	0.8240740740740741	0.8009259259259259	0.8055555555555556	0.8078703703703703	0.8703703703703703	0.7925925925925926	0.8078703703703703	0.8055555555555556	0.8078703703703703	0.75	0.8541666666666666	0.8078703703703703	0.8240740740740741	0.8078703703703703	0.9014084507042254	0.8148148148148148	0.9142857142857143	0.7878787878787878	0.8078703703703703	0.8194444444444444	
0.8009259259259259	0	0.8495370370370371	0.8660130718954249	0.7916666666666666	0.7962962962962963	0.8148148148148148	0.7777777777777778	0.8043478260869565	0.8225806451612904	0.8032407407407407	0.8163841807909604	0.8796296296296297	0.8333333333333334	0.8240740740740741	0.7986111111111112	0.8148148148148148	0.8148148148148148	0.875	0.8037037037037037	0.8055555555555556	0.8106060606060606	0.8055555555555556	0.8125	0.8819444444444444	0.8171296296296297	0.7870370370370371	0.8148148148148148	0.9154929577464789	0.8263888888888888	0.9071428571428571	0.7424242424242424	0.8148148148148148	0.7962962962962963	
0.8356481481481481	0.8495370370370371	0	0.8856209150326797	0.8148148148148148	0.8148148148148148	0.7824074074074074	0.7870370370370371	0.7222222222222222	0.8387096774193549	0.7870370370370371	0.7062146892655368	0.875	0.6833333333333333	0.7870370370370371	0.7453703703703703	0.8263888888888888	0.7916666666666666	0.8171296296296297	0.8222222222222222	0.7916666666666666	0.8207070707070707	0.7916666666666666	0.7893518518518519	0.7129629629629629	0.6875	0.7916666666666666	0.7939814814814815	0.9131455399061033	0.8495370370370371	0.9023809523809524	0.7929292929292929	0.7939814814814815	0.7731481481481481	
0.8627450980392157	0.8660130718954249	0.8856209150326797	0	0.6895424836601307	0.826797385620915	0.7941176470588235	0.8431372549019608	0.7352941176470589	0.9247311827956989	0.8137254901960784	0.9215686274509803	0.8366013071895425	0.9416666666666667	0.8562091503267973	0.8235294117647058	0.8464052287581699	0.8398692810457516	0.8758169934640523	0.8481481481481481	0.7483660130718954	0.8464052287581699	0.7483660130718954	0.8725490196078431	0.8169934640522876	0.8300653594771242	0.8169934640522876	0.7908496732026143	0.9379084967320261	0.9084967320261438	0.9640522875816994	0.8366013071895425	0.7908496732026143	0.8823529411764706	
0.8078703703703703	0.7916666666666666	0.8148148148148148	0.6895424836601307	0	0.7106481481481481	0.6921296296296297	0.7476851851851852	0.7028985507246377	0.6989247311827957	0.7199074074074074	0.7542372881355932	0.8379629629629629	0.7958333333333333	0.7638888888888888	0.7800925925925926	0.7569444444444444	0.7407407407407407	0.8032407407407407	0.7111111111111111	0.6921296296296297	0.7525252525252525	0.6921296296296297	0.7986111111111112	0.8078703703703703	0.7175925925925926	0.7129629629629629	0.6805555555555556	0.8967136150234741	0.8402777777777778	0.9142857142857143	0.7146464646464646	0.6805555555555556	0.7939814814814815	
0.8078703703703703	0.7962962962962963	0.8148148148148148	0.826797385620915	0.7106481481481481	0	0.7453703703703703	0.7685185185185185	0.7367149758454107	0.6774193548387096	0.7453703703703703	0.7542372881355932	0.8495370370370371	0.7958333333333333	0.7731481481481481	0.7916666666666666	0.7569444444444444	0.7453703703703703	0.7731481481481481	0.7148148148148148	0.7453703703703703	0.7474747474747475	0.7453703703703703	0.8194444444444444	0.8333333333333334	0.7638888888888888	0.7569444444444444	0.7384259259259259	0.9014084507042254	0.8402777777777778	0.9023809523809524	0.7171717171717171	0.7384259259259259	0.7962962962962963	
0.7800925925925926	0.8148148148148148	0.7824074074074074	0.7941176470588235	0.6921296296296297	0.7453703703703703	0	0.7685185185185185	0.6956521739130435	0.7365591397849462	0.6875	0.7288135593220338	0.8101851851851852	0.7625	0.6643518518518519	0.7546296296296297	0.7106481481481481	0.6990740740740741	0.8078703703703703	0.6777777777777778	0.6481481481481481	0.7525252525252525	0.6481481481481481	0.8078703703703703	0.7847222222222222	0.7800925925925926	0.7083333333333334	0.6782407407407407	0.8990610328638498	0.8402777777777778	0.9166666666666666	0.6666666666666666	0.6782407407407407	0.7962962962962963	
0.7916666666666666	0.7777777777777778	0.7870370370370371	0.8431372549019608	0.7476851851851852	0.7685185185185185	0.7685185185185185	0	0.7367149758454107	0.7526881720430108	0.7638888888888888	0.7570621468926554	0.8449074074074074	0.8041666666666667	0.7916666666666666	0.7986111111111112	0.7638888888888888	0.7569444444444444	0.8055555555555556	0.7111111111111111	0.7662037037037037	0.76010101010101	0.7662037037037037	0.7476851851851852	0.8194444444444444	0.7731481481481481	0.7824074074074074	0.75	0.9014084507042254	0.8217592592592593	0.9166666666666666	0.7222222222222222	0.75	0.6736111111111112	
0.8067632850241546	0.8043478260869565	0.7222222222222222	0.7352941176470589	0.7028985507246377	0.7367149758454107	0.6956521739130435	0.7367149758454107	0	0.7365591397849462	0.6835748792270532	0.692090395480226	0.821256038647343	0.65	0.7439613526570048	0.7463768115942029	0.7439613526570048	0.6497584541062802	0.7608695652173914	0.6185185185185185	0.6521739130434783	0.7525252525252525	0.6521739130434783	0.7753623188405797	0.714975845410628	0.7053140096618358	0.6690821256038647	0.5797101449275363	0.893719806763285	0.8405797101449275	0.9106280193236715	0.7171717171717171	0.5797101449275363	0.7729468599033816	
0.8548387096774194	0.8225806451612904	0.8387096774193549	0.9247311827956989	0.6989247311827957	0.6774193548387096	0.7365591397849462	0.7526881720430108	0.7365591397849462	0	0.7150537634408602	0.7311827956989247	0.8440860215053764	0.9139784946236559	0.7365591397849462	0.8333333333333334	0.7365591397849462	0.7365591397849462	0.7150537634408602	0.7473118279569892	0.6344086021505376	0.7419354838709677	0.6344086021505376	0.8548387096774194	0.8763440860215054	0.8010752688172043	0.7365591397849462	0.6451612903225806	0.9301075268817204	0.8709677419354839	0.9301075268817204	0.7365591397849462	0.6451612903225806	0.7580645161290323	
0.8078703703703703	0.8032407407407407	0.7870370370370371	0.8137254901960784	0.7199074074074074	0.7453703703703703	0.6875	0.7638888888888888	0.6835748792270532	0.7150537634408602	0	0.7542372881355932	0.7175925925925926	0.7916666666666666	0.7060185185185185	0.6041666666666666	0.7268518518518519	0.6296296296296297	0.7893518518518519	0.6370370370370371	0.5787037037037037	0.7474747474747475	0.5787037037037037	0.7615740740740741	0.8055555555555556	0.7268518518518519	0.6689814814814815	0.6550925925925926	0.8943661971830986	0.8402777777777778	0.9166666666666666	0.7196969696969697	0.6550925925925926	0.7777777777777778	
0.827683615819209	0.8163841807909604	0.7062146892655368	0.9215686274509803	0.7542372881355932	0.7542372881355932	0.7288135593220338	0.7570621468926554	0.692090395480226	0.7311827956989247	0.7542372881355932	0	0.8870056497175142	0.30416666666666664	0.7429378531073446	0.8163841807909604	0.7740112994350282	0.751412429378531	0.7570621468926554	0.7962962962962963	0.7570621468926554	0.7853107344632768	0.7570621468926554	0.7796610169491526	0.8022598870056498	0.7598870056497176	0.7401129943502824	0.7457627118644068	0.9322033898305084	0.8531073446327684	0.9322033898305084	0.731638418079096	0.7457627118644068	0.7570621468926554	
0.8541666666666666	0.8796296296296297	0.875	0.8366013071895425	0.8379629629629629	0.8495370370370371	0.8101851851851852	0.8449074074074074	0.821256038647343	0.8440860215053764	0.7175925925925926	0.8870056497175142	0	0.9416666666666667	0.8287037037037037	0.7708333333333334	0.8101851851851852	0.7962962962962963	0.8171296296296297	0.7703703703703704	0.7847222222222222	0.8459595959595959	0.7847222222222222	0.8055555555555556	0.875	0.8240740740740741	0.8287037037037037	0.8032407407407407	0.9061032863849765	0.8865740740740741	0.9261904761904762	0.8358585858585859	0.8032407407407407	0.8657407407407407	
0.8458333333333333	0.8333333333333334	0.6833333333333333	0.9416666666666667	0.7958333333333333	0.7958333333333333	0.7625	0.8041666666666667	0.65	0.9139784946236559	0.7916666666666666	0.30416666666666664	0.9416666666666667	0	0.7958333333333333	0.8416666666666667	0.825	0.7916666666666666	0.8	0.9291666666666667	0.8	0.8541666666666666	0.8	0.775	0.7583333333333333	0.7583333333333333	0.775	0.7208333333333333	0.9625	0.8625	0.9625	0.7875	0.7208333333333333	0.8041666666666667	
0.8240740740740741	0.8240740740740741	0.7870370370370371	0.8562091503267973	0.7638888888888888	0.7731481481481481	0.6643518518518519	0.7916666666666666	0.7439613526570048	0.7365591397849462	0.7060185185185185	0.7429378531073446	0.8287037037037037	0.7958333333333333	0	0.7685185185185185	0.7384259259259259	0.7361111111111112	0.8171296296296297	0.7111111111111111	0.6851851851851852	0.7550505050505051	0.6851851851851852	0.8171296296296297	0.8078703703703703	0.8171296296296297	0.7361111111111112	0.7268518518518519	0.9131455399061033	0.8402777777777778	0.9166666666666666	0.75	0.7268518518518519	0.7615740740740741	
0.8009259259259259	0.7986111111111112	0.7453703703703703	0.8235294117647058	0.7800925925925926	0.7916666666666666	0.7546296296296297	0.7986111111111112	0.7463768115942029	0.8333333333333334	0.6041666666666666	0.8163841807909604	0.7708333333333334	0.8416666666666667	0.7685185185185185	0	0.7870370370370371	0.7245370370370371	0.8425925925925926	0.7814814814814814	0.6134259259259259	0.7853535353535354	0.6134259259259259	0.8217592592592593	0.7569444444444444	0.6944444444444444	0.8078703703703703	0.7893518518518519	0.8990610328638498	0.8402777777777778	0.9166666666666666	0.7727272727272727	0.7893518518518519	0.8263888888888888	
0.8055555555555556	0.8148148148148148	0.8263888888888888	0.8464052287581699	0.7569444444444444	0.7569444444444444	0.7106481481481481	0.7638888888888888	0.7439613526570048	0.7365591397849462	0.7268518518518519	0.7740112994350282	0.8101851851851852	0.825	0.7384259259259259	0.7870370370370371	0	0.7453703703703703	0.8148148148148148	0.6962962962962963	0.7013888888888888	0.75	0.7013888888888888	0.8009259259259259	0.8287037037037037	0.7986111111111112	0.7546296296296297	0.7314814814814815	0.9014084507042254	0.8287037037037037	0.9166666666666666	0.7348484848484849	0.7314814814814815	0.7916666666666666	
0.8078703703703703	0.8148148148148148	0.7916666666666666	0.8398692810457516	0.7407407407407407	0.7453703703703703	0.6990740740740741	0.7569444444444444	0.6497584541062802	0.7365591397849462	0.6296296296296297	0.751412429378531	0.7962962962962963	0.7916666666666666	0.7361111111111112	0.7245370370370371	0.7453703703703703	0	0.8055555555555556	0.0	0.6689814814814815	0.75	0.6689814814814815	0.7870370370370371	0.8101851851851852	0.75	0.7523148148148148	0.6944444444444444	0.8990610328638498	0.8379629629629629	0.9166666666666666	0.7222222222222222	0.6944444444444444	0.7847222222222222	
0.8703703703703703	0.875	0.8171296296296297	0.8758169934640523	0.8032407407407407	0.7731481481481481	0.8078703703703703	0.8055555555555556	0.7608695652173914	0.7150537634408602	0.7893518518518519	0.7570621468926554	0.8171296296296297	0.8	0.8171296296296297	0.8425925925925926	0.8148148148148148	0.8055555555555556	0	0.737037037037037	0.7893518518518519	0.8156565656565656	0.7893518518518519	0.8287037037037037	0.8518518518518519	0.8055555555555556	0.7430555555555556	0.7847222222222222	0.8967136150234741	0.8611111111111112	0.9166666666666666	0.7803030303030303	0.7847222222222222	0.8171296296296297	
0.7925925925925926	0.8037037037037037	0.8222222222222222	0.8481481481481481	0.7111111111111111	0.7148148148148148	0.6777777777777778	0.7111111111111111	0.6185185185185185	0.7473118279569892	0.6370370370370371	0.7962962962962963	0.7703703703703704	0.9291666666666667	0.7111111111111111	0.7814814814814814	0.6962962962962963	0.0	0.737037037037037	0	0.7	0.7111111111111111	0.7	0.762962962962963	0.8296296296296296	0.7814814814814814	0.725925925925926	0.6518518518518519	0.8777777777777778	0.8444444444444444	0.9037037037037037	0.7148148148148148	0.6518518518518519	0.7555555555555555	
0.8078703703703703	0.8055555555555556	0.7916666666666666	0.7483660130718954	0.6921296296296297	0.7453703703703703	0.6481481481481481	0.7662037037037037	0.6521739130434783	0.6344086021505376	0.5787037037037037	0.7570621468926554	0.7847222222222222	0.8	0.6851851851851852	0.6134259259259259	0.7013888888888888	0.6689814814814815	0.7893518518518519	0.7	0	0.75	0.0	0.8032407407407407	0.75	0.7291666666666666	0.7384259259259259	0.6921296296296297	0.8990610328638498	0.8402777777777778	0.9166666666666666	0.7196969696969697	0.6921296296296297	0.7916666666666666	
0.8055555555555556	0.8106060606060606	0.8207070707070707	0.8464052287581699	0.7525252525252525	0.7474747474747475	0.7525252525252525	0.76010101010101	0.7525252525252525	0.7419354838709677	0.7474747474747475	0.7853107344632768	0.8459595959595959	0.8541666666666666	0.7550505050505051	0.7853535353535354	0.75	0.75	0.8156565656565656	0.7111111111111111	0.75	0	0.75	0.8131313131313131	0.8484848484848485	0.797979797979798	0.75	0.75	0.9090909090909091	0.8308080808080808	0.9267676767676768	0.7525252525252525	0.75	0.7803030303030303	
0.8078703703703703	0.8055555555555556	0.7916666666666666	0.7483660130718954	0.6921296296296297	0.7453703703703703	0.6481481481481481	0.7662037037037037	0.6521739130434783	0.6344086021505376	0.5787037037037037	0.7570621468926554	0.7847222222222222	0.8	0.6851851851851852	0.6134259259259259	0.7013888888888888	0.6689814814814815	0.7893518518518519	0.7	0.0	0.75	0	0.8032407407407407	0.75	0.7291666666666666	0.7384259259259259	0.6921296296296297	0.8990610328638498	0.8402777777777778	0.9166666666666666	0.7196969696969697	0.6921296296296297	0.7916666666666666	
0.75	0.8125	0.7893518518518519	0.8725490196078431	0.7986111111111112	0.8194444444444444	0.8078703703703703	0.7476851851851852	0.7753623188405797	0.8548387096774194	0.7615740740740741	0.7796610169491526	0.8055555555555556	0.775	0.8171296296296297	0.8217592592592593	0.8009259259259259	0.7870370370370371	0.8287037037037037	0.762962962962963	0.8032407407407407	0.8131313131313131	0.8032407407407407	0	0.8125	0.7847222222222222	0.7384259259259259	0.7638888888888888	0.8779342723004695	0.8032407407407407	0.9071428571428571	0.803030303030303	0.7638888888888888	0.7337962962962963	
0.8541666666666666	0.8819444444444444	0.7129629629629629	0.8169934640522876	0.8078703703703703	0.8333333333333334	0.7847222222222222	0.8194444444444444	0.714975845410628	0.8763440860215054	0.8055555555555556	0.8022598870056498	0.875	0.7583333333333333	0.8078703703703703	0.7569444444444444	0.8287037037037037	0.8101851851851852	0.8518518518518519	0.8296296296296296	0.75	0.8484848484848485	0.75	0.8125	0	0.6990740740740741	0.7939814814814815	0.7523148148148148	0.9225352112676056	0.8865740740740741	0.930952380952381	0.8106060606060606	0.7523148148148148	0.8379629629629629	
0.8078703703703703	0.8171296296296297	0.6875	0.8300653594771242	0.7175925925925926	0.7638888888888888	0.7800925925925926	0.7731481481481481	0.7053140096618358	0.8010752688172043	0.7268518518518519	0.7598870056497176	0.8240740740740741	0.7583333333333333	0.8171296296296297	0.6944444444444444	0.7986111111111112	0.75	0.8055555555555556	0.7814814814814814	0.7291666666666666	0.797979797979798	0.7291666666666666	0.7847222222222222	0.6990740740740741	0	0.7777777777777778	0.75	0.9014084507042254	0.8402777777777778	0.8976190476190476	0.7626262626262627	0.75	0.7754629629629629	
0.8240740740740741	0.7870370370370371	0.7916666666666666	0.8169934640522876	0.7129629629629629	0.7569444444444444	0.7083333333333334	0.7824074074074074	0.6690821256038647	0.7365591397849462	0.6689814814814815	0.7401129943502824	0.8287037037037037	0.775	0.7361111111111112	0.8078703703703703	0.7546296296296297	0.7523148148148148	0.7430555555555556	0.725925925925926	0.7384259259259259	0.75	0.7384259259259259	0.7384259259259259	0.7939814814814815	0.7777777777777778	0	0.6041666666666666	0.8826291079812206	0.8240740740740741	0.9023809523809524	0.6767676767676768	0.6041666666666666	0.7708333333333334	
0.8078703703703703	0.8148148148148148	0.7939814814814815	0.7908496732026143	0.6805555555555556	0.7384259259259259	0.6782407407407407	0.75	0.5797101449275363	0.6451612903225806	0.6550925925925926	0.7457627118644068	0.8032407407407407	0.7208333333333333	0.7268518518518519	0.7893518518518519	0.7314814814814815	0.6944444444444444	0.7847222222222222	0.6518518518518519	0.6921296296296297	0.75	0.6921296296296297	0.7638888888888888	0.7523148148148148	0.75	0.6041666666666666	0	0.892018779342723	0.8148148148148148	0.8976190476190476	0.7121212121212122	0.0	0.7777777777777778	
0.9014084507042254	0.9154929577464789	0.9131455399061033	0.9379084967320261	0.8967136150234741	0.9014084507042254	0.8990610328638498	0.9014084507042254	0.893719806763285	0.9301075268817204	0.8943661971830986	0.9322033898305084	0.9061032863849765	0.9625	0.9131455399061033	0.8990610328638498	0.9014084507042254	0.8990610328638498	0.8967136150234741	0.8777777777777778	0.8990610328638498	0.9090909090909091	0.8990610328638498	0.8779342723004695	0.9225352112676056	0.9014084507042254	0.8826291079812206	0.892018779342723	0	0.8849765258215962	0.7904761904761904	0.8939393939393939	0.892018779342723	0.9131455399061033	
0.8148148148148148	0.8263888888888888	0.8495370370370371	0.9084967320261438	0.8402777777777778	0.8402777777777778	0.8402777777777778	0.8217592592592593	0.8405797101449275	0.8709677419354839	0.8402777777777778	0.8531073446327684	0.8865740740740741	0.8625	0.8402777777777778	0.8402777777777778	0.8287037037037037	0.8379629629629629	0.8611111111111112	0.8444444444444444	0.8402777777777778	0.8308080808080808	0.8402777777777778	0.8032407407407407	0.8865740740740741	0.8402777777777778	0.8240740740740741	0.8148148148148148	0.8849765258215962	0	0.9071428571428571	0.8257575757575758	0.8148148148148148	0.8310185185185185	
0.9142857142857143	0.9071428571428571	0.9023809523809524	0.9640522875816994	0.9142857142857143	0.9023809523809524	0.9166666666666666	0.9166666666666666	0.9106280193236715	0.9301075268817204	0.9166666666666666	0.9322033898305084	0.9261904761904762	0.9625	0.9166666666666666	0.9166666666666666	0.9166666666666666	0.9166666666666666	0.9166666666666666	0.9037037037037037	0.9166666666666666	0.9267676767676768	0.9166666666666666	0.9071428571428571	0.930952380952381	0.8976190476190476	0.9023809523809524	0.8976190476190476	0.7904761904761904	0.9071428571428571	0	0.9116161616161617	0.8976190476190476	0.9142857142857143	
0.7878787878787878	0.7424242424242424	0.7929292929292929	0.8366013071895425	0.7146464646464646	0.7171717171717171	0.6666666666666666	0.7222222222222222	0.7171717171717171	0.7365591397849462	0.7196969696969697	0.731638418079096	0.8358585858585859	0.7875	0.75	0.7727272727272727	0.7348484848484849	0.7222222222222222	0.7803030303030303	0.7148148148148148	0.7196969696969697	0.7525252525252525	0.7196969696969697	0.803030303030303	0.8106060606060606	0.7626262626262627	0.6767676767676768	0.7121212121212122	0.8939393939393939	0.8257575757575758	0.9116161616161617	0	0.7121212121212122	0.7777777777777778	
0.8078703703703703	0.8148148148148148	0.7939814814814815	0.7908496732026143	0.6805555555555556	0.7384259259259259	0.6782407407407407	0.75	0.5797101449275363	0.6451612903225806	0.6550925925925926	0.7457627118644068	0.8032407407407407	0.7208333333333333	0.7268518518518519	0.7893518518518519	0.7314814814814815	0.6944444444444444	0.7847222222222222	0.6518518518518519	0.6921296296296297	0.75	0.6921296296296297	0.7638888888888888	0.7523148148148148	0.75	0.6041666666666666	0.0	0.892018779342723	0.8148148148148148	0.8976190476190476	0.7121212121212122	0	0.7777777777777778	
0.8194444444444444	0.7962962962962963	0.7731481481481481	0.8823529411764706	0.7939814814814815	0.7962962962962963	0.7962962962962963	0.6736111111111112	0.7729468599033816	0.7580645161290323	0.7777777777777778	0.7570621468926554	0.8657407407407407	0.8041666666666667	0.7615740740740741	0.8263888888888888	0.7916666666666666	0.7847222222222222	0.8171296296296297	0.7555555555555555	0.7916666666666666	0.7803030303030303	0.7916666666666666	0.7337962962962963	0.8379629629629629	0.7754629629629629	0.7708333333333334	0.7777777777777778	0.9131455399061033	0.8310185185185185	0.9142857142857143	0.7777777777777778	0.7777777777777778	0	
