0	0.8095238095238095	0.828125	0.7699530516431925	0.8095238095238095	0.8134328358208955	0.8145539906103286	0.7661691542288557	0.7746478873239436	0.8333333333333334	0.7985074626865671	0.8298611111111112	0.7954545454545454	0.8071428571428572	0.8117283950617284	0.8188405797101449	0.8098591549295775	0.8084577114427861	0.821078431372549	0.8098591549295775	0.8109452736318408	0.7960199004975125	0.8474178403755869	0.7910447761194029	0.8482587064676617	0.744131455399061	0.8482587064676617	0.8090909090909091	0.8051643192488263	0.8709677419354839	0.8214285714285714	0.8176100628930818	0.8482587064676617	0.8482587064676617	
0.8095238095238095	0	0.8412698412698413	0.6904761904761905	0.6865079365079365	0.8134920634920635	0.7301587301587301	0.6904761904761905	0.7817460317460317	1.0	0.7301587301587301	0.8134920634920635	1.0	0.7142857142857143	0.8611111111111112	0.7301587301587301	0.7579365079365079	0.7301587301587301	0.7658730158730159	0.8095238095238095	0.7261904761904762	0.6904761904761905	0.7817460317460317	0.8095238095238095	0.7301587301587301	0.6666666666666666	0.7301587301587301	0.7777777777777778	0.7936507936507936	0.9247311827956989	0.7619047619047619	0.873015873015873	0.7301587301587301	0.7817460317460317	
0.828125	0.8412698412698413	0	0.828125	0.8121693121693122	0.7630208333333334	0.828125	0.8385416666666666	0.8177083333333334	0.8859649122807017	0.8385416666666666	0.84375	0.8863636363636364	0.828125	0.845679012345679	0.828125	0.828125	0.8151041666666666	0.828125	0.7838541666666666	0.8255208333333334	0.8125	0.8385416666666666	0.8307291666666666	0.890625	0.828125	0.890625	0.796969696969697	0.78125	0.8709677419354839	0.9047619047619048	0.7987421383647799	0.890625	0.890625	
0.7699530516431925	0.6904761904761905	0.828125	0	0.7407407407407407	0.8134328358208955	0.7476851851851852	0.6567164179104478	0.7800925925925926	0.7807017543859649	0.7487562189054726	0.7986111111111112	0.6287878787878788	0.7428571428571429	0.7253086419753086	0.7463768115942029	0.7592592592592593	0.7512437810945274	0.7622549019607843	0.7523148148148148	0.7611940298507462	0.7487562189054726	0.7800925925925926	0.8009950248756219	0.7985074626865671	0.6944444444444444	0.7985074626865671	0.7848484848484848	0.7870370370370371	0.8709677419354839	0.8214285714285714	0.8522012578616353	0.7985074626865671	0.8308457711442786	
0.8095238095238095	0.6865079365079365	0.8121693121693122	0.7407407407407407	0	0.8042328042328042	0.7857142857142857	0.783068783068783	0.8095238095238095	0.8859649122807017	0.7857142857142857	0.7743055555555556	0.8863636363636364	0.7857142857142857	0.7839506172839507	0.7857142857142857	0.7671957671957672	0.7698412698412699	0.7645502645502645	0.8201058201058201	0.7592592592592593	0.7857142857142857	0.8174603174603174	0.8095238095238095	0.8359788359788359	0.7857142857142857	0.8386243386243386	0.8090909090909091	0.7724867724867724	0.8709677419354839	0.8452380952380952	0.8144654088050315	0.8386243386243386	0.8544973544973545	
0.8134328358208955	0.8134920634920635	0.7630208333333334	0.8134328358208955	0.8042328042328042	0	0.7960199004975125	0.8134328358208955	0.7960199004975125	0.9122807017543859	0.7960199004975125	0.8263888888888888	0.8863636363636364	0.8134328358208955	0.845679012345679	0.8233830845771144	0.7761194029850746	0.7835820895522388	0.8134328358208955	0.7786069651741293	0.7835820895522388	0.8134328358208955	0.8258706467661692	0.7985074626865671	0.8532338308457711	0.8034825870646766	0.8532338308457711	0.7666666666666667	0.7985074626865671	0.8709677419354839	0.8095238095238095	0.8113207547169812	0.8532338308457711	0.845771144278607	
0.8145539906103286	0.7301587301587301	0.828125	0.7476851851851852	0.7857142857142857	0.7960199004975125	0	0.753731343283582	0.7939814814814815	0.8421052631578947	0.7064676616915423	0.8298611111111112	0.8636363636363636	0.7452380952380953	0.8395061728395061	0.7342995169082126	0.7245370370370371	0.746268656716418	0.7205882352941176	0.7893518518518519	0.746268656716418	0.7487562189054726	0.7615740740740741	0.8109452736318408	0.7711442786069652	0.7476851851851852	0.7313432835820896	0.806060606060606	0.7986111111111112	0.8709677419354839	0.8095238095238095	0.8522012578616353	0.7313432835820896	0.8333333333333334	
0.7661691542288557	0.6904761904761905	0.8385416666666666	0.6567164179104478	0.783068783068783	0.8134328358208955	0.753731343283582	0	0.7587064676616916	0.8333333333333334	0.7487562189054726	0.8298611111111112	0.7196969696969697	0.746268656716418	0.7808641975308642	0.7611940298507462	0.7661691542288557	0.753731343283582	0.7860696517412935	0.7736318407960199	0.7611940298507462	0.7487562189054726	0.7786069651741293	0.8084577114427861	0.7985074626865671	0.6865671641791045	0.7985074626865671	0.7848484848484848	0.7885572139303483	0.8709677419354839	0.8214285714285714	0.8490566037735849	0.7985074626865671	0.7960199004975125	
0.7746478873239436	0.7817460317460317	0.8177083333333334	0.7800925925925926	0.8095238095238095	0.7960199004975125	0.7939814814814815	0.7587064676616916	0	0.8245614035087719	0.7810945273631841	0.8125	0.8409090909090909	0.7738095238095238	0.8148148148148148	0.7777777777777778	0.7430555555555556	0.8109452736318408	0.7475490196078431	0.7754629629629629	0.8084577114427861	0.7786069651741293	0.8101851851851852	0.7562189054726368	0.8308457711442786	0.7807017543859649	0.8308457711442786	0.796969696969697	0.8032407407407407	0.8709677419354839	0.7619047619047619	0.8522012578616353	0.8308457711442786	0.8308457711442786	
0.8333333333333334	1.0	0.8859649122807017	0.7807017543859649	0.8859649122807017	0.9122807017543859	0.8421052631578947	0.8333333333333334	0.8245614035087719	0	0.8771929824561403	1.0	0.8333333333333334	0.8245614035087719	0.8333333333333334	0.8245614035087719	0.8245614035087719	0.9210526315789473	0.8245614035087719	0.7894736842105263	0.9210526315789473	0.8771929824561403	0.8245614035087719	0.9210526315789473	0.9385964912280702	0.6842105263157895	0.9385964912280702	1.0	0.8859649122807017	1.0	1.0	0.9210526315789473	0.9385964912280702	0.9385964912280702	
0.7985074626865671	0.7301587301587301	0.8385416666666666	0.7487562189054726	0.7857142857142857	0.7960199004975125	0.7064676616915423	0.7487562189054726	0.7810945273631841	0.8771929824561403	0	0.8298611111111112	0.8484848484848485	0.6865671641791045	0.8333333333333334	0.6766169154228856	0.6144278606965174	0.6567164179104478	0.7661691542288557	0.7487562189054726	0.7412935323383084	0.6766169154228856	0.7014925373134329	0.7711442786069652	0.7388059701492538	0.7412935323383084	0.7238805970149254	0.806060606060606	0.7960199004975125	0.8709677419354839	0.8095238095238095	0.8522012578616353	0.7238805970149254	0.7985074626865671	
0.8298611111111112	0.8134920634920635	0.84375	0.7986111111111112	0.7743055555555556	0.8263888888888888	0.8298611111111112	0.8298611111111112	0.8125	1.0	0.8298611111111112	0	0.9318181818181818	0.8298611111111112	0.5798611111111112	0.8402777777777778	0.8298611111111112	0.8298611111111112	0.84375	0.8263888888888888	0.8263888888888888	0.8194444444444444	0.8576388888888888	0.8263888888888888	0.8402777777777778	0.8298611111111112	0.8402777777777778	0.8020833333333334	0.8298611111111112	0.9086021505376344	0.8690476190476191	0.8993055555555556	0.8402777777777778	0.8402777777777778	
0.7954545454545454	1.0	0.8863636363636364	0.6287878787878788	0.8863636363636364	0.8863636363636364	0.8636363636363636	0.7196969696969697	0.8409090909090909	0.8333333333333334	0.8484848484848485	0.9318181818181818	0	0.8484848484848485	0.0	0.8484848484848485	0.8484848484848485	0.8787878787878788	0.8484848484848485	0.803030303030303	0.8863636363636364	0.8484848484848485	0.8484848484848485	0.8863636363636364	0.946969696969697	0.7954545454545454	0.946969696969697	0.9772727272727273	0.8787878787878788	0.9772727272727273	1.0	0.8863636363636364	0.946969696969697	0.9393939393939394	
0.8071428571428572	0.7142857142857143	0.828125	0.7428571428571429	0.7857142857142857	0.8134328358208955	0.7452380952380953	0.746268656716418	0.7738095238095238	0.8245614035087719	0.6865671641791045	0.8298611111111112	0.8484848484848485	0	0.8333333333333334	0.7077294685990339	0.7357142857142858	0.7213930348258707	0.7573529411764706	0.7452380952380953	0.7313432835820896	0.681592039800995	0.7309523809523809	0.8109452736318408	0.7388059701492538	0.7285714285714285	0.7487562189054726	0.793939393939394	0.8047619047619048	0.8709677419354839	0.8214285714285714	0.8522012578616353	0.7487562189054726	0.7985074626865671	
0.8117283950617284	0.8611111111111112	0.845679012345679	0.7253086419753086	0.7839506172839507	0.845679012345679	0.8395061728395061	0.7808641975308642	0.8148148148148148	0.8333333333333334	0.8333333333333334	0.5798611111111112	0.0	0.8333333333333334	0	0.8333333333333334	0.8333333333333334	0.845679012345679	0.8333333333333334	0.8117283950617284	0.845679012345679	0.8333333333333334	0.8395061728395061	0.845679012345679	0.8950617283950617	0.8117283950617284	0.8950617283950617	0.8611111111111112	0.845679012345679	0.8709677419354839	1.0	0.8490566037735849	0.8950617283950617	0.8919753086419753	
0.8188405797101449	0.7301587301587301	0.828125	0.7463768115942029	0.7857142857142857	0.8233830845771144	0.7342995169082126	0.7611940298507462	0.7777777777777778	0.8245614035087719	0.6766169154228856	0.8402777777777778	0.8484848484848485	0.7077294685990339	0.8333333333333334	0	0.7415458937198067	0.7562189054726368	0.7475490196078431	0.7367149758454107	0.7587064676616916	0.7014925373134329	0.717391304347826	0.8258706467661692	0.7611940298507462	0.7463768115942029	0.753731343283582	0.8242424242424242	0.8067632850241546	0.8709677419354839	0.8214285714285714	0.8522012578616353	0.753731343283582	0.8009950248756219	
0.8098591549295775	0.7579365079365079	0.828125	0.7592592592592593	0.7671957671957672	0.7761194029850746	0.7245370370370371	0.7661691542288557	0.7430555555555556	0.8245614035087719	0.6144278606965174	0.8298611111111112	0.8484848484848485	0.7357142857142858	0.8333333333333334	0.7415458937198067	0	0.7288557213930348	0.6666666666666666	0.7754629629629629	0.7213930348258707	0.7388059701492538	0.7453703703703703	0.8009950248756219	0.763681592039801	0.7546296296296297	0.7711442786069652	0.8090909090909091	0.7916666666666666	0.8709677419354839	0.8095238095238095	0.8522012578616353	0.7711442786069652	0.8134328358208955	
0.8084577114427861	0.7301587301587301	0.8151041666666666	0.7512437810945274	0.7698412698412699	0.7835820895522388	0.746268656716418	0.753731343283582	0.8109452736318408	0.9210526315789473	0.6567164179104478	0.8298611111111112	0.8787878787878788	0.7213930348258707	0.845679012345679	0.7562189054726368	0.7288557213930348	0	0.7512437810945274	0.7761194029850746	0.6965174129353234	0.7388059701492538	0.7736318407960199	0.7611940298507462	0.7935323383084577	0.7587064676616916	0.7835820895522388	0.803030303030303	0.7910447761194029	0.8709677419354839	0.8214285714285714	0.8238993710691824	0.7835820895522388	0.8432835820895522	
0.821078431372549	0.7658730158730159	0.828125	0.7622549019607843	0.7645502645502645	0.8134328358208955	0.7205882352941176	0.7860696517412935	0.7475490196078431	0.8245614035087719	0.7661691542288557	0.84375	0.8484848484848485	0.7573529411764706	0.8333333333333334	0.7475490196078431	0.6666666666666666	0.7512437810945274	0	0.7720588235294118	0.7985074626865671	0.7686567164179104	0.7598039215686274	0.8034825870646766	0.8159203980099502	0.7622549019607843	0.7910447761194029	0.8333333333333334	0.8088235294117647	0.8709677419354839	0.8452380952380952	0.8522012578616353	0.7910447761194029	0.8333333333333334	
0.8098591549295775	0.8095238095238095	0.7838541666666666	0.7523148148148148	0.8201058201058201	0.7786069651741293	0.7893518518518519	0.7736318407960199	0.7754629629629629	0.7894736842105263	0.7487562189054726	0.8263888888888888	0.803030303030303	0.7452380952380953	0.8117283950617284	0.7367149758454107	0.7754629629629629	0.7761194029850746	0.7720588235294118	0	0.7736318407960199	0.7487562189054726	0.7777777777777778	0.8034825870646766	0.7985074626865671	0.7870370370370371	0.7985074626865671	0.7424242424242424	0.8078703703703703	0.8709677419354839	0.8214285714285714	0.8270440251572327	0.7985074626865671	0.818407960199005	
0.8109452736318408	0.7261904761904762	0.8255208333333334	0.7611940298507462	0.7592592592592593	0.7835820895522388	0.746268656716418	0.7611940298507462	0.8084577114427861	0.9210526315789473	0.7412935323383084	0.8263888888888888	0.8863636363636364	0.7313432835820896	0.845679012345679	0.7587064676616916	0.7213930348258707	0.6965174129353234	0.7985074626865671	0.7736318407960199	0	0.7437810945273632	0.7761194029850746	0.8034825870646766	0.7935323383084577	0.7611940298507462	0.7935323383084577	0.803030303030303	0.7935323383084577	0.8709677419354839	0.8214285714285714	0.8364779874213837	0.7935323383084577	0.8432835820895522	
0.7960199004975125	0.6904761904761905	0.8125	0.7487562189054726	0.7857142857142857	0.8134328358208955	0.7487562189054726	0.7487562189054726	0.7786069651741293	0.8771929824561403	0.6766169154228856	0.8194444444444444	0.8484848484848485	0.681592039800995	0.8333333333333334	0.7014925373134329	0.7388059701492538	0.7388059701492538	0.7686567164179104	0.7487562189054726	0.7437810945273632	0	0.7139303482587065	0.8109452736318408	0.7313432835820896	0.7437810945273632	0.746268656716418	0.806060606060606	0.8034825870646766	0.8709677419354839	0.8095238095238095	0.8301886792452831	0.746268656716418	0.7960199004975125	
0.8474178403755869	0.7817460317460317	0.8385416666666666	0.7800925925925926	0.8174603174603174	0.8258706467661692	0.7615740740740741	0.7786069651741293	0.8101851851851852	0.8245614035087719	0.7014925373134329	0.8576388888888888	0.8484848484848485	0.7309523809523809	0.8395061728395061	0.717391304347826	0.7453703703703703	0.7736318407960199	0.7598039215686274	0.7777777777777778	0.7761194029850746	0.7139303482587065	0	0.8383084577114428	0.7761194029850746	0.7268518518518519	0.7388059701492538	0.8515151515151516	0.8379629629629629	0.8709677419354839	0.9166666666666666	0.8553459119496856	0.7388059701492538	0.818407960199005	
0.7910447761194029	0.8095238095238095	0.8307291666666666	0.8009950248756219	0.8095238095238095	0.7985074626865671	0.8109452736318408	0.8084577114427861	0.7562189054726368	0.9210526315789473	0.7711442786069652	0.8263888888888888	0.8863636363636364	0.8109452736318408	0.845679012345679	0.8258706467661692	0.8009950248756219	0.7611940298507462	0.8034825870646766	0.8034825870646766	0.8034825870646766	0.8109452736318408	0.8383084577114428	0	0.8532338308457711	0.8109452736318408	0.8606965174129353	0.8090909090909091	0.8034825870646766	0.8709677419354839	0.8214285714285714	0.8427672955974843	0.8606965174129353	0.8606965174129353	
0.8482587064676617	0.7301587301587301	0.890625	0.7985074626865671	0.8359788359788359	0.8532338308457711	0.7711442786069652	0.7985074626865671	0.8308457711442786	0.9385964912280702	0.7388059701492538	0.8402777777777778	0.946969696969697	0.7388059701492538	0.8950617283950617	0.7611940298507462	0.763681592039801	0.7935323383084577	0.8159203980099502	0.7985074626865671	0.7935323383084577	0.7313432835820896	0.7761194029850746	0.8532338308457711	0	0.7985074626865671	0.664179104477612	0.8363636363636363	0.8532338308457711	0.9247311827956989	0.8095238095238095	0.9150943396226415	0.664179104477612	0.7487562189054726	
0.744131455399061	0.6666666666666666	0.828125	0.6944444444444444	0.7857142857142857	0.8034825870646766	0.7476851851851852	0.6865671641791045	0.7807017543859649	0.6842105263157895	0.7412935323383084	0.8298611111111112	0.7954545454545454	0.7285714285714285	0.8117283950617284	0.7463768115942029	0.7546296296296297	0.7587064676616916	0.7622549019607843	0.7870370370370371	0.7611940298507462	0.7437810945273632	0.7268518518518519	0.8109452736318408	0.7985074626865671	0	0.7885572139303483	0.7848484848484848	0.7893518518518519	0.8709677419354839	0.7380952380952381	0.8522012578616353	0.7885572139303483	0.8208955223880597	
0.8482587064676617	0.7301587301587301	0.890625	0.7985074626865671	0.8386243386243386	0.8532338308457711	0.7313432835820896	0.7985074626865671	0.8308457711442786	0.9385964912280702	0.7238805970149254	0.8402777777777778	0.946969696969697	0.7487562189054726	0.8950617283950617	0.753731343283582	0.7711442786069652	0.7835820895522388	0.7910447761194029	0.7985074626865671	0.7935323383084577	0.746268656716418	0.7388059701492538	0.8606965174129353	0.664179104477612	0.7885572139303483	0	0.8363636363636363	0.8557213930348259	0.9247311827956989	0.8214285714285714	0.9150943396226415	0.0	0.746268656716418	
0.8090909090909091	0.7777777777777778	0.796969696969697	0.7848484848484848	0.8090909090909091	0.7666666666666667	0.806060606060606	0.7848484848484848	0.796969696969697	1.0	0.806060606060606	0.8020833333333334	0.9772727272727273	0.793939393939394	0.8611111111111112	0.8242424242424242	0.8090909090909091	0.803030303030303	0.8333333333333334	0.7424242424242424	0.803030303030303	0.806060606060606	0.8515151515151516	0.8090909090909091	0.8363636363636363	0.7848484848484848	0.8363636363636363	0	0.7757575757575758	0.8440860215053764	0.8214285714285714	0.8459119496855346	0.8363636363636363	0.8393939393939394	
0.8051643192488263	0.7936507936507936	0.78125	0.7870370370370371	0.7724867724867724	0.7985074626865671	0.7986111111111112	0.7885572139303483	0.8032407407407407	0.8859649122807017	0.7960199004975125	0.8298611111111112	0.8787878787878788	0.8047619047619048	0.845679012345679	0.8067632850241546	0.7916666666666666	0.7910447761194029	0.8088235294117647	0.8078703703703703	0.7935323383084577	0.8034825870646766	0.8379629629629629	0.8034825870646766	0.8532338308457711	0.7893518518518519	0.8557213930348259	0.7757575757575758	0	0.8440860215053764	0.7738095238095238	0.7955974842767296	0.8557213930348259	0.8557213930348259	
0.8709677419354839	0.9247311827956989	0.8709677419354839	0.8709677419354839	0.8709677419354839	0.8709677419354839	0.8709677419354839	0.8709677419354839	0.8709677419354839	1.0	0.8709677419354839	0.9086021505376344	0.9772727272727273	0.8709677419354839	0.8709677419354839	0.8709677419354839	0.8709677419354839	0.8709677419354839	0.8709677419354839	0.8709677419354839	0.8709677419354839	0.8709677419354839	0.8709677419354839	0.8709677419354839	0.9247311827956989	0.8709677419354839	0.9247311827956989	0.8440860215053764	0.8440860215053764	0	1.0	0.8064516129032258	0.9247311827956989	0.9247311827956989	
0.8214285714285714	0.7619047619047619	0.9047619047619048	0.8214285714285714	0.8452380952380952	0.8095238095238095	0.8095238095238095	0.8214285714285714	0.7619047619047619	1.0	0.8095238095238095	0.8690476190476191	1.0	0.8214285714285714	1.0	0.8214285714285714	0.8095238095238095	0.8214285714285714	0.8452380952380952	0.8214285714285714	0.8214285714285714	0.8095238095238095	0.9166666666666666	0.8214285714285714	0.8095238095238095	0.7380952380952381	0.8214285714285714	0.8214285714285714	0.7738095238095238	1.0	0	1.0	0.8214285714285714	0.8214285714285714	
0.8176100628930818	0.873015873015873	0.7987421383647799	0.8522012578616353	0.8144654088050315	0.8113207547169812	0.8522012578616353	0.8490566037735849	0.8522012578616353	0.9210526315789473	0.8522012578616353	0.8993055555555556	0.8863636363636364	0.8522012578616353	0.8490566037735849	0.8522012578616353	0.8522012578616353	0.8238993710691824	0.8522012578616353	0.8270440251572327	0.8364779874213837	0.8301886792452831	0.8553459119496856	0.8427672955974843	0.9150943396226415	0.8522012578616353	0.9150943396226415	0.8459119496855346	0.7955974842767296	0.8064516129032258	1.0	0	0.9150943396226415	0.9119496855345912	
0.8482587064676617	0.7301587301587301	0.890625	0.7985074626865671	0.8386243386243386	0.8532338308457711	0.7313432835820896	0.7985074626865671	0.8308457711442786	0.9385964912280702	0.7238805970149254	0.8402777777777778	0.946969696969697	0.7487562189054726	0.8950617283950617	0.753731343283582	0.7711442786069652	0.7835820895522388	0.7910447761194029	0.7985074626865671	0.7935323383084577	0.746268656716418	0.7388059701492538	0.8606965174129353	0.664179104477612	0.7885572139303483	0.0	0.8363636363636363	0.8557213930348259	0.9247311827956989	0.8214285714285714	0.9150943396226415	0	0.746268656716418	
0.8482587064676617	0.7817460317460317	0.890625	0.8308457711442786	0.8544973544973545	0.845771144278607	0.8333333333333334	0.7960199004975125	0.8308457711442786	0.9385964912280702	0.7985074626865671	0.8402777777777778	0.9393939393939394	0.7985074626865671	0.8919753086419753	0.8009950248756219	0.8134328358208955	0.8432835820895522	0.8333333333333334	0.818407960199005	0.8432835820895522	0.7960199004975125	0.818407960199005	0.8606965174129353	0.7487562189054726	0.8208955223880597	0.746268656716418	0.8393939393939394	0.8557213930348259	0.9247311827956989	0.8214285714285714	0.9119496855345912	0.746268656716418	0	
