0	0.823943661971831	0.8486842105263158	0.8313253012048193	0.7630522088353414	0.8514492753623188	0.8835341365461847	0.9076305220883534	0.8888888888888888	0.8393574297188755	0.821285140562249	0.8412698412698413	0.8273092369477911	0.7633333333333333	0.8055555555555556	0.8714859437751004	0.8414634146341463	0.8453815261044176	0.8896103896103896	0.8875502008032129	0.8293172690763052	0.890295358649789	0.8771929824561403	0.8493150684931506	0.8786008230452675	0.8875502008032129	0.7931726907630522	0.8835341365461847	0.8576388888888888	0.9452054794520548	0.8875502008032129	0.9333333333333333	0.8333333333333334	0.8789954337899544	
0.823943661971831	0	0.8145539906103286	0.8497652582159625	0.7582159624413145	0.9057971014492754	0.8967136150234741	0.8685446009389671	0.8888888888888888	0.8497652582159625	0.7863849765258216	0.8465608465608465	0.8732394366197183	0.7733333333333333	0.8425925925925926	0.8802816901408451	0.863849765258216	0.8591549295774648	0.9014084507042254	0.8849765258215962	0.8732394366197183	0.9084507042253521	1.0	0.8990610328638498	0.8990610328638498	0.8990610328638498	0.8075117370892019	0.8990610328638498	0.8645833333333334	0.9530516431924883	0.8591549295774648	0.9248826291079812	0.8169014084507042	0.8990610328638498	
0.8486842105263158	0.8145539906103286	0	0.8486842105263158	0.8004385964912281	0.8840579710144928	0.8925438596491229	0.875	0.8888888888888888	0.8925438596491229	0.7785087719298246	0.8015873015873016	0.8859649122807017	0.8066666666666666	0.7731481481481481	0.8925438596491229	0.8925438596491229	0.8925438596491229	0.9100877192982456	0.8793859649122807	0.8903508771929824	0.9013157894736842	0.9473684210526315	0.8949771689497716	0.8925438596491229	0.8925438596491229	0.8399122807017544	0.8925438596491229	0.7673611111111112	0.9680365296803652	0.8355263157894737	0.918859649122807	0.8135964912280702	0.8949771689497716	
0.8313253012048193	0.8497652582159625	0.8486842105263158	0	0.8315602836879432	0.8586956521739131	0.8869047619047619	0.891566265060241	0.8571428571428571	0.884469696969697	0.8446969696969697	0.8465608465608465	0.8825757575757576	0.84	0.8657407407407407	0.8875502008032129	0.8882113821138211	0.884469696969697	0.8917748917748918	0.8825757575757576	0.8560606060606061	0.890295358649789	0.7807017543859649	0.8949771689497716	0.8991769547325102	0.8875502008032129	0.8369175627240143	0.8939393939393939	0.8576388888888888	0.9634703196347032	0.8465909090909091	0.9375	0.8439716312056738	0.8949771689497716	
0.7630522088353414	0.7582159624413145	0.8004385964912281	0.8315602836879432	0	0.8442028985507246	0.8869047619047619	0.8654618473895582	0.8888888888888888	0.8522727272727273	0.7575757575757576	0.7724867724867724	0.865530303030303	0.6333333333333333	0.8148148148148148	0.8634538152610441	0.8678861788617886	0.865530303030303	0.8917748917748918	0.8674242424242424	0.865530303030303	0.890295358649789	0.8947368421052632	0.8356164383561644	0.8930041152263375	0.8875502008032129	0.7885304659498208	0.8939393939393939	0.7256944444444444	0.9680365296803652	0.8617424242424242	0.9145833333333333	0.8191489361702128	0.8949771689497716	
0.8514492753623188	0.9057971014492754	0.8840579710144928	0.8586956521739131	0.8442028985507246	0	0.7862318840579711	0.8586956521739131	1.0	0.8369565217391305	0.8297101449275363	0.8079710144927537	0.8514492753623188	0.9021739130434783	0.9027777777777778	0.8586956521739131	0.8731884057971014	0.8514492753623188	0.9021739130434783	0.8405797101449275	0.8043478260869565	0.855072463768116	0.7807017543859649	0.8369565217391305	0.8731884057971014	0.855072463768116	0.8514492753623188	0.8007246376811594	0.8405797101449275	0.9963768115942029	0.8442028985507246	0.9492753623188406	0.8586956521739131	0.894927536231884	
0.8835341365461847	0.8967136150234741	0.8925438596491229	0.8869047619047619	0.8869047619047619	0.7862318840579711	0	0.9056224899598394	0.8888888888888888	0.8115079365079365	0.878968253968254	0.8862433862433863	0.8194444444444444	0.91	0.9212962962962963	0.8253012048192772	0.8272357723577236	0.8293650793650794	0.7619047619047619	0.8313492063492064	0.8055555555555556	0.8248945147679325	0.8947368421052632	0.8082191780821918	0.8292181069958847	0.8092369477911646	0.8690476190476191	0.7619047619047619	0.8645833333333334	0.9680365296803652	0.8809523809523809	0.9416666666666667	0.8869047619047619	0.8264840182648402	
0.9076305220883534	0.8685446009389671	0.875	0.891566265060241	0.8654618473895582	0.8586956521739131	0.9056224899598394	0	0.8968253968253969	0.8975903614457831	0.8473895582329317	0.8624338624338624	0.8955823293172691	0.91	0.8425925925925926	0.9076305220883534	0.8963414634146342	0.8975903614457831	0.9025974025974026	0.8775100401606426	0.8955823293172691	0.9113924050632911	0.9473684210526315	0.8858447488584474	0.9053497942386831	0.9076305220883534	0.8895582329317269	0.9076305220883534	0.8576388888888888	0.9703196347031964	0.8714859437751004	0.94375	0.893574297188755	0.8995433789954338	
0.8888888888888888	0.8888888888888888	0.8888888888888888	0.8571428571428571	0.8888888888888888	1.0	0.8888888888888888	0.8968253968253969	0	0.8888888888888888	0.8888888888888888	1.0	0.8888888888888888	1.0	1.0	0.8888888888888888	0.8888888888888888	0.8333333333333334	0.8888888888888888	0.8888888888888888	0.8888888888888888	0.9206349206349206	1.0	0.8492063492063492	0.8888888888888888	0.8888888888888888	0.8888888888888888	0.8809523809523809	1.0	0.8888888888888888	0.8571428571428571	0.8888888888888888	0.8888888888888888	0.8888888888888888	
0.8393574297188755	0.8497652582159625	0.8925438596491229	0.884469696969697	0.8522727272727273	0.8369565217391305	0.8115079365079365	0.8975903614457831	0.8888888888888888	0	0.865530303030303	0.8703703703703703	0.7196969696969697	0.8766666666666667	0.9212962962962963	0.8032128514056225	0.6504065040650406	0.7575757575757576	0.8008658008658008	0.7992424242424242	0.7102272727272727	0.8438818565400844	0.8596491228070176	0.817351598173516	0.757201646090535	0.8353413654618473	0.8390151515151515	0.7935606060606061	0.8645833333333334	0.9680365296803652	0.865530303030303	0.9416666666666667	0.8768939393939394	0.7808219178082192	
0.821285140562249	0.7863849765258216	0.7785087719298246	0.8446969696969697	0.7575757575757576	0.8297101449275363	0.878968253968254	0.8473895582329317	0.8888888888888888	0.865530303030303	0	0.5026455026455027	0.8787878787878788	0.68	0.0	0.8875502008032129	0.8800813008130082	0.884469696969697	0.9004329004329005	0.8200757575757576	0.884469696969697	0.890295358649789	0.8947368421052632	0.8835616438356164	0.8930041152263375	0.8875502008032129	0.821969696969697	0.8939393939393939	0.7673611111111112	0.9657534246575342	0.803030303030303	0.925	0.7973484848484849	0.8949771689497716	
0.8412698412698413	0.8465608465608465	0.8015873015873016	0.8465608465608465	0.7724867724867724	0.8079710144927537	0.8862433862433863	0.8624338624338624	1.0	0.8703703703703703	0.5026455026455027	0	0.8968253968253969	0.69	0.5	0.8968253968253969	0.91005291005291	0.8968253968253969	0.9365079365079365	0.8306878306878307	0.8968253968253969	0.8968253968253969	0.8947368421052632	0.8835978835978836	0.9047619047619048	0.8968253968253969	0.8174603174603174	0.8968253968253969	0.7534722222222222	0.9973544973544973	0.7804232804232805	0.9523809523809523	0.7857142857142857	0.9232804232804233	
0.8273092369477911	0.8732394366197183	0.8859649122807017	0.8825757575757576	0.865530303030303	0.8514492753623188	0.8194444444444444	0.8955823293172691	0.8888888888888888	0.7196969696969697	0.8787878787878788	0.8968253968253969	0	0.8733333333333333	0.9074074074074074	0.7951807228915663	0.709349593495935	0.7632575757575758	0.8008658008658008	0.8181818181818182	0.6704545454545454	0.8438818565400844	0.8596491228070176	0.8059360730593608	0.7757201646090535	0.8353413654618473	0.8371212121212122	0.7935606060606061	0.8611111111111112	0.9680365296803652	0.8863636363636364	0.9416666666666667	0.884469696969697	0.7808219178082192	
0.7633333333333333	0.7733333333333333	0.8066666666666666	0.84	0.6333333333333333	0.9021739130434783	0.91	0.91	1.0	0.8766666666666667	0.68	0.69	0.8733333333333333	0	0.6851851851851852	0.8833333333333333	0.8733333333333333	0.8766666666666667	0.92	0.8833333333333333	0.8633333333333333	0.91	0.9649122807017544	0.9066666666666666	0.91	0.91	0.7466666666666667	0.91	0.7916666666666666	1.0	0.8666666666666667	0.9433333333333334	0.81	0.91	
0.8055555555555556	0.8425925925925926	0.7731481481481481	0.8657407407407407	0.8148148148148148	0.9027777777777778	0.9212962962962963	0.8425925925925926	1.0	0.9212962962962963	0.0	0.5	0.9074074074074074	0.6851851851851852	0	0.9212962962962963	0.9074074074074074	0.9212962962962963	0.9212962962962963	0.8472222222222222	0.9212962962962963	0.9212962962962963	1.0	0.8981481481481481	0.9212962962962963	0.9212962962962963	0.8287037037037037	0.9212962962962963	0.8194444444444444	1.0	0.8194444444444444	0.9953703703703703	0.8240740740740741	0.9212962962962963	
0.8714859437751004	0.8802816901408451	0.8925438596491229	0.8875502008032129	0.8634538152610441	0.8586956521739131	0.8253012048192772	0.9076305220883534	0.8888888888888888	0.8032128514056225	0.8875502008032129	0.8968253968253969	0.7951807228915663	0.8833333333333333	0.9212962962962963	0	0.8109756097560976	0.821285140562249	0.8441558441558441	0.821285140562249	0.8032128514056225	0.7932489451476793	0.8947368421052632	0.8333333333333334	0.8436213991769548	0.8172690763052208	0.8734939759036144	0.8313253012048193	0.8645833333333334	0.9680365296803652	0.8895582329317269	0.9416666666666667	0.8875502008032129	0.8333333333333334	
0.8414634146341463	0.863849765258216	0.8925438596491229	0.8882113821138211	0.8678861788617886	0.8731884057971014	0.8272357723577236	0.8963414634146342	0.8888888888888888	0.6504065040650406	0.8800813008130082	0.91005291005291	0.709349593495935	0.8733333333333333	0.9074074074074074	0.8109756097560976	0	0.725609756097561	0.8008658008658008	0.8130081300813008	0.6646341463414634	0.8565400843881856	0.8245614035087719	0.815068493150685	0.7613168724279835	0.8455284552845529	0.8414634146341463	0.790650406504065	0.8854166666666666	0.9611872146118722	0.8882113821138211	0.9416666666666667	0.8861788617886179	0.7808219178082192	
0.8453815261044176	0.8591549295774648	0.8925438596491229	0.884469696969697	0.865530303030303	0.8514492753623188	0.8293650793650794	0.8975903614457831	0.8333333333333334	0.7575757575757576	0.884469696969697	0.8968253968253969	0.7632575757575758	0.8766666666666667	0.9212962962962963	0.821285140562249	0.725609756097561	0	0.8181818181818182	0.8465909090909091	0.7632575757575758	0.8438818565400844	0.8947368421052632	0.8287671232876712	0.8127572016460906	0.8353413654618473	0.8484848484848485	0.8238636363636364	0.8645833333333334	0.9680365296803652	0.884469696969697	0.925	0.884469696969697	0.8059360730593608	
0.8896103896103896	0.9014084507042254	0.9100877192982456	0.8917748917748918	0.8917748917748918	0.9021739130434783	0.7619047619047619	0.9025974025974026	0.8888888888888888	0.8008658008658008	0.9004329004329005	0.9365079365079365	0.8008658008658008	0.92	0.9212962962962963	0.8441558441558441	0.8008658008658008	0.8181818181818182	0	0.8463203463203464	0.803030303030303	0.8528138528138528	1.0	0.7557077625570776	0.7770562770562771	0.8376623376623377	0.8896103896103896	0.8398268398268398	0.9166666666666666	0.9703196347031964	0.9025974025974026	0.9567099567099567	0.8679653679653679	0.8082191780821918	
0.8875502008032129	0.8849765258215962	0.8793859649122807	0.8825757575757576	0.8674242424242424	0.8405797101449275	0.8313492063492064	0.8775100401606426	0.8888888888888888	0.7992424242424242	0.8200757575757576	0.8306878306878307	0.8181818181818182	0.8833333333333333	0.8472222222222222	0.821285140562249	0.8130081300813008	0.8465909090909091	0.8463203463203464	0	0.8106060606060606	0.8481012658227848	0.8947368421052632	0.821917808219178	0.8106995884773662	0.8473895582329317	0.8712121212121212	0.8276515151515151	0.84375	0.9680365296803652	0.8484848484848485	0.9416666666666667	0.8598484848484849	0.8127853881278538	
0.8293172690763052	0.8732394366197183	0.8903508771929824	0.8560606060606061	0.865530303030303	0.8043478260869565	0.8055555555555556	0.8955823293172691	0.8888888888888888	0.7102272727272727	0.884469696969697	0.8968253968253969	0.6704545454545454	0.8633333333333333	0.9212962962962963	0.8032128514056225	0.6646341463414634	0.7632575757575758	0.803030303030303	0.8106060606060606	0	0.8438818565400844	0.0	0.8059360730593608	0.7757201646090535	0.8353413654618473	0.8428030303030303	0.7859848484848485	0.8055555555555556	0.9611872146118722	0.8863636363636364	0.925	0.884469696969697	0.7808219178082192	
0.890295358649789	0.9084507042253521	0.9013157894736842	0.890295358649789	0.890295358649789	0.855072463768116	0.8248945147679325	0.9113924050632911	0.9206349206349206	0.8438818565400844	0.890295358649789	0.8968253968253969	0.8438818565400844	0.91	0.9212962962962963	0.7932489451476793	0.8565400843881856	0.8438818565400844	0.8528138528138528	0.8481012658227848	0.8438818565400844	0	0.8947368421052632	0.8584474885844748	0.8586497890295358	0.70042194092827	0.890295358649789	0.8417721518987342	0.8645833333333334	0.9748858447488584	0.8924050632911392	0.9493670886075949	0.890295358649789	0.8538812785388128	
0.8771929824561403	1.0	0.9473684210526315	0.7807017543859649	0.8947368421052632	0.7807017543859649	0.8947368421052632	0.9473684210526315	1.0	0.8596491228070176	0.8947368421052632	0.8947368421052632	0.8596491228070176	0.9649122807017544	1.0	0.8947368421052632	0.8245614035087719	0.8947368421052632	1.0	0.8947368421052632	0.0	0.8947368421052632	0	0.9649122807017544	0.956140350877193	0.8947368421052632	0.9035087719298246	0.8596491228070176	0.7456140350877193	0.9649122807017544	0.8947368421052632	0.8859649122807017	0.8947368421052632	0.9824561403508771	
0.8493150684931506	0.8990610328638498	0.8949771689497716	0.8949771689497716	0.8356164383561644	0.8369565217391305	0.8082191780821918	0.8858447488584474	0.8492063492063492	0.817351598173516	0.8835616438356164	0.8835978835978836	0.8059360730593608	0.9066666666666666	0.8981481481481481	0.8333333333333334	0.815068493150685	0.8287671232876712	0.7557077625570776	0.821917808219178	0.8059360730593608	0.8584474885844748	0.9649122807017544	0	0.7671232876712328	0.8493150684931506	0.8926940639269406	0.8333333333333334	0.875	0.9703196347031964	0.8972602739726028	0.9429223744292238	0.867579908675799	0.8105022831050228	
0.8786008230452675	0.8990610328638498	0.8925438596491229	0.8991769547325102	0.8930041152263375	0.8731884057971014	0.8292181069958847	0.9053497942386831	0.8888888888888888	0.757201646090535	0.8930041152263375	0.9047619047619048	0.7757201646090535	0.91	0.9212962962962963	0.8436213991769548	0.7613168724279835	0.8127572016460906	0.7770562770562771	0.8106995884773662	0.7757201646090535	0.8586497890295358	0.956140350877193	0.7671232876712328	0	0.845679012345679	0.8744855967078189	0.7695473251028807	0.8888888888888888	0.9680365296803652	0.8950617283950617	0.9333333333333333	0.8683127572016461	0.7511415525114156	
0.8875502008032129	0.8990610328638498	0.8925438596491229	0.8875502008032129	0.8875502008032129	0.855072463768116	0.8092369477911646	0.9076305220883534	0.8888888888888888	0.8353413654618473	0.8875502008032129	0.8968253968253969	0.8353413654618473	0.91	0.9212962962962963	0.8172690763052208	0.8455284552845529	0.8353413654618473	0.8376623376623377	0.8473895582329317	0.8353413654618473	0.70042194092827	0.8947368421052632	0.8493150684931506	0.845679012345679	0	0.8875502008032129	0.8333333333333334	0.8645833333333334	0.9680365296803652	0.8895582329317269	0.9416666666666667	0.8875502008032129	0.8356164383561644	
0.7931726907630522	0.8075117370892019	0.8399122807017544	0.8369175627240143	0.7885304659498208	0.8514492753623188	0.8690476190476191	0.8895582329317269	0.8888888888888888	0.8390151515151515	0.821969696969697	0.8174603174603174	0.8371212121212122	0.7466666666666667	0.8287037037037037	0.8734939759036144	0.8414634146341463	0.8484848484848485	0.8896103896103896	0.8712121212121212	0.8428030303030303	0.890295358649789	0.9035087719298246	0.8926940639269406	0.8744855967078189	0.8875502008032129	0	0.8731060606060606	0.8263888888888888	0.9657534246575342	0.865530303030303	0.9395833333333333	0.8351254480286738	0.867579908675799	
0.8835341365461847	0.8990610328638498	0.8925438596491229	0.8939393939393939	0.8939393939393939	0.8007246376811594	0.7619047619047619	0.9076305220883534	0.8809523809523809	0.7935606060606061	0.8939393939393939	0.8968253968253969	0.7935606060606061	0.91	0.9212962962962963	0.8313253012048193	0.790650406504065	0.8238636363636364	0.8398268398268398	0.8276515151515151	0.7859848484848485	0.8417721518987342	0.8596491228070176	0.8333333333333334	0.7695473251028807	0.8333333333333334	0.8731060606060606	0	0.8506944444444444	0.958904109589041	0.8958333333333334	0.9333333333333333	0.8939393939393939	0.7808219178082192	
0.8576388888888888	0.8645833333333334	0.7673611111111112	0.8576388888888888	0.7256944444444444	0.8405797101449275	0.8645833333333334	0.8576388888888888	1.0	0.8645833333333334	0.7673611111111112	0.7534722222222222	0.8611111111111112	0.7916666666666666	0.8194444444444444	0.8645833333333334	0.8854166666666666	0.8645833333333334	0.9166666666666666	0.84375	0.8055555555555556	0.8645833333333334	0.7456140350877193	0.875	0.8888888888888888	0.8645833333333334	0.8263888888888888	0.8506944444444444	0	0.9965277777777778	0.7638888888888888	0.90625	0.8229166666666666	0.8819444444444444	
0.9452054794520548	0.9530516431924883	0.9680365296803652	0.9634703196347032	0.9680365296803652	0.9963768115942029	0.9680365296803652	0.9703196347031964	0.8888888888888888	0.9680365296803652	0.9657534246575342	0.9973544973544973	0.9680365296803652	1.0	1.0	0.9680365296803652	0.9611872146118722	0.9680365296803652	0.9703196347031964	0.9680365296803652	0.9611872146118722	0.9748858447488584	0.9649122807017544	0.9703196347031964	0.9680365296803652	0.9680365296803652	0.9657534246575342	0.958904109589041	0.9965277777777778	0	0.9634703196347032	0.9474885844748858	0.9680365296803652	0.9703196347031964	
0.8875502008032129	0.8591549295774648	0.8355263157894737	0.8465909090909091	0.8617424242424242	0.8442028985507246	0.8809523809523809	0.8714859437751004	0.8571428571428571	0.865530303030303	0.803030303030303	0.7804232804232805	0.8863636363636364	0.8666666666666667	0.8194444444444444	0.8895582329317269	0.8882113821138211	0.884469696969697	0.9025974025974026	0.8484848484848485	0.8863636363636364	0.8924050632911392	0.8947368421052632	0.8972602739726028	0.8950617283950617	0.8895582329317269	0.865530303030303	0.8958333333333334	0.7638888888888888	0.9634703196347032	0	0.9354166666666667	0.8465909090909091	0.8972602739726028	
0.9333333333333333	0.9248826291079812	0.918859649122807	0.9375	0.9145833333333333	0.9492753623188406	0.9416666666666667	0.94375	0.8888888888888888	0.9416666666666667	0.925	0.9523809523809523	0.9416666666666667	0.9433333333333334	0.9953703703703703	0.9416666666666667	0.9416666666666667	0.925	0.9567099567099567	0.9416666666666667	0.925	0.9493670886075949	0.8859649122807017	0.9429223744292238	0.9333333333333333	0.9416666666666667	0.9395833333333333	0.9333333333333333	0.90625	0.9474885844748858	0.9354166666666667	0	0.9333333333333333	0.9429223744292238	
0.8333333333333334	0.8169014084507042	0.8135964912280702	0.8439716312056738	0.8191489361702128	0.8586956521739131	0.8869047619047619	0.893574297188755	0.8888888888888888	0.8768939393939394	0.7973484848484849	0.7857142857142857	0.884469696969697	0.81	0.8240740740740741	0.8875502008032129	0.8861788617886179	0.884469696969697	0.8679653679653679	0.8598484848484849	0.884469696969697	0.890295358649789	0.8947368421052632	0.867579908675799	0.8683127572016461	0.8875502008032129	0.8351254480286738	0.8939393939393939	0.8229166666666666	0.9680365296803652	0.8465909090909091	0.9333333333333333	0	0.8812785388127854	
0.8789954337899544	0.8990610328638498	0.8949771689497716	0.8949771689497716	0.8949771689497716	0.894927536231884	0.8264840182648402	0.8995433789954338	0.8888888888888888	0.7808219178082192	0.8949771689497716	0.9232804232804233	0.7808219178082192	0.91	0.9212962962962963	0.8333333333333334	0.7808219178082192	0.8059360730593608	0.8082191780821918	0.8127853881278538	0.7808219178082192	0.8538812785388128	0.9824561403508771	0.8105022831050228	0.7511415525114156	0.8356164383561644	0.867579908675799	0.7808219178082192	0.8819444444444444	0.9703196347031964	0.8972602739726028	0.9429223744292238	0.8812785388127854	0	
