0	0.8070175438596491	0.8108108108108109	0.8513513513513513	0.7162162162162162	0.7612612612612613	0.8018018018018018	0.8738738738738738	1.0	0.6576576576576577	0.6891891891891891	0.6981981981981982	0.6936936936936937	0.7567567567567568	0.8288288288288288	0.7837837837837838	0.990990990990991	0.7837837837837838	0.7117117117117117	0.6891891891891891	0.7297297297297297	0.7162162162162162	0.8153153153153153	0.7747747747747747	0.7837837837837838	0.8108108108108109	0.7702702702702703	0.954954954954955	0.8378378378378378	0.9684684684684685	0.7792792792792793	0.8108108108108109	0.9230769230769231	0.7927927927927928	
0.8070175438596491	0	0.6929824561403509	0.8947368421052632	0.8157894736842105	0.8508771929824561	0.7543859649122807	0.868421052631579	1.0	0.7543859649122807	0.8421052631578947	0.8508771929824561	0.7894736842105263	0.8508771929824561	0.7807017543859649	0.8508771929824561	0.9824561403508771	0.8508771929824561	0.7894736842105263	0.8421052631578947	0.8245614035087719	0.8157894736842105	0.8859649122807017	0.8508771929824561	0.6403508771929824	0.8508771929824561	0.8157894736842105	0.8947368421052632	0.8508771929824561	0.956140350877193	0.8157894736842105	0.8508771929824561	1.0	0.8333333333333334	
0.8108108108108109	0.6929824561403509	0	0.7880952380952381	0.8156028368794326	0.830952380952381	0.780952380952381	0.875	0.9111111111111111	0.8142857142857143	0.8191489361702128	0.8367346938775511	0.8261904761904761	0.830952380952381	0.8785714285714286	0.8386243386243386	0.95	0.8380952380952381	0.830952380952381	0.8231292517006803	0.8514492753623188	0.780952380952381	0.8546099290780141	0.8071428571428572	0.7095238095238096	0.84375	0.7767857142857143	0.8958333333333334	0.875886524822695	0.9733333333333334	0.8194444444444444	0.84375	1.0	0.8333333333333334	
0.8513513513513513	0.8947368421052632	0.7880952380952381	0	0.7446808510638298	0.8476190476190476	0.7887323943661971	0.8814102564102564	0.8666666666666667	0.8474178403755869	0.8014184397163121	0.8435374149659864	0.8450704225352113	0.819047619047619	0.8587962962962963	0.8492063492063492	0.8041666666666667	0.8474178403755869	0.8192488262910798	0.7414965986394558	0.8115942028985508	0.7323943661971831	0.8262411347517731	0.8287037037037037	0.7928571428571428	0.8159722222222222	0.8303571428571429	0.8541666666666666	0.8687943262411347	0.9633333333333334	0.8402777777777778	0.8159722222222222	0.6153846153846154	0.8581560283687943	
0.7162162162162162	0.8157894736842105	0.8156028368794326	0.7446808510638298	0	0.8085106382978723	0.776595744680851	0.900709219858156	0.8888888888888888	0.75177304964539	0.6808510638297872	0.7624113475177305	0.8333333333333334	0.7198581560283688	0.7659574468085106	0.8581560283687943	0.8916666666666667	0.8333333333333334	0.7411347517730497	0.75177304964539	0.75	0.6737588652482269	0.74822695035461	0.7163120567375887	0.7695035460992907	0.74822695035461	0.7978723404255319	0.8971631205673759	0.851063829787234	0.925531914893617	0.8085106382978723	0.74822695035461	1.0	0.8120567375886525	
0.7612612612612613	0.8508771929824561	0.830952380952381	0.8476190476190476	0.8085106382978723	0	0.8285714285714286	0.8814102564102564	0.9222222222222223	0.7261904761904762	0.8262411347517731	0.8061224489795918	0.7119047619047619	0.8	0.7761904761904762	0.7724867724867724	0.9083333333333333	0.7714285714285715	0.7214285714285714	0.7721088435374149	0.782608695652174	0.7119047619047619	0.7943262411347518	0.7	0.8357142857142857	0.7465277777777778	0.8035714285714286	0.9270833333333334	0.8829787234042553	0.9433333333333334	0.8194444444444444	0.7465277777777778	1.0	0.8120567375886525	
0.8018018018018018	0.7543859649122807	0.780952380952381	0.7887323943661971	0.776595744680851	0.8285714285714286	0	0.8653846153846154	0.5666666666666667	0.8028169014084507	0.8156028368794326	0.8163265306122449	0.8098591549295775	0.7928571428571428	0.8333333333333334	0.828042328042328	0.8833333333333333	0.8286384976525821	0.8262910798122066	0.7312925170068028	0.8369565217391305	0.7417840375586855	0.8439716312056738	0.823943661971831	0.8142857142857143	0.8159722222222222	0.7589285714285714	0.8923611111111112	0.8262411347517731	0.9233333333333333	0.7118055555555556	0.8159722222222222	0.9615384615384616	0.8404255319148937	
0.8738738738738738	0.868421052631579	0.875	0.8814102564102564	0.900709219858156	0.8814102564102564	0.8653846153846154	0	0.9222222222222223	0.8461538461538461	0.851063829787234	0.9183673469387755	0.8621794871794872	0.8846153846153846	0.7692307692307693	0.8557692307692307	0.8833333333333333	0.8461538461538461	0.8525641025641025	0.9081632653061225	0.894927536231884	0.8974358974358975	0.9397163120567376	0.8685897435897436	0.8814102564102564	0.9027777777777778	0.8205128205128205	0.9652777777777778	0.925531914893617	0.95	0.7881944444444444	0.9027777777777778	1.0	0.925531914893617	
1.0	1.0	0.9111111111111111	0.8666666666666667	0.8888888888888888	0.9222222222222223	0.5666666666666667	0.9222222222222223	0	0.9111111111111111	0.9777777777777777	0.9111111111111111	0.9111111111111111	0.9222222222222223	0.7666666666666667	1.0	0.8555555555555555	0.9111111111111111	0.9111111111111111	0.8888888888888888	0.9111111111111111	0.8555555555555555	0.8888888888888888	0.8888888888888888	0.9222222222222223	0.8555555555555555	0.8111111111111111	0.8888888888888888	1.0	0.9	0.6	0.8555555555555555	0.9615384615384616	0.9222222222222223	
0.6576576576576577	0.7543859649122807	0.8142857142857143	0.8474178403755869	0.75177304964539	0.7261904761904762	0.8028169014084507	0.8461538461538461	0.9111111111111111	0	0.7978723404255319	0.7108843537414966	0.7417840375586855	0.7714285714285715	0.7582159624413145	0.7407407407407407	0.8583333333333333	0.7511737089201878	0.6502347417840375	0.6700680272108843	0.6666666666666666	0.6854460093896714	0.7872340425531915	0.7300469483568075	0.8023809523809524	0.7638888888888888	0.7916666666666666	0.9270833333333334	0.8687943262411347	0.9733333333333334	0.7777777777777778	0.7638888888888888	1.0	0.7446808510638298	
0.6891891891891891	0.8421052631578947	0.8191489361702128	0.8014184397163121	0.6808510638297872	0.8262411347517731	0.8156028368794326	0.851063829787234	0.9777777777777777	0.7978723404255319	0	0.8368794326241135	0.8191489361702128	0.7907801418439716	0.8226950354609929	0.8404255319148937	0.9333333333333333	0.8333333333333334	0.7553191489361702	0.7943262411347518	0.782608695652174	0.7801418439716312	0.8156028368794326	0.7978723404255319	0.8120567375886525	0.7872340425531915	0.8120567375886525	0.925531914893617	0.8687943262411347	0.925531914893617	0.8226950354609929	0.7872340425531915	0.9615384615384616	0.8581560283687943	
0.6981981981981982	0.8508771929824561	0.8367346938775511	0.8435374149659864	0.7624113475177305	0.8061224489795918	0.8163265306122449	0.9183673469387755	0.9111111111111111	0.7108843537414966	0.8368794326241135	0	0.7857142857142857	0.7721088435374149	0.8639455782312925	0.8401360544217688	0.9166666666666666	0.7857142857142857	0.6496598639455783	0.5952380952380952	0.6521739130434783	0.7993197278911565	0.8191489361702128	0.7891156462585034	0.8299319727891157	0.8298611111111112	0.8367346938775511	0.9305555555555556	0.8723404255319149	0.9761904761904762	0.8194444444444444	0.8298611111111112	1.0	0.7659574468085106	
0.6936936936936937	0.7894736842105263	0.8261904761904761	0.8450704225352113	0.8333333333333334	0.7119047619047619	0.8098591549295775	0.8621794871794872	0.9111111111111111	0.7417840375586855	0.8191489361702128	0.7857142857142857	0	0.8166666666666667	0.7910798122065728	0.701058201058201	0.9458333333333333	0.7065727699530516	0.7676056338028169	0.8095238095238095	0.8260869565217391	0.6666666666666666	0.851063829787234	0.7605633802816901	0.830952380952381	0.8125	0.8184523809523809	0.8819444444444444	0.8865248226950354	0.9733333333333334	0.7881944444444444	0.8125	1.0	0.8368794326241135	
0.7567567567567568	0.8508771929824561	0.830952380952381	0.819047619047619	0.7198581560283688	0.8	0.7928571428571428	0.8846153846153846	0.9222222222222223	0.7714285714285715	0.7907801418439716	0.7721088435374149	0.8166666666666667	0	0.8023809523809524	0.7698412698412699	0.8916666666666667	0.7714285714285715	0.6833333333333333	0.6904761904761905	0.7572463768115942	0.7428571428571429	0.8191489361702128	0.7595238095238095	0.8214285714285714	0.7916666666666666	0.8363095238095238	0.9270833333333334	0.8226950354609929	0.9566666666666667	0.7986111111111112	0.7916666666666666	1.0	0.6666666666666666	
0.8288288288288288	0.7807017543859649	0.8785714285714286	0.8587962962962963	0.7659574468085106	0.7761904761904762	0.8333333333333334	0.7692307692307693	0.7666666666666667	0.7582159624413145	0.8226950354609929	0.8639455782312925	0.7910798122065728	0.8023809523809524	0	0.8121693121693122	0.825	0.812206572769953	0.7253521126760564	0.8435374149659864	0.7572463768115942	0.7746478873239436	0.8900709219858156	0.7870370370370371	0.8666666666666667	0.8020833333333334	0.7767857142857143	0.9444444444444444	0.9361702127659575	0.9233333333333333	0.7708333333333334	0.8020833333333334	1.0	0.8936170212765957	
0.7837837837837838	0.8508771929824561	0.8386243386243386	0.8492063492063492	0.8581560283687943	0.7724867724867724	0.828042328042328	0.8557692307692307	1.0	0.7407407407407407	0.8404255319148937	0.8401360544217688	0.701058201058201	0.7698412698412699	0.8121693121693122	0	0.9791666666666666	0.0	0.783068783068783	0.8401360544217688	0.8623188405797102	0.7883597883597884	0.8794326241134752	0.7751322751322751	0.8386243386243386	0.84375	0.8422619047619048	0.9513888888888888	0.851063829787234	0.9733333333333334	0.7604166666666666	0.84375	1.0	0.8652482269503546	
0.990990990990991	0.9824561403508771	0.95	0.8041666666666667	0.8916666666666667	0.9083333333333333	0.8833333333333333	0.8833333333333333	0.8555555555555555	0.8583333333333333	0.9333333333333333	0.9166666666666666	0.9458333333333333	0.8916666666666667	0.825	0.9791666666666666	0	0.9458333333333333	0.9166666666666666	0.7916666666666666	0.9166666666666666	0.6541666666666667	0.8708333333333333	0.8708333333333333	0.95	0.775	0.9291666666666667	0.8708333333333333	0.95	0.9666666666666667	0.9125	0.775	1.0	0.8958333333333334	
0.7837837837837838	0.8508771929824561	0.8380952380952381	0.8474178403755869	0.8333333333333334	0.7714285714285715	0.8286384976525821	0.8461538461538461	0.9111111111111111	0.7511737089201878	0.8333333333333334	0.7857142857142857	0.7065727699530516	0.7714285714285715	0.812206572769953	0.0	0.9458333333333333	0	0.7699530516431925	0.7857142857142857	0.8043478260869565	0.7934272300469484	0.8546099290780141	0.7816901408450704	0.8380952380952381	0.8159722222222222	0.8184523809523809	0.9270833333333334	0.851063829787234	0.9733333333333334	0.7326388888888888	0.8159722222222222	1.0	0.8404255319148937	
0.7117117117117117	0.7894736842105263	0.830952380952381	0.8192488262910798	0.7411347517730497	0.7214285714285714	0.8262910798122066	0.8525641025641025	0.9111111111111111	0.6502347417840375	0.7553191489361702	0.6496598639455783	0.7676056338028169	0.6833333333333333	0.7253521126760564	0.783068783068783	0.9166666666666666	0.7699530516431925	0	0.6394557823129252	0.0	0.7535211267605634	0.8191489361702128	0.7183098591549296	0.8119047619047619	0.8298611111111112	0.8333333333333334	0.9270833333333334	0.8687943262411347	0.9733333333333334	0.7881944444444444	0.8298611111111112	1.0	0.74822695035461	
0.6891891891891891	0.8421052631578947	0.8231292517006803	0.7414965986394558	0.75177304964539	0.7721088435374149	0.7312925170068028	0.9081632653061225	0.8888888888888888	0.6700680272108843	0.7943262411347518	0.5952380952380952	0.8095238095238095	0.6904761904761905	0.8435374149659864	0.8401360544217688	0.7916666666666666	0.7857142857142857	0.6394557823129252	0	0.6521739130434783	0.6802721088435374	0.7836879432624113	0.7448979591836735	0.8299319727891157	0.7604166666666666	0.8367346938775511	0.9305555555555556	0.8191489361702128	0.9591836734693877	0.8020833333333334	0.7604166666666666	1.0	0.7446808510638298	
0.7297297297297297	0.8245614035087719	0.8514492753623188	0.8115942028985508	0.75	0.782608695652174	0.8369565217391305	0.894927536231884	0.9111111111111111	0.6666666666666666	0.782608695652174	0.6521739130434783	0.8260869565217391	0.7572463768115942	0.7572463768115942	0.8623188405797102	0.9166666666666666	0.8043478260869565	0.0	0.6521739130434783	0	0.8007246376811594	0.8260869565217391	0.8043478260869565	0.8115942028985508	0.8369565217391305	0.8405797101449275	0.9347826086956522	0.8804347826086957	0.9818840579710145	0.8152173913043478	0.8369565217391305	1.0	0.7572463768115942	
0.7162162162162162	0.8157894736842105	0.780952380952381	0.7323943661971831	0.6737588652482269	0.7119047619047619	0.7417840375586855	0.8974358974358975	0.8555555555555555	0.6854460093896714	0.7801418439716312	0.7993197278911565	0.6666666666666666	0.7428571428571429	0.7746478873239436	0.7883597883597884	0.6541666666666667	0.7934272300469484	0.7535211267605634	0.6802721088435374	0.8007246376811594	0	0.7198581560283688	0.7089201877934272	0.7928571428571428	0.6701388888888888	0.7946428571428571	0.8541666666666666	0.8333333333333334	0.9433333333333334	0.7881944444444444	0.6701388888888888	1.0	0.7907801418439716	
0.8153153153153153	0.8859649122807017	0.8546099290780141	0.8262411347517731	0.74822695035461	0.7943262411347518	0.8439716312056738	0.9397163120567376	0.8888888888888888	0.7872340425531915	0.8156028368794326	0.8191489361702128	0.851063829787234	0.8191489361702128	0.8900709219858156	0.8794326241134752	0.8708333333333333	0.8546099290780141	0.8191489361702128	0.7836879432624113	0.8260869565217391	0.7198581560283688	0	0.7340425531914894	0.8404255319148937	0.7695035460992907	0.8439716312056738	0.8723404255319149	0.8617021276595744	0.9858156028368794	0.8439716312056738	0.7695035460992907	1.0	0.7943262411347518	
0.7747747747747747	0.8508771929824561	0.8071428571428572	0.8287037037037037	0.7163120567375887	0.7	0.823943661971831	0.8685897435897436	0.8888888888888888	0.7300469483568075	0.7978723404255319	0.7891156462585034	0.7605633802816901	0.7595238095238095	0.7870370370370371	0.7751322751322751	0.8708333333333333	0.7816901408450704	0.7183098591549296	0.7448979591836735	0.8043478260869565	0.7089201877934272	0.7340425531914894	0	0.8119047619047619	0.6701388888888888	0.7886904761904762	0.8958333333333334	0.8723404255319149	0.9266666666666666	0.7847222222222222	0.6701388888888888	1.0	0.8014184397163121	
0.7837837837837838	0.6403508771929824	0.7095238095238096	0.7928571428571428	0.7695035460992907	0.8357142857142857	0.8142857142857143	0.8814102564102564	0.9222222222222223	0.8023809523809524	0.8120567375886525	0.8299319727891157	0.830952380952381	0.8214285714285714	0.8666666666666667	0.8386243386243386	0.95	0.8380952380952381	0.8119047619047619	0.8299319727891157	0.8115942028985508	0.7928571428571428	0.8404255319148937	0.8119047619047619	0	0.84375	0.75	0.9236111111111112	0.8475177304964538	0.9733333333333334	0.84375	0.84375	1.0	0.8191489361702128	
0.8108108108108109	0.8508771929824561	0.84375	0.8159722222222222	0.74822695035461	0.7465277777777778	0.8159722222222222	0.9027777777777778	0.8555555555555555	0.7638888888888888	0.7872340425531915	0.8298611111111112	0.8125	0.7916666666666666	0.8020833333333334	0.84375	0.775	0.8159722222222222	0.8298611111111112	0.7604166666666666	0.8369565217391305	0.6701388888888888	0.7695035460992907	0.6701388888888888	0.84375	0	0.78125	0.8993055555555556	0.8865248226950354	0.9618055555555556	0.75	0.0	1.0	0.8120567375886525	
0.7702702702702703	0.8157894736842105	0.7767857142857143	0.8303571428571429	0.7978723404255319	0.8035714285714286	0.7589285714285714	0.8205128205128205	0.8111111111111111	0.7916666666666666	0.8120567375886525	0.8367346938775511	0.8184523809523809	0.8363095238095238	0.7767857142857143	0.8422619047619048	0.9291666666666667	0.8184523809523809	0.8333333333333334	0.8367346938775511	0.8405797101449275	0.7946428571428571	0.8439716312056738	0.7886904761904762	0.75	0.78125	0	0.9131944444444444	0.8865248226950354	0.9133333333333333	0.78125	0.78125	1.0	0.8404255319148937	
0.954954954954955	0.8947368421052632	0.8958333333333334	0.8541666666666666	0.8971631205673759	0.9270833333333334	0.8923611111111112	0.9652777777777778	0.8888888888888888	0.9270833333333334	0.925531914893617	0.9305555555555556	0.8819444444444444	0.9270833333333334	0.9444444444444444	0.9513888888888888	0.8708333333333333	0.9270833333333334	0.9270833333333334	0.9305555555555556	0.9347826086956522	0.8541666666666666	0.8723404255319149	0.8958333333333334	0.9236111111111112	0.8993055555555556	0.9131944444444444	0	0.950354609929078	0.9861111111111112	0.90625	0.8993055555555556	1.0	0.9042553191489362	
0.8378378378378378	0.8508771929824561	0.875886524822695	0.8687943262411347	0.851063829787234	0.8829787234042553	0.8262411347517731	0.925531914893617	1.0	0.8687943262411347	0.8687943262411347	0.8723404255319149	0.8865248226950354	0.8226950354609929	0.9361702127659575	0.851063829787234	0.95	0.851063829787234	0.8687943262411347	0.8191489361702128	0.8804347826086957	0.8333333333333334	0.8617021276595744	0.8723404255319149	0.8475177304964538	0.8865248226950354	0.8865248226950354	0.950354609929078	0	0.950354609929078	0.8865248226950354	0.8865248226950354	1.0	0.8475177304964538	
0.9684684684684685	0.956140350877193	0.9733333333333334	0.9633333333333334	0.925531914893617	0.9433333333333334	0.9233333333333333	0.95	0.9	0.9733333333333334	0.925531914893617	0.9761904761904762	0.9733333333333334	0.9566666666666667	0.9233333333333333	0.9733333333333334	0.9666666666666667	0.9733333333333334	0.9733333333333334	0.9591836734693877	0.9818840579710145	0.9433333333333334	0.9858156028368794	0.9266666666666666	0.9733333333333334	0.9618055555555556	0.9133333333333333	0.9861111111111112	0.950354609929078	0	0.9409722222222222	0.9618055555555556	1.0	0.9822695035460993	
0.7792792792792793	0.8157894736842105	0.8194444444444444	0.8402777777777778	0.8085106382978723	0.8194444444444444	0.7118055555555556	0.7881944444444444	0.6	0.7777777777777778	0.8226950354609929	0.8194444444444444	0.7881944444444444	0.7986111111111112	0.7708333333333334	0.7604166666666666	0.9125	0.7326388888888888	0.7881944444444444	0.8020833333333334	0.8152173913043478	0.7881944444444444	0.8439716312056738	0.7847222222222222	0.84375	0.75	0.78125	0.90625	0.8865248226950354	0.9409722222222222	0	0.75	0.9615384615384616	0.8404255319148937	
0.8108108108108109	0.8508771929824561	0.84375	0.8159722222222222	0.74822695035461	0.7465277777777778	0.8159722222222222	0.9027777777777778	0.8555555555555555	0.7638888888888888	0.7872340425531915	0.8298611111111112	0.8125	0.7916666666666666	0.8020833333333334	0.84375	0.775	0.8159722222222222	0.8298611111111112	0.7604166666666666	0.8369565217391305	0.6701388888888888	0.7695035460992907	0.6701388888888888	0.84375	0.0	0.78125	0.8993055555555556	0.8865248226950354	0.9618055555555556	0.75	0	1.0	0.8120567375886525	
0.9230769230769231	1.0	1.0	0.6153846153846154	1.0	1.0	0.9615384615384616	1.0	0.9615384615384616	1.0	0.9615384615384616	1.0	1.0	1.0	1.0	1.0	1.0	1.0	1.0	1.0	1.0	1.0	1.0	1.0	1.0	1.0	1.0	1.0	1.0	1.0	0.9615384615384616	1.0	0	1.0	
0.7927927927927928	0.8333333333333334	0.8333333333333334	0.8581560283687943	0.8120567375886525	0.8120567375886525	0.8404255319148937	0.925531914893617	0.9222222222222223	0.7446808510638298	0.8581560283687943	0.7659574468085106	0.8368794326241135	0.6666666666666666	0.8936170212765957	0.8652482269503546	0.8958333333333334	0.8404255319148937	0.74822695035461	0.7446808510638298	0.7572463768115942	0.7907801418439716	0.7943262411347518	0.8014184397163121	0.8191489361702128	0.8120567375886525	0.8404255319148937	0.9042553191489362	0.8475177304964538	0.9822695035460993	0.8404255319148937	0.8120567375886525	1.0	0	
