0	0.8720238095238095	0.9398907103825137	0.9699453551912568	0.8169398907103825	0.8278688524590164	1.0	0.8129251700680272	0.8114754098360656	0.7103174603174603	0.8661202185792349	0.8688524590163934	0.8616352201257862	0.81	0.8616352201257862	0.8018867924528302	0.7521367521367521	0.803030303030303	0.8018867924528302	0.8504273504273504	0.8647798742138365	0.8111111111111111	0.7698412698412699	0.8109756097560976	0.8176100628930818	0.8480392156862745	0.8142076502732241	0.7698412698412699	0.9134615384615384	0.8442622950819673	0.8306010928961749	0.7698412698412699	0.8176100628930818	0.8647798742138365	
0.8720238095238095	0	0.9434523809523809	0.9672619047619048	0.8601190476190477	0.8630952380952381	1.0	0.8333333333333334	0.8244047619047619	0.8134920634920635	0.8005952380952381	0.8601190476190477	0.8301886792452831	0.8533333333333334	0.8522012578616353	0.8522012578616353	0.8290598290598291	0.8863636363636364	0.8522012578616353	0.8589743589743589	0.7767295597484277	0.9111111111111111	0.8293650793650794	0.8719512195121951	0.8427672955974843	0.8970588235294118	0.8571428571428571	0.8253968253968254	0.9262820512820513	0.8184523809523809	0.8601190476190477	0.8253968253968254	0.8522012578616353	0.789308176100629	
0.9398907103825137	0.9434523809523809	0	0.8308080808080808	0.8656716417910447	0.8787878787878788	1.0	0.8333333333333334	0.8606965174129353	0.9007936507936508	0.835820895522388	0.8844086021505376	0.8616352201257862	0.8566666666666667	0.8647798742138365	0.8553459119496856	0.9017094017094017	0.8863636363636364	0.8553459119496856	0.8461538461538461	0.8522012578616353	0.9	0.876984126984127	0.9451219512195121	0.8270440251572327	0.9558823529411765	0.8656716417910447	0.8571428571428571	0.9807692307692307	0.8557213930348259	0.8656716417910447	0.8571428571428571	0.839622641509434	0.8616352201257862	
0.9699453551912568	0.9672619047619048	0.8308080808080808	0	0.9040404040404041	0.8813131313131313	1.0	0.8843537414965986	0.898989898989899	0.9484126984126984	0.8383838383838383	0.9032258064516129	0.8742138364779874	0.8733333333333333	0.889937106918239	0.8867924528301887	0.9615384615384616	0.9772727272727273	0.8867924528301887	0.8547008547008547	0.889937106918239	0.9888888888888889	0.9404761904761905	0.9878048780487805	0.8836477987421384	0.9901960784313726	0.8939393939393939	0.9404761904761905	0.9967948717948718	0.9116161616161617	0.8863636363636364	0.9404761904761905	0.8522012578616353	0.889937106918239	
0.8169398907103825	0.8601190476190477	0.8656716417910447	0.9040404040404041	0	0.7070707070707071	1.0	0.7551020408163265	0.763681592039801	0.7261904761904762	0.8109452736318408	0.8360215053763441	0.8081761006289309	0.7533333333333333	0.8050314465408805	0.7452830188679245	0.7435897435897436	0.7727272727272727	0.7452830188679245	0.7777777777777778	0.8050314465408805	0.8111111111111111	0.746031746031746	0.8109756097560976	0.7641509433962265	0.8480392156862745	0.7064676616915423	0.746031746031746	0.9134615384615384	0.7935323383084577	0.7164179104477612	0.746031746031746	0.7641509433962265	0.8113207547169812	
0.8278688524590164	0.8630952380952381	0.8787878787878788	0.8813131313131313	0.7070707070707071	0	1.0	0.7551020408163265	0.7828282828282829	0.7420634920634921	0.797979797979798	0.8387096774193549	0.8113207547169812	0.75	0.7955974842767296	0.7610062893081762	0.7478632478632479	0.8106060606060606	0.7610062893081762	0.7777777777777778	0.8144654088050315	0.8333333333333334	0.75	0.8109756097560976	0.7672955974842768	0.8480392156862745	0.7121212121212122	0.75	0.9134615384615384	0.7828282828282829	0.7095959595959596	0.75	0.7547169811320755	0.8144654088050315	
1.0	1.0	1.0	1.0	1.0	1.0	0	0.8620689655172413	1.0	0.4482758620689655	1.0	1.0	0.8275862068965517	1.0	1.0	1.0	1.0	1.0	1.0	0.8620689655172413	1.0	0.9655172413793104	0.7241379310344828	1.0	0.8275862068965517	1.0	1.0	0.8620689655172413	1.0	1.0	1.0	0.8620689655172413	1.0	0.13793103448275862	
0.8129251700680272	0.8333333333333334	0.8333333333333334	0.8843537414965986	0.7551020408163265	0.7551020408163265	0.8620689655172413	0	0.7619047619047619	0.6825396825396826	0.7619047619047619	0.7619047619047619	0.7585034013605442	0.6598639455782312	0.7619047619047619	0.7074829931972789	0.7307692307692307	0.8333333333333334	0.7074829931972789	0.7222222222222222	0.7312925170068028	0.8777777777777778	0.6349206349206349	0.7439024390243902	0.5714285714285714	0.7794117647058824	0.7551020408163265	0.4722222222222222	0.9183673469387755	0.7755102040816326	0.7585034013605442	0.4722222222222222	0.7142857142857143	0.7142857142857143	
0.8114754098360656	0.8244047619047619	0.8606965174129353	0.898989898989899	0.763681592039801	0.7828282828282829	1.0	0.7619047619047619	0	0.75	0.8109452736318408	0.8521505376344086	0.8270440251572327	0.7733333333333333	0.8270440251572327	0.7672955974842768	0.7649572649572649	0.803030303030303	0.7672955974842768	0.8034188034188035	0.8270440251572327	0.8111111111111111	0.7420634920634921	0.774390243902439	0.7830188679245284	0.8137254901960784	0.7388059701492538	0.753968253968254	0.9134615384615384	0.7562189054726368	0.7885572139303483	0.753968253968254	0.7830188679245284	0.8301886792452831	
0.7103174603174603	0.8134920634920635	0.9007936507936508	0.9484126984126984	0.7261904761904762	0.7420634920634921	0.4482758620689655	0.6825396825396826	0.75	0	0.7936507936507936	0.7777777777777778	0.7896825396825397	0.7222222222222222	0.753968253968254	0.6507936507936508	0.7051282051282052	0.803030303030303	0.6507936507936508	0.7948717948717948	0.7658730158730159	0.7555555555555555	0.6904761904761905	0.7439024390243902	0.6904761904761905	0.7941176470588235	0.7341269841269841	0.7182539682539683	0.8928571428571429	0.7063492063492064	0.7182539682539683	0.7182539682539683	0.7380952380952381	0.6388888888888888	
0.8661202185792349	0.8005952380952381	0.835820895522388	0.8383838383838383	0.8109452736318408	0.797979797979798	1.0	0.7619047619047619	0.8109452736318408	0.7936507936507936	0	0.7849462365591398	0.7704402515723271	0.7666666666666667	0.7704402515723271	0.7704402515723271	0.8076923076923077	0.8863636363636364	0.7704402515723271	0.7435897435897436	0.7044025157232704	0.9111111111111111	0.7976190476190477	0.9024390243902439	0.7704402515723271	0.9215686274509803	0.8109452736318408	0.7976190476190477	0.9262820512820513	0.8283582089552238	0.7985074626865671	0.7976190476190477	0.7704402515723271	0.7075471698113207	
0.8688524590163934	0.8601190476190477	0.8844086021505376	0.9032258064516129	0.8360215053763441	0.8387096774193549	1.0	0.7619047619047619	0.8521505376344086	0.7777777777777778	0.7849462365591398	0	0.7075471698113207	0.7633333333333333	0.7075471698113207	0.7672955974842768	0.7777777777777778	0.8863636363636364	0.7672955974842768	0.7435897435897436	0.7672955974842768	0.9111111111111111	0.7936507936507936	0.8963414634146342	0.7672955974842768	0.9166666666666666	0.8360215053763441	0.7936507936507936	0.9230769230769231	0.8521505376344086	0.8333333333333334	0.7936507936507936	0.7672955974842768	0.7704402515723271	
0.8616352201257862	0.8301886792452831	0.8616352201257862	0.8742138364779874	0.8081761006289309	0.8113207547169812	0.8275862068965517	0.7585034013605442	0.8270440251572327	0.7896825396825397	0.7704402515723271	0.7075471698113207	0	0.76	0.7075471698113207	0.6792452830188679	0.8034188034188035	0.8863636363636364	0.6792452830188679	0.7435897435897436	0.7578616352201258	0.9111111111111111	0.7738095238095238	0.8963414634146342	0.7641509433962265	0.9166666666666666	0.8081761006289309	0.7896825396825397	0.9262820512820513	0.8238993710691824	0.8081761006289309	0.7896825396825397	0.7641509433962265	0.7327044025157232	
0.81	0.8533333333333334	0.8566666666666667	0.8733333333333333	0.7533333333333333	0.75	1.0	0.6598639455782312	0.7733333333333333	0.7222222222222222	0.7666666666666667	0.7633333333333333	0.76	0	0.76	0.7	0.7521367521367521	0.8257575757575758	0.7	0.7222222222222222	0.7266666666666667	0.7777777777777778	0.7063492063492064	0.8048780487804879	0.67	0.8431372549019608	0.74	0.7261904761904762	0.9166666666666666	0.78	0.7166666666666667	0.7261904761904762	0.7033333333333334	0.71	
0.8616352201257862	0.8522012578616353	0.8647798742138365	0.889937106918239	0.8050314465408805	0.7955974842767296	1.0	0.7619047619047619	0.8270440251572327	0.753968253968254	0.7704402515723271	0.7075471698113207	0.7075471698113207	0.76	0	0.7264150943396226	0.7863247863247863	0.8863636363636364	0.7264150943396226	0.7435897435897436	0.7578616352201258	0.9	0.7936507936507936	0.8963414634146342	0.7672955974842768	0.9166666666666666	0.7955974842767296	0.7936507936507936	0.9262820512820513	0.8270440251572327	0.7955974842767296	0.7936507936507936	0.7672955974842768	0.7389937106918238	
0.8018867924528302	0.8522012578616353	0.8553459119496856	0.8867924528301887	0.7452830188679245	0.7610062893081762	1.0	0.7074829931972789	0.7672955974842768	0.6507936507936508	0.7704402515723271	0.7672955974842768	0.6792452830188679	0.7	0.7264150943396226	0	0.7222222222222222	0.803030303030303	0.0	0.7222222222222222	0.7452830188679245	0.8	0.7341269841269841	0.8109756097560976	0.720125786163522	0.8480392156862745	0.7452830188679245	0.7341269841269841	0.9134615384615384	0.7830188679245284	0.7515723270440252	0.7341269841269841	0.7232704402515723	0.6761006289308176	
0.7521367521367521	0.8290598290598291	0.9017094017094017	0.9615384615384616	0.7435897435897436	0.7478632478632479	1.0	0.7307692307692307	0.7649572649572649	0.7051282051282052	0.8076923076923077	0.7777777777777778	0.8034188034188035	0.7521367521367521	0.7863247863247863	0.7222222222222222	0	0.6666666666666666	0.7222222222222222	0.8376068376068376	0.7905982905982906	0.8444444444444444	0.7008547008547008	0.7195121951219512	0.6794871794871795	0.7745098039215687	0.7435897435897436	0.688034188034188	0.8846153846153846	0.7435897435897436	0.7222222222222222	0.688034188034188	0.7222222222222222	0.7435897435897436	
0.803030303030303	0.8863636363636364	0.8863636363636364	0.9772727272727273	0.7727272727272727	0.8106060606060606	1.0	0.8333333333333334	0.803030303030303	0.803030303030303	0.8863636363636364	0.8863636363636364	0.8863636363636364	0.8257575757575758	0.8863636363636364	0.803030303030303	0.6666666666666666	0	0.803030303030303	0.9696969696969697	0.8181818181818182	0.8444444444444444	0.7121212121212122	0.8863636363636364	0.7651515151515151	0.8863636363636364	0.803030303030303	0.7651515151515151	0.8636363636363636	0.7348484848484849	0.7575757575757576	0.7651515151515151	0.7651515151515151	0.8863636363636364	
0.8018867924528302	0.8522012578616353	0.8553459119496856	0.8867924528301887	0.7452830188679245	0.7610062893081762	1.0	0.7074829931972789	0.7672955974842768	0.6507936507936508	0.7704402515723271	0.7672955974842768	0.6792452830188679	0.7	0.7264150943396226	0.0	0.7222222222222222	0.803030303030303	0	0.7222222222222222	0.7452830188679245	0.8	0.7341269841269841	0.8109756097560976	0.720125786163522	0.8480392156862745	0.7452830188679245	0.7341269841269841	0.9134615384615384	0.7830188679245284	0.7515723270440252	0.7341269841269841	0.7232704402515723	0.6761006289308176	
0.8504273504273504	0.8589743589743589	0.8461538461538461	0.8547008547008547	0.7777777777777778	0.7777777777777778	0.8620689655172413	0.7222222222222222	0.8034188034188035	0.7948717948717948	0.7435897435897436	0.7435897435897436	0.7435897435897436	0.7222222222222222	0.7435897435897436	0.7222222222222222	0.8376068376068376	0.9696969696969697	0.7222222222222222	0	0.7435897435897436	0.7111111111111111	0.8162393162393162	0.8658536585365854	0.7222222222222222	0.8921568627450981	0.7777777777777778	0.8162393162393162	0.9487179487179487	0.8034188034188035	0.7777777777777778	0.8162393162393162	0.7222222222222222	0.7264957264957265	
0.8647798742138365	0.7767295597484277	0.8522012578616353	0.889937106918239	0.8050314465408805	0.8144654088050315	1.0	0.7312925170068028	0.8270440251572327	0.7658730158730159	0.7044025157232704	0.7672955974842768	0.7578616352201258	0.7266666666666667	0.7578616352201258	0.7452830188679245	0.7905982905982906	0.8181818181818182	0.7452830188679245	0.7435897435897436	0	0.8666666666666667	0.6865079365079365	0.8780487804878049	0.7578616352201258	0.8872549019607843	0.8081761006289309	0.7579365079365079	0.9262820512820513	0.8301886792452831	0.7515723270440252	0.7579365079365079	0.7704402515723271	0.6226415094339622	
0.8111111111111111	0.9111111111111111	0.9	0.9888888888888889	0.8111111111111111	0.8333333333333334	0.9655172413793104	0.8777777777777778	0.8111111111111111	0.7555555555555555	0.9111111111111111	0.9111111111111111	0.9111111111111111	0.7777777777777778	0.9	0.8	0.8444444444444444	0.8444444444444444	0.8	0.7111111111111111	0.8666666666666667	0	0.8555555555555555	0.9444444444444444	0.8555555555555555	0.9444444444444444	0.7222222222222222	0.8555555555555555	0.9111111111111111	0.8555555555555555	0.8111111111111111	0.8555555555555555	0.8555555555555555	0.8555555555555555	
0.7698412698412699	0.8293650793650794	0.876984126984127	0.9404761904761905	0.746031746031746	0.75	0.7241379310344828	0.6349206349206349	0.7420634920634921	0.6904761904761905	0.7976190476190477	0.7936507936507936	0.7738095238095238	0.7063492063492064	0.7936507936507936	0.7341269841269841	0.7008547008547008	0.7121212121212122	0.7341269841269841	0.8162393162393162	0.6865079365079365	0.8555555555555555	0	0.5304878048780488	0.6031746031746031	0.5931372549019608	0.746031746031746	0.5238095238095238	0.8928571428571429	0.7222222222222222	0.7261904761904762	0.5238095238095238	0.7182539682539683	0.7619047619047619	
0.8109756097560976	0.8719512195121951	0.9451219512195121	0.9878048780487805	0.8109756097560976	0.8109756097560976	1.0	0.7439024390243902	0.774390243902439	0.7439024390243902	0.9024390243902439	0.8963414634146342	0.8963414634146342	0.8048780487804879	0.8963414634146342	0.8109756097560976	0.7195121951219512	0.8863636363636364	0.8109756097560976	0.8658536585365854	0.8780487804878049	0.9444444444444444	0.5304878048780488	0	0.6463414634146342	0.1524390243902439	0.8109756097560976	0.6158536585365854	0.9573170731707317	0.75	0.7865853658536586	0.6158536585365854	0.7865853658536586	0.8597560975609756	
0.8176100628930818	0.8427672955974843	0.8270440251572327	0.8836477987421384	0.7641509433962265	0.7672955974842768	0.8275862068965517	0.5714285714285714	0.7830188679245284	0.6904761904761905	0.7704402515723271	0.7672955974842768	0.7641509433962265	0.67	0.7672955974842768	0.720125786163522	0.6794871794871795	0.7651515151515151	0.720125786163522	0.7222222222222222	0.7578616352201258	0.8555555555555555	0.6031746031746031	0.6463414634146342	0	0.7156862745098039	0.7610062893081762	0.5476190476190477	0.9134615384615384	0.7641509433962265	0.7484276729559748	0.5476190476190477	0.7044025157232704	0.6698113207547169	
0.8480392156862745	0.8970588235294118	0.9558823529411765	0.9901960784313726	0.8480392156862745	0.8480392156862745	1.0	0.7794117647058824	0.8137254901960784	0.7941176470588235	0.9215686274509803	0.9166666666666666	0.9166666666666666	0.8431372549019608	0.9166666666666666	0.8480392156862745	0.7745098039215687	0.8863636363636364	0.8480392156862745	0.8921568627450981	0.8872549019607843	0.9444444444444444	0.5931372549019608	0.1524390243902439	0.7156862745098039	0	0.8480392156862745	0.6764705882352942	0.9656862745098039	0.7990196078431373	0.8284313725490197	0.6764705882352942	0.8284313725490197	0.8872549019607843	
0.8142076502732241	0.8571428571428571	0.8656716417910447	0.8939393939393939	0.7064676616915423	0.7121212121212122	1.0	0.7551020408163265	0.7388059701492538	0.7341269841269841	0.8109452736318408	0.8360215053763441	0.8081761006289309	0.74	0.7955974842767296	0.7452830188679245	0.7435897435897436	0.803030303030303	0.7452830188679245	0.7777777777777778	0.8081761006289309	0.7222222222222222	0.746031746031746	0.8109756097560976	0.7610062893081762	0.8480392156862745	0	0.746031746031746	0.9134615384615384	0.7910447761194029	0.7213930348258707	0.746031746031746	0.7641509433962265	0.8081761006289309	
0.7698412698412699	0.8253968253968254	0.8571428571428571	0.9404761904761905	0.746031746031746	0.75	0.8620689655172413	0.4722222222222222	0.753968253968254	0.7182539682539683	0.7976190476190477	0.7936507936507936	0.7896825396825397	0.7261904761904762	0.7936507936507936	0.7341269841269841	0.688034188034188	0.7651515151515151	0.7341269841269841	0.8162393162393162	0.7579365079365079	0.8555555555555555	0.5238095238095238	0.6158536585365854	0.5476190476190477	0.6764705882352942	0.746031746031746	0	0.8928571428571429	0.75	0.7261904761904762	0.0	0.7142857142857143	0.7420634920634921	
0.9134615384615384	0.9262820512820513	0.9807692307692307	0.9967948717948718	0.9134615384615384	0.9134615384615384	1.0	0.9183673469387755	0.9134615384615384	0.8928571428571429	0.9262820512820513	0.9230769230769231	0.9262820512820513	0.9166666666666666	0.9262820512820513	0.9134615384615384	0.8846153846153846	0.8636363636363636	0.9134615384615384	0.9487179487179487	0.9262820512820513	0.9111111111111111	0.8928571428571429	0.9573170731707317	0.9134615384615384	0.9656862745098039	0.9134615384615384	0.8928571428571429	0	0.8942307692307693	0.9134615384615384	0.8928571428571429	0.9134615384615384	0.9262820512820513	
0.8442622950819673	0.8184523809523809	0.8557213930348259	0.9116161616161617	0.7935323383084577	0.7828282828282829	1.0	0.7755102040816326	0.7562189054726368	0.7063492063492064	0.8283582089552238	0.8521505376344086	0.8238993710691824	0.78	0.8270440251572327	0.7830188679245284	0.7435897435897436	0.7348484848484849	0.7830188679245284	0.8034188034188035	0.8301886792452831	0.8555555555555555	0.7222222222222222	0.75	0.7641509433962265	0.7990196078431373	0.7910447761194029	0.75	0.8942307692307693	0	0.7786069651741293	0.75	0.7641509433962265	0.8301886792452831	
0.8306010928961749	0.8601190476190477	0.8656716417910447	0.8863636363636364	0.7164179104477612	0.7095959595959596	1.0	0.7585034013605442	0.7885572139303483	0.7182539682539683	0.7985074626865671	0.8333333333333334	0.8081761006289309	0.7166666666666667	0.7955974842767296	0.7515723270440252	0.7222222222222222	0.7575757575757576	0.7515723270440252	0.7777777777777778	0.7515723270440252	0.8111111111111111	0.7261904761904762	0.7865853658536586	0.7484276729559748	0.8284313725490197	0.7213930348258707	0.7261904761904762	0.9134615384615384	0.7786069651741293	0	0.7261904761904762	0.7484276729559748	0.7610062893081762	
0.7698412698412699	0.8253968253968254	0.8571428571428571	0.9404761904761905	0.746031746031746	0.75	0.8620689655172413	0.4722222222222222	0.753968253968254	0.7182539682539683	0.7976190476190477	0.7936507936507936	0.7896825396825397	0.7261904761904762	0.7936507936507936	0.7341269841269841	0.688034188034188	0.7651515151515151	0.7341269841269841	0.8162393162393162	0.7579365079365079	0.8555555555555555	0.5238095238095238	0.6158536585365854	0.5476190476190477	0.6764705882352942	0.746031746031746	0.0	0.8928571428571429	0.75	0.7261904761904762	0	0.7142857142857143	0.7420634920634921	
0.8176100628930818	0.8522012578616353	0.839622641509434	0.8522012578616353	0.7641509433962265	0.7547169811320755	1.0	0.7142857142857143	0.7830188679245284	0.7380952380952381	0.7704402515723271	0.7672955974842768	0.7641509433962265	0.7033333333333334	0.7672955974842768	0.7232704402515723	0.7222222222222222	0.7651515151515151	0.7232704402515723	0.7222222222222222	0.7704402515723271	0.8555555555555555	0.7182539682539683	0.7865853658536586	0.7044025157232704	0.8284313725490197	0.7641509433962265	0.7142857142857143	0.9134615384615384	0.7641509433962265	0.7484276729559748	0.7142857142857143	0	0.7704402515723271	
0.8647798742138365	0.789308176100629	0.8616352201257862	0.889937106918239	0.8113207547169812	0.8144654088050315	0.13793103448275862	0.7142857142857143	0.8301886792452831	0.6388888888888888	0.7075471698113207	0.7704402515723271	0.7327044025157232	0.71	0.7389937106918238	0.6761006289308176	0.7435897435897436	0.8863636363636364	0.6761006289308176	0.7264957264957265	0.6226415094339622	0.8555555555555555	0.7619047619047619	0.8597560975609756	0.6698113207547169	0.8872549019607843	0.8081761006289309	0.7420634920634921	0.9262820512820513	0.8301886792452831	0.7610062893081762	0.7420634920634921	0.7704402515723271	0	
