0	1.0	1.0	0.9166666666666666	1.0	0.9523809523809523	1.0	1.0	1.0	1.0	1.0	1.0	1.0	0.9404761904761905	0.9523809523809523	1.0	1.0	1.0	0.9523809523809523	1.0	1.0	0.9523809523809523	1.0	1.0	1.0	0.9166666666666666	1.0	1.0	0.9404761904761905	1.0	1.0	0.9166666666666666	1.0	1.0	
1.0	0	0.8974358974358975	0.905982905982906	0.926923076923077	0.9230769230769231	0.8888888888888888	0.9423076923076923	1.0	0.9252136752136753	0.8602150537634409	0.9876543209876543	0.8568376068376068	0.8824786324786325	0.9294871794871795	1.0	0.9294871794871795	0.905982905982906	0.9436936936936937	1.0	0.9294871794871795	0.9102564102564102	0.9117647058823529	0.9209401709401709	0.9145299145299145	0.9337899543378996	0.8974358974358975	0.92	0.9594017094017094	1.0	0.9337606837606838	0.905982905982906	0.8974358974358975	0.9273504273504274	
1.0	0.8974358974358975	0	0.8422131147540983	0.9038461538461539	0.8831967213114754	0.8217213114754098	0.9200819672131147	1.0	0.9041666666666667	0.8655913978494624	1.0	0.9041666666666667	0.7192622950819673	0.9016393442622951	1.0	0.8708333333333333	0.9041666666666667	0.9234234234234234	1.0	0.85	0.8422131147540983	0.8602941176470589	0.8979166666666667	0.8381147540983607	0.7853881278538812	0.8073770491803278	0.8111111111111111	0.9344262295081968	1.0	0.9200819672131147	0.8155737704918032	0.8073770491803278	0.9057377049180327	
0.9166666666666666	0.905982905982906	0.8422131147540983	0	0.926923076923077	0.8980392156862745	0.8693181818181818	0.9593023255813954	1.0	0.9	0.8118279569892473	1.0	0.8958333333333334	0.7689393939393939	0.9128787878787878	1.0	0.90625	0.8895833333333333	0.9076576576576577	1.0	0.88125	0.8806818181818182	0.7769607843137255	0.9020833333333333	0.8939393939393939	0.8378995433789954	0.8598484848484849	0.8288888888888889	0.9308943089430894	1.0	0.9071969696969697	0.7878787878787878	0.8598484848484849	0.8882113821138211	
1.0	0.926923076923077	0.9038461538461539	0.926923076923077	0	0.8307692307692308	0.8807692307692307	0.9884615384615385	1.0	0.8192307692307692	0.9408602150537635	1.0	0.7923076923076923	0.8692307692307693	0.8307692307692308	1.0	0.8769230769230769	0.8	0.9230769230769231	0.9791666666666666	0.8538461538461538	0.8538461538461538	0.9038461538461539	0.8615384615384616	0.8884615384615384	0.8538461538461538	0.8846153846153846	0.8884615384615384	0.9230769230769231	1.0	0.9346153846153846	0.9115384615384615	0.8846153846153846	0.8192307692307692	
0.9523809523809523	0.9230769230769231	0.8831967213114754	0.8980392156862745	0.8307692307692308	0	0.8803921568627451	0.9705882352941176	1.0	0.8395833333333333	0.8763440860215054	0.8765432098765432	0.8104166666666667	0.888235294117647	0.692156862745098	1.0	0.8791666666666667	0.7979166666666667	0.7927927927927928	0.90625	0.8208333333333333	0.8235294117647058	0.8602941176470589	0.8416666666666667	0.8784313725490196	0.9178082191780822	0.8392156862745098	0.8711111111111111	0.9349593495934959	1.0	0.9235294117647059	0.8980392156862745	0.8392156862745098	0.8719512195121951	
1.0	0.8888888888888888	0.8217213114754098	0.8693181818181818	0.8807692307692307	0.8803921568627451	0	0.9457364341085271	1.0	0.84375	0.7795698924731183	1.0	0.85625	0.8484848484848485	0.8920454545454546	1.0	0.8854166666666666	0.8666666666666667	0.9324324324324325	1.0	0.9041666666666667	0.8958333333333334	0.8872549019607843	0.9104166666666667	0.7803030303030303	0.9200913242009132	0.8579545454545454	0.8111111111111111	0.9349593495934959	0.7380952380952381	0.9431818181818182	0.8465909090909091	0.8579545454545454	0.8597560975609756	
1.0	0.9423076923076923	0.9200819672131147	0.9593023255813954	0.9884615384615385	0.9705882352941176	0.9457364341085271	0	0.6285714285714286	0.9583333333333334	0.9032258064516129	1.0	0.95	0.9108527131782945	0.9709302325581395	1.0	0.9604166666666667	0.9583333333333334	0.9617117117117117	1.0	0.9395833333333333	0.9186046511627907	0.9387254901960784	0.9541666666666667	0.9418604651162791	0.954337899543379	0.875968992248062	0.9666666666666667	0.983739837398374	0.8333333333333334	0.9709302325581395	0.9418604651162791	0.875968992248062	0.9451219512195121	
1.0	1.0	1.0	1.0	1.0	1.0	1.0	0.6285714285714286	0	1.0	1.0	1.0	1.0	0.9714285714285714	1.0	1.0	1.0	1.0	1.0	1.0	1.0	0.8857142857142857	1.0	1.0	1.0	1.0	1.0	0.8857142857142857	1.0	0.9714285714285714	1.0	0.9714285714285714	1.0	0.9714285714285714	
1.0	0.9252136752136753	0.9041666666666667	0.9	0.8192307692307692	0.8395833333333333	0.84375	0.9583333333333334	1.0	0	0.7311827956989247	0.9320987654320988	0.7583333333333333	0.85	0.8270833333333333	1.0	0.8145833333333333	0.7208333333333333	0.8918918918918919	0.9791666666666666	0.7666666666666667	0.7875	0.8578431372549019	0.8354166666666667	0.7895833333333333	0.9041095890410958	0.8770833333333333	0.9244444444444444	0.9291666666666667	1.0	0.9229166666666667	0.8979166666666667	0.8770833333333333	0.8229166666666666	
1.0	0.8602150537634409	0.8655913978494624	0.8118279569892473	0.9408602150537635	0.8763440860215054	0.7795698924731183	0.9032258064516129	1.0	0.7311827956989247	0	1.0	0.7043010752688172	0.6021505376344086	0.8440860215053764	0.0	0.8709677419354839	0.7311827956989247	0.8494623655913979	1.0	0.7365591397849462	0.7365591397849462	0.7956989247311828	0.6397849462365591	0.7365591397849462	0.8978494623655914	0.8172043010752689	0.8387096774193549	0.8763440860215054	1.0	0.8709677419354839	0.8387096774193549	0.8172043010752689	0.8010752688172043	
1.0	0.9876543209876543	1.0	1.0	1.0	0.8765432098765432	1.0	1.0	1.0	0.9320987654320988	1.0	0	0.8209876543209876	0.9938271604938271	0.8703703703703703	1.0	0.9135802469135802	0.8148148148148148	0.8950617283950617	0.8125	0.7716049382716049	0.808641975308642	0.9691358024691358	0.8765432098765432	1.0	0.9753086419753086	0.9444444444444444	1.0	1.0	1.0	0.9629629629629629	1.0	0.9444444444444444	1.0	
1.0	0.8568376068376068	0.9041666666666667	0.8958333333333334	0.7923076923076923	0.8104166666666667	0.85625	0.95	1.0	0.7583333333333333	0.7043010752688172	0.8209876543209876	0	0.8354166666666667	0.8145833333333333	1.0	0.8625	0.725	0.9144144144144144	0.75	0.7833333333333333	0.8041666666666667	0.8235294117647058	0.8208333333333333	0.84375	0.9041095890410958	0.8541666666666666	0.9155555555555556	0.9291666666666667	1.0	0.9125	0.90625	0.8541666666666666	0.83125	
0.9404761904761905	0.8824786324786325	0.7192622950819673	0.7689393939393939	0.8692307692307693	0.888235294117647	0.8484848484848485	0.9108527131782945	0.9714285714285714	0.85	0.6021505376344086	0.9938271604938271	0.8354166666666667	0	0.8977272727272727	1.0	0.875	0.8375	0.8918918918918919	0.9270833333333334	0.8083333333333333	0.7992424242424242	0.7622549019607843	0.8291666666666667	0.8409090909090909	0.6986301369863014	0.8106060606060606	0.8111111111111111	0.9024390243902439	0.7619047619047619	0.9242424242424242	0.7462121212121212	0.8106060606060606	0.8597560975609756	
0.9523809523809523	0.9294871794871795	0.9016393442622951	0.9128787878787878	0.8307692307692308	0.692156862745098	0.8920454545454546	0.9709302325581395	1.0	0.8270833333333333	0.8440860215053764	0.8703703703703703	0.8145833333333333	0.8977272727272727	0	1.0	0.8666666666666667	0.7770833333333333	0.8603603603603603	0.90625	0.7875	0.8181818181818182	0.8455882352941176	0.8354166666666667	0.8882575757575758	0.9178082191780822	0.8484848484848485	0.8955555555555555	0.9349593495934959	1.0	0.9204545454545454	0.9109848484848485	0.8484848484848485	0.8719512195121951	
1.0	1.0	1.0	1.0	1.0	1.0	1.0	1.0	1.0	1.0	0.0	1.0	1.0	1.0	1.0	0	1.0	1.0	1.0	1.0	1.0	1.0	1.0	1.0	1.0	1.0	1.0	0.9736842105263158	1.0	1.0	1.0	1.0	1.0	1.0	
1.0	0.9294871794871795	0.8708333333333333	0.90625	0.8769230769230769	0.8791666666666667	0.8854166666666666	0.9604166666666667	1.0	0.8145833333333333	0.8709677419354839	0.9135802469135802	0.8625	0.875	0.8666666666666667	1.0	0	0.84375	0.9054054054054054	0.9895833333333334	0.8125	0.8375	0.8872549019607843	0.88125	0.90625	0.8972602739726028	0.8604166666666667	0.9111111111111111	0.94375	1.0	0.925	0.875	0.8604166666666667	0.9125	
1.0	0.905982905982906	0.9041666666666667	0.8895833333333333	0.8	0.7979166666666667	0.8666666666666667	0.9583333333333334	1.0	0.7208333333333333	0.7311827956989247	0.8148148148148148	0.725	0.8375	0.7770833333333333	1.0	0.84375	0	0.8761261261261262	0.8854166666666666	0.7041666666666667	0.7333333333333333	0.821078431372549	0.7916666666666666	0.8166666666666667	0.9041095890410958	0.83125	0.9133333333333333	0.9291666666666667	1.0	0.9125	0.8708333333333333	0.83125	0.8354166666666667	
0.9523809523809523	0.9436936936936937	0.9234234234234234	0.9076576576576577	0.9230769230769231	0.7927927927927928	0.9324324324324325	0.9617117117117117	1.0	0.8918918918918919	0.8494623655913979	0.8950617283950617	0.9144144144144144	0.8918918918918919	0.8603603603603603	1.0	0.9054054054054054	0.8761261261261262	0	1.0	0.8873873873873874	0.8693693693693694	0.9436274509803921	0.8648648648648649	0.9121621621621622	0.9200913242009132	0.8738738738738738	0.9121621621621622	0.9617117117117117	1.0	0.9369369369369369	0.9166666666666666	0.8738738738738738	0.9121621621621622	
1.0	1.0	1.0	1.0	0.9791666666666666	0.90625	1.0	1.0	1.0	0.9791666666666666	1.0	0.8125	0.75	0.9270833333333334	0.90625	1.0	0.9895833333333334	0.8854166666666666	1.0	0	0.7395833333333334	0.90625	0.8333333333333334	0.90625	1.0	1.0	0.90625	1.0	1.0	1.0	0.9583333333333334	0.9895833333333334	0.90625	1.0	
1.0	0.9294871794871795	0.85	0.88125	0.8538461538461538	0.8208333333333333	0.9041666666666667	0.9395833333333333	1.0	0.7666666666666667	0.7365591397849462	0.7716049382716049	0.7833333333333333	0.8083333333333333	0.7875	1.0	0.8125	0.7041666666666667	0.8873873873873874	0.7395833333333334	0	0.71875	0.8137254901960784	0.79375	0.8729166666666667	0.8584474885844748	0.7895833333333333	0.9066666666666666	0.93125	1.0	0.9125	0.84375	0.7895833333333333	0.8625	
0.9523809523809523	0.9102564102564102	0.8422131147540983	0.8806818181818182	0.8538461538461538	0.8235294117647058	0.8958333333333334	0.9186046511627907	0.8857142857142857	0.7875	0.7365591397849462	0.808641975308642	0.8041666666666667	0.7992424242424242	0.8181818181818182	1.0	0.8375	0.7333333333333333	0.8693693693693694	0.90625	0.71875	0	0.7892156862745098	0.79375	0.8636363636363636	0.7853881278538812	0.7935606060606061	0.8844444444444445	0.9288617886178862	0.9761904761904762	0.9204545454545454	0.8295454545454546	0.7935606060606061	0.8617886178861789	
1.0	0.9117647058823529	0.8602941176470589	0.7769607843137255	0.9038461538461539	0.8602941176470589	0.8872549019607843	0.9387254901960784	1.0	0.8578431372549019	0.7956989247311828	0.9691358024691358	0.8235294117647058	0.7622549019607843	0.8455882352941176	1.0	0.8872549019607843	0.821078431372549	0.9436274509803921	0.8333333333333334	0.8137254901960784	0.7892156862745098	0	0.8333333333333334	0.8897058823529411	0.8823529411764706	0.8137254901960784	0.9191176470588235	0.9509803921568627	1.0	0.9019607843137255	0.8578431372549019	0.8137254901960784	0.8921568627450981	
1.0	0.9209401709401709	0.8979166666666667	0.9020833333333333	0.8615384615384616	0.8416666666666667	0.9104166666666667	0.9541666666666667	1.0	0.8354166666666667	0.6397849462365591	0.8765432098765432	0.8208333333333333	0.8291666666666667	0.8354166666666667	1.0	0.88125	0.7916666666666666	0.8648648648648649	0.90625	0.79375	0.79375	0.8333333333333334	0	0.8916666666666667	0.908675799086758	0.8541666666666666	0.8977777777777778	0.9395833333333333	1.0	0.9104166666666667	0.9166666666666666	0.8541666666666666	0.8875	
1.0	0.9145299145299145	0.8381147540983607	0.8939393939393939	0.8884615384615384	0.8784313725490196	0.7803030303030303	0.9418604651162791	1.0	0.7895833333333333	0.7365591397849462	1.0	0.84375	0.8409090909090909	0.8882575757575758	1.0	0.90625	0.8166666666666667	0.9121621621621622	1.0	0.8729166666666667	0.8636363636363636	0.8897058823529411	0.8916666666666667	0	0.8972602739726028	0.8428030303030303	0.8688888888888889	0.9227642276422764	1.0	0.9526515151515151	0.8712121212121212	0.8428030303030303	0.806910569105691	
0.9166666666666666	0.9337899543378996	0.7853881278538812	0.8378995433789954	0.8538461538461538	0.9178082191780822	0.9200913242009132	0.954337899543379	1.0	0.9041095890410958	0.8978494623655914	0.9753086419753086	0.9041095890410958	0.6986301369863014	0.9178082191780822	1.0	0.8972602739726028	0.9041095890410958	0.9200913242009132	1.0	0.8584474885844748	0.7853881278538812	0.8823529411764706	0.908675799086758	0.8972602739726028	0	0.8378995433789954	0.8904109589041096	0.9178082191780822	0.9523809523809523	0.9429223744292238	0.8013698630136986	0.8378995433789954	0.8881278538812786	
1.0	0.8974358974358975	0.8073770491803278	0.8598484848484849	0.8846153846153846	0.8392156862745098	0.8579545454545454	0.875968992248062	1.0	0.8770833333333333	0.8172043010752689	0.9444444444444444	0.8541666666666666	0.8106060606060606	0.8484848484848485	1.0	0.8604166666666667	0.83125	0.8738738738738738	0.90625	0.7895833333333333	0.7935606060606061	0.8137254901960784	0.8541666666666666	0.8428030303030303	0.8378995433789954	0	0.8688888888888889	0.9512195121951219	0.8095238095238095	0.9147727272727273	0.8446969696969697	0.0	0.9024390243902439	
1.0	0.92	0.8111111111111111	0.8288888888888889	0.8884615384615384	0.8711111111111111	0.8111111111111111	0.9666666666666667	0.8857142857142857	0.9244444444444444	0.8387096774193549	1.0	0.9155555555555556	0.8111111111111111	0.8955555555555555	0.9736842105263158	0.9111111111111111	0.9133333333333333	0.9121621621621622	1.0	0.9066666666666666	0.8844444444444445	0.9191176470588235	0.8977777777777778	0.8688888888888889	0.8904109589041096	0.8688888888888889	0	0.9488888888888889	0.9047619047619048	0.9466666666666667	0.8444444444444444	0.8688888888888889	0.8755555555555555	
0.9404761904761905	0.9594017094017094	0.9344262295081968	0.9308943089430894	0.9230769230769231	0.9349593495934959	0.9349593495934959	0.983739837398374	1.0	0.9291666666666667	0.8763440860215054	1.0	0.9291666666666667	0.9024390243902439	0.9349593495934959	1.0	0.94375	0.9291666666666667	0.9617117117117117	1.0	0.93125	0.9288617886178862	0.9509803921568627	0.9395833333333333	0.9227642276422764	0.9178082191780822	0.9512195121951219	0.9488888888888889	0	1.0	0.9613821138211383	0.9085365853658537	0.9512195121951219	0.9288617886178862	
1.0	1.0	1.0	1.0	1.0	1.0	0.7380952380952381	0.8333333333333334	0.9714285714285714	1.0	1.0	1.0	1.0	0.7619047619047619	1.0	1.0	1.0	1.0	1.0	1.0	1.0	0.9761904761904762	1.0	1.0	1.0	0.9523809523809523	0.8095238095238095	0.9047619047619048	1.0	0	1.0	0.9285714285714286	0.8095238095238095	1.0	
1.0	0.9337606837606838	0.9200819672131147	0.9071969696969697	0.9346153846153846	0.9235294117647059	0.9431818181818182	0.9709302325581395	1.0	0.9229166666666667	0.8709677419354839	0.9629629629629629	0.9125	0.9242424242424242	0.9204545454545454	1.0	0.925	0.9125	0.9369369369369369	0.9583333333333334	0.9125	0.9204545454545454	0.9019607843137255	0.9104166666666667	0.9526515151515151	0.9429223744292238	0.9147727272727273	0.9466666666666667	0.9613821138211383	1.0	0	0.9375	0.9147727272727273	0.9390243902439024	
0.9166666666666666	0.905982905982906	0.8155737704918032	0.7878787878787878	0.9115384615384615	0.8980392156862745	0.8465909090909091	0.9418604651162791	0.9714285714285714	0.8979166666666667	0.8387096774193549	1.0	0.90625	0.7462121212121212	0.9109848484848485	1.0	0.875	0.8708333333333333	0.9166666666666666	0.9895833333333334	0.84375	0.8295454545454546	0.8578431372549019	0.9166666666666666	0.8712121212121212	0.8013698630136986	0.8446969696969697	0.8444444444444444	0.9085365853658537	0.9285714285714286	0.9375	0	0.8446969696969697	0.8658536585365854	
1.0	0.8974358974358975	0.8073770491803278	0.8598484848484849	0.8846153846153846	0.8392156862745098	0.8579545454545454	0.875968992248062	1.0	0.8770833333333333	0.8172043010752689	0.9444444444444444	0.8541666666666666	0.8106060606060606	0.8484848484848485	1.0	0.8604166666666667	0.83125	0.8738738738738738	0.90625	0.7895833333333333	0.7935606060606061	0.8137254901960784	0.8541666666666666	0.8428030303030303	0.8378995433789954	0.0	0.8688888888888889	0.9512195121951219	0.8095238095238095	0.9147727272727273	0.8446969696969697	0	0.9024390243902439	
1.0	0.9273504273504274	0.9057377049180327	0.8882113821138211	0.8192307692307692	0.8719512195121951	0.8597560975609756	0.9451219512195121	0.9714285714285714	0.8229166666666666	0.8010752688172043	1.0	0.83125	0.8597560975609756	0.8719512195121951	1.0	0.9125	0.8354166666666667	0.9121621621621622	1.0	0.8625	0.8617886178861789	0.8921568627450981	0.8875	0.806910569105691	0.8881278538812786	0.9024390243902439	0.8755555555555555	0.9288617886178862	1.0	0.9390243902439024	0.8658536585365854	0.9024390243902439	0	
