0	0.8531746031746031	0.8261904761904761	0.9984126984126984	1.0	0.8119047619047619	0.996996996996997	1.0	1.0	0.8492063492063492	0.9984126984126984	0.8746031746031746	0.9969135802469136	0.8191721132897604	0.8238095238095238	1.0	0.9895833333333334	0.9971014492753624	0.9935064935064936	0.8472222222222222	0.8849206349206349	0.834920634920635	0.9821428571428571	1.0	0.8761904761904762	0.9984126984126984	0.9984126984126984	0.7936507936507936	0.8761904761904762	0.9979423868312757	0.8870967741935484	0.9984126984126984	0.9984126984126984	0.8952380952380953	0.9984126984126984	0.8849206349206349	1.0	0.9983498349834984	0.8031746031746032	0.9984126984126984	0.9984126984126984	0.9156378600823045	0.8809523809523809	0.9984126984126984	0.8626984126984127	0.9984126984126984	0.8214285714285714	1.0	0.8841269841269841	0.9984126984126984	1.0	0.8650793650793651	0.9984126984126984	0.9984126984126984	0.8134920634920635	0.9984126984126984	0.9984126984126984	0.8801587301587301	0.8500797448165869	0.9978768577494692	0.8792048929663608	0.9122807017543859	1.0	0.8238095238095238	0.997716894977169	0.9629629629629629	0.8531746031746031	0.9984126984126984	0.9984126984126984	0.8801587301587301	0.9984126984126984	0.9984126984126984	0.8492063492063492	
0.8531746031746031	0	0.8568181818181818	0.9987228607918263	0.9727272727272728	0.8595238095238096	0.996996996996997	1.0	0.984375	0.8407738095238095	0.9986282578875172	0.8794642857142857	0.9969135802469136	0.8779956427015251	0.8547400611620795	0.9444444444444444	0.9895833333333334	0.9971014492753624	0.9935064935064936	0.8888888888888888	0.8563988095238095	0.8699551569506726	0.9732142857142857	1.0	0.8742017879948915	0.9987228607918263	0.9987228607918263	0.8888888888888888	0.8705357142857143	0.9979423868312757	0.8369175627240143	0.9987228607918263	0.9987228607918263	0.8671775223499362	0.9987228607918263	0.8705357142857143	1.0	0.9983498349834984	0.82398753894081	0.9987228607918263	0.9987228607918263	0.8477366255144033	0.876117496807152	0.9987228607918263	0.8891369047619048	0.9987228607918263	0.8052959501557633	1.0	0.879948914431673	0.9987228607918263	1.0	0.8767560664112388	0.9987228607918263	0.9987228607918263	0.8526785714285714	0.9987228607918263	0.9987228607918263	0.8593272171253823	0.8620414673046252	0.9978768577494692	0.9051987767584098	0.9066985645933014	0.96875	0.8833333333333333	0.997716894977169	0.9629629629629629	0.8809523809523809	0.9987228607918263	0.9987228607918263	0.8593272171253823	0.9987228607918263	0.9987228607918263	0.8920817369093231	
0.8261904761904761	0.8568181818181818	0	0.9984848484848485	1.0	0.7674603174603175	0.996996996996997	1.0	1.0	0.8772727272727273	0.9984848484848485	0.8742424242424243	0.9969135802469136	0.8660130718954249	0.8027522935779816	1.0	0.9895833333333334	0.9971014492753624	0.9935064935064936	0.7916666666666666	0.8696969696969697	0.8075757575757576	0.9523809523809523	1.0	0.8803030303030303	0.9984848484848485	0.9984848484848485	0.8571428571428571	0.884090909090909	0.9979423868312757	0.8817204301075269	0.9984848484848485	0.9984848484848485	0.8863636363636364	0.9984848484848485	0.8916666666666667	1.0	0.9983498349834984	0.8590342679127726	0.9984848484848485	0.9984848484848485	0.8888888888888888	0.8803030303030303	0.9984848484848485	0.8628787878787879	0.9984848484848485	0.8644859813084113	1.0	0.8886363636363637	0.9984848484848485	1.0	0.878030303030303	0.9984848484848485	0.9984848484848485	0.8015151515151515	0.9984848484848485	0.9984848484848485	0.8876146788990825	0.8389154704944178	0.9978768577494692	0.8486238532110092	0.9146730462519936	1.0	0.853030303030303	0.997716894977169	0.9629629629629629	0.8174242424242424	0.9984848484848485	0.9984848484848485	0.8876146788990825	0.9984848484848485	0.9984848484848485	0.853030303030303	
0.9984126984126984	0.9987228607918263	0.9984848484848485	0	1.0	0.9984126984126984	0.8663663663663663	1.0	1.0	0.9985119047619048	0.8744855967078189	0.9985119047619048	0.8271604938271605	0.9978213507625272	0.9977064220183486	1.0	0.6302083333333334	0.7956521739130434	1.0	1.0	0.9985119047619048	0.9985052316890882	1.0	0.7559523809523809	0.9989106753812637	0.8189102564102564	0.8601092896174863	0.9841269841269841	0.9985119047619048	0.8703703703703703	0.996415770609319	0.8408119658119658	0.8622950819672132	0.9989106753812637	0.8270975056689343	0.9985119047619048	1.0	0.9183168316831684	0.9984423676012462	0.8360042735042735	0.8797814207650273	0.9958847736625515	0.9989177489177489	0.8557692307692307	0.9985119047619048	0.8290282902829028	0.9984423676012462	0.8309692671394799	0.9988814317673378	0.8958333333333334	1.0	0.9989177489177489	0.8253205128205128	0.8639344262295082	0.9985119047619048	0.7516025641025641	0.8685897435897436	0.9984709480122325	1.0	0.8333333333333334	1.0	1.0	1.0	0.9987179487179487	0.8995433789954338	1.0	0.9985119047619048	0.7980769230769231	0.8360042735042735	0.9984709480122325	0.8076923076923077	0.8651877133105802	0.9988344988344988	
1.0	0.9727272727272728	1.0	1.0	0	1.0	1.0	1.0	0.9479166666666666	1.0	1.0	1.0	1.0	1.0	1.0	0.9121212121212121	1.0	1.0	1.0	1.0	1.0	1.0	0.9575757575757575	1.0	0.896969696969697	1.0	1.0	1.0	1.0	1.0	1.0	1.0	1.0	0.9030303030303031	1.0	1.0	1.0	1.0	1.0	1.0	1.0	1.0	0.9272727272727272	1.0	1.0	1.0	1.0	1.0	0.9363636363636364	1.0	1.0	0.9	1.0	1.0	1.0	1.0	1.0	1.0	1.0	1.0	1.0	1.0	0.9166666666666666	0.9696969696969697	1.0	1.0	1.0	1.0	1.0	1.0	1.0	1.0	0.9636363636363636	
0.8119047619047619	0.8595238095238096	0.7674603174603175	0.9984126984126984	1.0	0	0.996996996996997	1.0	1.0	0.8658730158730159	0.9984126984126984	0.8682539682539683	0.9969135802469136	0.8507625272331155	0.792063492063492	1.0	0.9895833333333334	0.9971014492753624	0.9935064935064936	0.6898148148148148	0.8666666666666667	0.7674603174603175	0.9851190476190477	1.0	0.8571428571428571	0.9984126984126984	0.9984126984126984	0.753968253968254	0.8801587301587301	0.9979423868312757	0.8978494623655914	0.9984126984126984	0.9984126984126984	0.8952380952380953	0.9984126984126984	0.8761904761904762	1.0	0.9983498349834984	0.8317460317460318	0.9984126984126984	0.9984126984126984	0.9074074074074074	0.8674603174603175	0.9984126984126984	0.8396825396825397	0.9984126984126984	0.830952380952381	1.0	0.8849206349206349	0.9984126984126984	1.0	0.8634920634920635	0.9984126984126984	0.9984126984126984	0.7428571428571429	0.9984126984126984	0.9984126984126984	0.8857142857142857	0.8636363636363636	0.9978768577494692	0.790519877675841	0.9003189792663477	1.0	0.8428571428571429	0.997716894977169	0.9629629629629629	0.8087301587301587	0.9984126984126984	0.9984126984126984	0.8857142857142857	0.9984126984126984	0.9984126984126984	0.8579365079365079	
0.996996996996997	0.996996996996997	0.996996996996997	0.8663663663663663	1.0	0.996996996996997	0	1.0	1.0	0.996996996996997	0.8618618618618619	0.996996996996997	0.9351851851851852	0.996996996996997	0.996996996996997	1.0	0.703125	0.8903903903903904	1.0	1.0	0.996996996996997	0.996996996996997	1.0	1.0	0.996996996996997	0.7807807807807807	0.8693693693693694	0.9841269841269841	0.996996996996997	0.9159159159159159	0.996415770609319	0.8693693693693694	0.8753753753753754	0.996996996996997	0.8678678678678678	0.996996996996997	1.0	0.9084084084084084	0.996996996996997	0.8318318318318318	0.9204204204204204	0.9958847736625515	0.996996996996997	0.8978978978978979	0.996996996996997	0.8273273273273273	0.996996996996997	0.975975975975976	0.996996996996997	0.9459459459459459	1.0	0.996996996996997	0.8588588588588588	0.9459459459459459	0.996996996996997	0.7672672672672672	0.8078078078078078	0.996996996996997	1.0	0.8753753753753754	1.0	1.0	1.0	0.996996996996997	0.9579579579579579	1.0	0.996996996996997	0.7717717717717718	0.9009009009009009	0.996996996996997	0.8753753753753754	0.8813813813813813	0.9954954954954955	
1.0	1.0	1.0	1.0	1.0	1.0	1.0	0	1.0	1.0	1.0	1.0	1.0	1.0	1.0	1.0	1.0	1.0	1.0	1.0	1.0	1.0	1.0	1.0	1.0	1.0	1.0	1.0	1.0	1.0	1.0	1.0	1.0	1.0	1.0	1.0	1.0	1.0	0.34615384615384615	1.0	1.0	1.0	1.0	1.0	1.0	1.0	0.8461538461538461	1.0	1.0	1.0	1.0	1.0	1.0	1.0	1.0	1.0	1.0	1.0	1.0	1.0	1.0	1.0	1.0	1.0	1.0	1.0	1.0	1.0	1.0	1.0	1.0	1.0	1.0	
1.0	0.984375	1.0	1.0	0.9479166666666666	1.0	1.0	1.0	0	1.0	1.0	1.0	1.0	1.0	1.0	0.9010416666666666	1.0	1.0	1.0	1.0	1.0	1.0	0.7291666666666666	1.0	0.8645833333333334	1.0	1.0	1.0	1.0	1.0	1.0	1.0	1.0	0.78125	1.0	1.0	1.0	1.0	1.0	1.0	1.0	0.8489583333333334	0.7760416666666666	1.0	1.0	1.0	1.0	1.0	0.796875	1.0	1.0	0.796875	1.0	1.0	1.0	1.0	1.0	1.0	1.0	1.0	1.0	1.0	0.984375	0.8229166666666666	1.0	1.0	1.0	1.0	1.0	1.0	1.0	1.0	0.8072916666666666	
0.8492063492063492	0.8407738095238095	0.8772727272727273	0.9985119047619048	1.0	0.8658730158730159	0.996996996996997	1.0	1.0	0	0.9985119047619048	0.8675595238095238	0.9969135802469136	0.840958605664488	0.8547400611620795	1.0	0.9895833333333334	0.9971014492753624	0.9935064935064936	0.8472222222222222	0.8482142857142857	0.8714499252615845	0.9940476190476191	1.0	0.8444940476190477	0.9970238095238095	0.9985119047619048	0.8571428571428571	0.8616071428571429	0.9979423868312757	0.8512544802867383	0.9977678571428571	0.9985119047619048	0.8534226190476191	0.9977678571428571	0.8467261904761905	1.0	0.9983498349834984	0.8317757009345794	0.9985119047619048	0.9985119047619048	0.8765432098765432	0.8467261904761905	0.9985119047619048	0.8407738095238095	0.9977678571428571	0.8107476635514018	1.0	0.8489583333333334	0.9985119047619048	1.0	0.8474702380952381	0.9985119047619048	0.9985119047619048	0.8660714285714286	0.9955357142857143	0.9985119047619048	0.8241590214067278	0.8452950558213717	0.9978768577494692	0.8853211009174312	0.919457735247209	1.0	0.8764880952380952	0.9931506849315068	0.9629629629629629	0.859375	0.9985119047619048	0.9985119047619048	0.8241590214067278	0.9985119047619048	0.9985119047619048	0.8489583333333334	
0.9984126984126984	0.9986282578875172	0.9984848484848485	0.8744855967078189	1.0	0.9984126984126984	0.8618618618618619	1.0	1.0	0.9985119047619048	0	0.9985119047619048	0.904320987654321	0.9978213507625272	0.9984709480122325	1.0	0.7447916666666666	0.855072463768116	1.0	1.0	0.9985119047619048	0.9932735426008968	1.0	0.8928571428571429	0.9986282578875172	0.8683127572016461	0.8100137174211248	0.9841269841269841	0.9985119047619048	0.9300411522633745	0.996415770609319	0.8916323731138546	0.8347050754458162	0.9986282578875172	0.9039780521262003	0.9985119047619048	1.0	0.8853135313531353	0.9984423676012462	0.8909465020576132	0.8539094650205762	0.9958847736625515	0.9986282578875172	0.9012345679012346	0.9985119047619048	0.892318244170096	0.9976635514018691	0.9196217494089834	0.9986282578875172	0.8998628257887518	1.0	0.9986282578875172	0.8772290809327846	0.8895747599451304	0.9985119047619048	0.8744855967078189	0.8532235939643347	0.9984709480122325	1.0	0.9087048832271762	1.0	1.0	1.0	0.9986282578875172	0.9406392694063926	1.0	0.9985119047619048	0.8847736625514403	0.8621399176954733	0.9984709480122325	0.8655692729766804	0.8600823045267489	0.9986282578875172	
0.8746031746031746	0.8794642857142857	0.8742424242424243	0.9985119047619048	1.0	0.8682539682539683	0.996996996996997	1.0	1.0	0.8675595238095238	0.9985119047619048	0	0.9969135802469136	0.900871459694989	0.8891437308868502	1.0	0.9895833333333334	0.9971014492753624	0.9935064935064936	0.8009259259259259	0.8206845238095238	0.8707025411061285	0.9851190476190477	1.0	0.8385416666666666	0.9985119047619048	0.9985119047619048	0.8571428571428571	0.7217261904761905	0.9979423868312757	0.8566308243727598	0.9985119047619048	0.9985119047619048	0.8392857142857143	0.9985119047619048	0.7678571428571429	1.0	0.9983498349834984	0.8714953271028038	0.9985119047619048	0.9985119047619048	0.9053497942386831	0.7998511904761905	0.9985119047619048	0.8191964285714286	0.9985119047619048	0.8637071651090342	1.0	0.8556547619047619	0.9985119047619048	1.0	0.8415178571428571	0.9985119047619048	0.9985119047619048	0.8705357142857143	0.9985119047619048	0.9985119047619048	0.8058103975535168	0.886762360446571	0.9936305732484076	0.8532110091743119	0.9019138755980861	1.0	0.8563988095238095	0.997716894977169	0.9629629629629629	0.8660714285714286	0.9985119047619048	0.9985119047619048	0.8058103975535168	0.9955357142857143	0.9955357142857143	0.8556547619047619	
0.9969135802469136	0.9969135802469136	0.9969135802469136	0.8271604938271605	1.0	0.9969135802469136	0.9351851851851852	1.0	1.0	0.9969135802469136	0.904320987654321	0.9969135802469136	0	0.9969135802469136	0.9969135802469136	1.0	0.7916666666666666	0.8657407407407407	1.0	1.0	0.9969135802469136	0.9969135802469136	1.0	0.875	0.9969135802469136	0.7762345679012346	0.8364197530864198	0.9841269841269841	0.9969135802469136	0.6589506172839507	0.996415770609319	0.7638888888888888	0.8194444444444444	0.9969135802469136	0.7283950617283951	0.9969135802469136	1.0	0.7839506172839507	0.9969135802469136	0.8410493827160493	0.8425925925925926	0.9958847736625515	0.9969135802469136	0.7962962962962963	0.9969135802469136	0.7808641975308642	0.9969135802469136	1.0	0.9969135802469136	0.8348765432098766	1.0	0.9969135802469136	0.8148148148148148	0.8626543209876543	0.9969135802469136	0.7947530864197531	0.8194444444444444	0.9969135802469136	1.0	0.8719135802469136	1.0	1.0	1.0	0.9969135802469136	0.8811728395061729	1.0	0.9969135802469136	0.8055555555555556	0.8395061728395061	0.9969135802469136	0.7854938271604939	0.8626543209876543	0.9969135802469136	
0.8191721132897604	0.8779956427015251	0.8660130718954249	0.9978213507625272	1.0	0.8507625272331155	0.996996996996997	1.0	1.0	0.840958605664488	0.9978213507625272	0.900871459694989	0.9969135802469136	0	0.8758169934640523	1.0	0.9895833333333334	0.9971014492753624	1.0	1.0	0.9074074074074074	0.8899782135076253	0.9851190476190477	1.0	0.8997821350762527	0.9978213507625272	0.9978213507625272	0.8492063492063492	0.9215686274509803	0.9978213507625272	0.8620071684587813	0.9978213507625272	0.9978213507625272	0.8932461873638344	0.9978213507625272	0.9052287581699346	1.0	0.9978213507625272	0.8714596949891068	0.9978213507625272	0.9978213507625272	0.9197530864197531	0.8965141612200436	0.9978213507625272	0.8747276688453159	0.9978213507625272	0.8703703703703703	1.0	0.8823529411764706	0.9978213507625272	1.0	0.8703703703703703	0.9978213507625272	0.9978213507625272	0.8453159041394336	0.9978213507625272	0.9978213507625272	0.906318082788671	0.9150326797385621	0.9978213507625272	0.9709480122324159	0.9183006535947712	1.0	0.8671023965141612	0.997716894977169	0.9629629629629629	0.8616557734204793	0.9978213507625272	0.9978213507625272	0.906318082788671	0.9978213507625272	0.9978213507625272	0.8387799564270153	
0.8238095238095238	0.8547400611620795	0.8027522935779816	0.9977064220183486	1.0	0.792063492063492	0.996996996996997	1.0	1.0	0.8547400611620795	0.9984709480122325	0.8891437308868502	0.9969135802469136	0.8758169934640523	0	1.0	0.9895833333333334	0.9971014492753624	0.9935064935064936	0.7268518518518519	0.8685015290519877	0.7996941896024465	0.9940476190476191	1.0	0.8776758409785933	0.9984709480122325	0.9984709480122325	0.8888888888888888	0.863914373088685	0.9979423868312757	0.8691756272401434	0.9984709480122325	0.9984709480122325	0.8685015290519877	0.9984709480122325	0.8814984709480123	1.0	0.9983498349834984	0.8489096573208723	0.9984709480122325	0.9984709480122325	0.8765432098765432	0.8730886850152905	0.9984709480122325	0.8769113149847095	0.9984709480122325	0.8138629283489096	1.0	0.8929663608562691	0.9984709480122325	1.0	0.8593272171253823	0.9984709480122325	0.9984709480122325	0.7339449541284404	0.9984709480122325	0.9984709480122325	0.8646788990825688	0.8341307814992025	0.9978768577494692	0.8363914373088684	0.9130781499202552	1.0	0.8371559633027523	0.997716894977169	0.9629629629629629	0.8325688073394495	0.9984709480122325	0.9984709480122325	0.8646788990825688	0.9984709480122325	0.9984709480122325	0.8738532110091743	
1.0	0.9444444444444444	1.0	1.0	0.9121212121212121	1.0	1.0	1.0	0.9010416666666666	1.0	1.0	1.0	1.0	1.0	1.0	0	1.0	1.0	1.0	1.0	1.0	1.0	0.9136904761904762	1.0	0.8611111111111112	1.0	1.0	1.0	1.0	1.0	1.0	1.0	1.0	0.8527777777777777	1.0	1.0	1.0	1.0	1.0	1.0	1.0	0.9861111111111112	0.8722222222222222	1.0	1.0	1.0	1.0	1.0	0.8861111111111111	1.0	1.0	0.8555555555555555	1.0	1.0	1.0	1.0	1.0	1.0	1.0	1.0	1.0	1.0	0.9166666666666666	0.9583333333333334	1.0	1.0	1.0	1.0	1.0	1.0	1.0	1.0	0.925	
0.9895833333333334	0.9895833333333334	0.9895833333333334	0.6302083333333334	1.0	0.9895833333333334	0.703125	1.0	1.0	0.9895833333333334	0.7447916666666666	0.9895833333333334	0.7916666666666666	0.9895833333333334	0.9895833333333334	1.0	0	0.546875	1.0	1.0	0.9895833333333334	0.9895833333333334	1.0	1.0	0.9895833333333334	0.7552083333333334	0.6927083333333334	0.9841269841269841	0.9895833333333334	0.7916666666666666	0.9895833333333334	0.8385416666666666	0.703125	0.9895833333333334	0.765625	0.9895833333333334	1.0	0.7916666666666666	0.9895833333333334	0.7552083333333334	0.7395833333333334	0.9895833333333334	0.9895833333333334	0.8020833333333334	0.9895833333333334	0.7552083333333334	0.9895833333333334	1.0	0.9895833333333334	0.8072916666666666	1.0	0.9895833333333334	0.7708333333333334	0.8489583333333334	0.9895833333333334	0.53125	0.6302083333333334	0.9895833333333334	1.0	0.7864583333333334	1.0	1.0	1.0	0.9895833333333334	0.8645833333333334	1.0	0.9895833333333334	0.671875	0.7239583333333334	0.9895833333333334	0.7864583333333334	0.8072916666666666	0.9895833333333334	
0.9971014492753624	0.9971014492753624	0.9971014492753624	0.7956521739130434	1.0	0.9971014492753624	0.8903903903903904	1.0	1.0	0.9971014492753624	0.855072463768116	0.9971014492753624	0.8657407407407407	0.9971014492753624	0.9971014492753624	1.0	0.546875	0	1.0	1.0	0.9971014492753624	0.9971014492753624	1.0	0.7321428571428571	0.9971014492753624	0.8173913043478261	0.827536231884058	0.9841269841269841	0.9971014492753624	0.863768115942029	0.996415770609319	0.8492753623188406	0.8347826086956521	0.9971014492753624	0.8333333333333334	0.9971014492753624	1.0	0.8739130434782608	0.9971014492753624	0.8318840579710145	0.8347826086956521	0.9958847736625515	0.9971014492753624	0.8333333333333334	0.9971014492753624	0.8507246376811595	0.9971014492753624	1.0	0.9971014492753624	0.8652173913043478	1.0	0.9971014492753624	0.7898550724637681	0.8449275362318841	0.9971014492753624	0.7159420289855073	0.7652173913043478	0.9971014492753624	1.0	0.9115942028985508	1.0	1.0	1.0	0.9971014492753624	0.8971014492753623	1.0	0.9971014492753624	0.7811594202898551	0.7913043478260869	0.9971014492753624	0.8231884057971014	0.8391304347826087	0.991304347826087	
0.9935064935064936	0.9935064935064936	0.9935064935064936	1.0	1.0	0.9935064935064936	1.0	1.0	1.0	0.9935064935064936	1.0	0.9935064935064936	1.0	1.0	0.9935064935064936	1.0	1.0	1.0	0	1.0	0.9935064935064936	0.9935064935064936	1.0	1.0	0.9935064935064936	1.0	1.0	1.0	0.9935064935064936	1.0	0.9935064935064936	1.0	1.0	0.9935064935064936	1.0	0.9935064935064936	1.0	1.0	0.9935064935064936	1.0	1.0	0.9935064935064936	0.9935064935064936	1.0	0.9935064935064936	1.0	0.9935064935064936	1.0	0.9913419913419913	1.0	1.0	1.0	1.0	1.0	0.9935064935064936	1.0	1.0	0.9935064935064936	0.9935064935064936	1.0	1.0	1.0	1.0	0.9935064935064936	1.0	1.0	0.9935064935064936	1.0	1.0	0.9935064935064936	1.0	1.0	0.9935064935064936	
0.8472222222222222	0.8888888888888888	0.7916666666666666	1.0	1.0	0.6898148148148148	1.0	1.0	1.0	0.8472222222222222	1.0	0.8009259259259259	1.0	1.0	0.7268518518518519	1.0	1.0	1.0	1.0	0	0.7268518518518519	0.6805555555555556	1.0	1.0	0.7824074074074074	1.0	1.0	1.0	0.8009259259259259	1.0	1.0	1.0	1.0	0.9120370370370371	1.0	0.8472222222222222	1.0	1.0	0.8472222222222222	1.0	1.0	1.0	0.7685185185185185	1.0	0.8194444444444444	1.0	0.8194444444444444	1.0	0.8657407407407407	1.0	1.0	0.8564814814814815	1.0	1.0	0.7824074074074074	1.0	1.0	0.8657407407407407	0.8472222222222222	1.0	0.7916666666666666	0.8564814814814815	1.0	0.8611111111111112	1.0	1.0	0.7314814814814815	1.0	1.0	0.8657407407407407	1.0	1.0	0.8611111111111112	
0.8849206349206349	0.8563988095238095	0.8696969696969697	0.9985119047619048	1.0	0.8666666666666667	0.996996996996997	1.0	1.0	0.8482142857142857	0.9985119047619048	0.8206845238095238	0.9969135802469136	0.9074074074074074	0.8685015290519877	1.0	0.9895833333333334	0.9971014492753624	0.9935064935064936	0.7268518518518519	0	0.8662182361733931	0.9940476190476191	1.0	0.7671130952380952	0.9985119047619048	0.9955357142857143	0.8888888888888888	0.8191964285714286	0.9979423868312757	0.6774193548387096	0.9985119047619048	0.9985119047619048	0.7462797619047619	0.9985119047619048	0.7708333333333334	1.0	0.9983498349834984	0.8450155763239875	0.9985119047619048	0.9977678571428571	0.8189300411522634	0.7686011904761905	0.9985119047619048	0.7909226190476191	0.9985119047619048	0.8177570093457944	1.0	0.8638392857142857	0.9985119047619048	1.0	0.8683035714285714	0.9985119047619048	0.9977678571428571	0.875	0.9985119047619048	0.9985119047619048	0.8425076452599388	0.8700159489633174	0.9978768577494692	0.8776758409785933	0.9186602870813397	1.0	0.8645833333333334	0.997716894977169	0.9629629629629629	0.8601190476190477	0.9985119047619048	0.9985119047619048	0.8425076452599388	0.9985119047619048	0.9985119047619048	0.8720238095238095	
0.834920634920635	0.8699551569506726	0.8075757575757576	0.9985052316890882	1.0	0.7674603174603175	0.996996996996997	1.0	1.0	0.8714499252615845	0.9932735426008968	0.8707025411061285	0.9969135802469136	0.8899782135076253	0.7996941896024465	1.0	0.9895833333333334	0.9971014492753624	0.9935064935064936	0.6805555555555556	0.8662182361733931	0	0.9226190476190477	1.0	0.8692077727952168	0.9985052316890882	0.9985052316890882	0.8492063492063492	0.8654708520179372	0.9979423868312757	0.8888888888888888	0.9985052316890882	0.9985052316890882	0.8916292974588939	0.9985052316890882	0.874439461883408	1.0	0.9983498349834984	0.8489096573208723	0.9985052316890882	0.9985052316890882	0.9094650205761317	0.8684603886397608	0.9985052316890882	0.8445440956651719	0.9985052316890882	0.8208722741433022	1.0	0.8871449925261584	0.9985052316890882	1.0	0.8856502242152466	0.9985052316890882	0.9985052316890882	0.772795216741405	0.9985052316890882	0.9985052316890882	0.886085626911315	0.8596491228070176	0.9978768577494692	0.7813455657492355	0.919457735247209	1.0	0.8467862481315396	0.997716894977169	0.9629629629629629	0.8363228699551569	0.9985052316890882	0.9985052316890882	0.886085626911315	0.9985052316890882	0.9985052316890882	0.8677130044843049	
0.9821428571428571	0.9732142857142857	0.9523809523809523	1.0	0.9575757575757575	0.9851190476190477	1.0	1.0	0.7291666666666666	0.9940476190476191	1.0	0.9851190476190477	1.0	0.9851190476190477	0.9940476190476191	0.9136904761904762	1.0	1.0	1.0	1.0	0.9940476190476191	0.9226190476190477	0	1.0	0.9017857142857143	1.0	1.0	0.9761904761904762	0.9940476190476191	1.0	0.9940476190476191	1.0	1.0	0.8482142857142857	1.0	0.9940476190476191	1.0	1.0	0.9940476190476191	1.0	1.0	0.9166666666666666	0.8452380952380952	1.0	0.9851190476190477	1.0	0.9940476190476191	1.0	0.8630952380952381	1.0	1.0	0.8452380952380952	1.0	1.0	0.9821428571428571	1.0	1.0	0.9910714285714286	1.0	1.0	1.0	1.0	0.9826388888888888	0.8125	1.0	1.0	0.9940476190476191	1.0	1.0	0.9910714285714286	1.0	1.0	0.8273809523809523	
1.0	1.0	1.0	0.7559523809523809	1.0	1.0	1.0	1.0	1.0	1.0	0.8928571428571429	1.0	0.875	1.0	1.0	1.0	1.0	0.7321428571428571	1.0	1.0	1.0	1.0	1.0	0	1.0	0.875	0.8273809523809523	1.0	1.0	0.875	1.0	0.875	0.875	1.0	0.875	1.0	1.0	0.8511904761904762	1.0	0.8630952380952381	0.8630952380952381	1.0	1.0	0.875	1.0	0.875	1.0	1.0	1.0	0.875	1.0	1.0	0.8333333333333334	0.7738095238095238	1.0	0.6369047619047619	0.6607142857142857	1.0	1.0	1.0	1.0	1.0	1.0	1.0	0.8511904761904762	1.0	1.0	0.8511904761904762	0.7142857142857143	1.0	0.875	0.875	1.0	
0.8761904761904762	0.8742017879948915	0.8803030303030303	0.9989106753812637	0.896969696969697	0.8571428571428571	0.996996996996997	1.0	0.8645833333333334	0.8444940476190477	0.9986282578875172	0.8385416666666666	0.9969135802469136	0.8997821350762527	0.8776758409785933	0.8611111111111112	0.9895833333333334	0.9971014492753624	0.9935064935064936	0.7824074074074074	0.7671130952380952	0.8692077727952168	0.9017857142857143	1.0	0	0.9989106753812637	0.9989071038251366	0.8888888888888888	0.8296130952380952	0.9979423868312757	0.7078853046594982	0.9989106753812637	0.9989071038251366	0.7592592592592593	0.9988662131519275	0.7894345238095238	1.0	0.9983498349834984	0.8590342679127726	0.9989106753812637	0.9989071038251366	0.7078189300411523	0.7766884531590414	0.9989106753812637	0.7596726190476191	0.998769987699877	0.8387850467289719	1.0	0.8573825503355704	0.9988095238095238	1.0	0.8725490196078431	0.9989106753812637	0.9989071038251366	0.8497023809523809	0.9989106753812637	0.9989106753812637	0.841743119266055	0.8644338118022329	0.9978768577494692	0.8119266055045872	0.9082934609250398	0.9166666666666666	0.8769230769230769	0.997716894977169	0.9629629629629629	0.8422619047619048	0.9989106753812637	0.9989106753812637	0.841743119266055	0.9989106753812637	0.9988623435722411	0.8898601398601399	
0.9984126984126984	0.9987228607918263	0.9984848484848485	0.8189102564102564	1.0	0.9984126984126984	0.7807807807807807	1.0	1.0	0.9970238095238095	0.8683127572016461	0.9985119047619048	0.7762345679012346	0.9978213507625272	0.9984709480122325	1.0	0.7552083333333334	0.8173913043478261	1.0	1.0	0.9985119047619048	0.9985052316890882	1.0	0.875	0.9989106753812637	0	0.8218579234972677	0.9841269841269841	0.9985119047619048	0.7376543209876543	0.9874551971326165	0.625	0.8185792349726776	0.9989106753812637	0.6893424036281179	0.9985119047619048	1.0	0.8721122112211221	0.9984423676012462	0.8109756097560976	0.8590163934426229	0.9958847736625515	0.9989177489177489	0.7489837398373984	0.9970238095238095	0.6820418204182042	0.9984423676012462	0.7434988179669031	0.9988814317673378	0.893452380952381	1.0	0.9989177489177489	0.7805383022774327	0.8688524590163934	0.9985119047619048	0.7296747967479674	0.834349593495935	0.9984709480122325	1.0	0.8110403397027601	1.0	1.0	1.0	0.9987179487179487	0.8573059360730594	1.0	0.9985119047619048	0.7916666666666666	0.8780487804878049	0.9984709480122325	0.7957317073170732	0.8674630261660978	0.9982517482517482	
0.9984126984126984	0.9987228607918263	0.9984848484848485	0.8601092896174863	1.0	0.9984126984126984	0.8693693693693694	1.0	1.0	0.9985119047619048	0.8100137174211248	0.9985119047619048	0.8364197530864198	0.9978213507625272	0.9984709480122325	1.0	0.6927083333333334	0.827536231884058	1.0	1.0	0.9955357142857143	0.9985052316890882	1.0	0.8273809523809523	0.9989071038251366	0.8218579234972677	0	0.9841269841269841	0.9977678571428571	0.8549382716049383	0.996415770609319	0.8387978142076503	0.725136612021858	0.9989071038251366	0.8526077097505669	0.9985119047619048	1.0	0.8052805280528053	0.9984423676012462	0.8677595628415301	0.8699453551912568	0.9958847736625515	0.9989071038251366	0.8459016393442623	0.9955357142857143	0.8726937269372693	0.9984423676012462	0.8723404255319149	0.9988814317673378	0.9005952380952381	1.0	0.9983606557377049	0.8666666666666667	0.8437158469945355	0.9985119047619048	0.8612021857923498	0.8459016393442623	0.9984709480122325	0.9920255183413078	0.921443736730361	1.0	1.0	1.0	0.9980769230769231	0.8835616438356164	1.0	0.9955357142857143	0.8704918032786885	0.8628415300546448	0.9984709480122325	0.8683060109289618	0.8321956769055745	0.9988344988344988	
0.7936507936507936	0.8888888888888888	0.8571428571428571	0.9841269841269841	1.0	0.753968253968254	0.9841269841269841	1.0	1.0	0.8571428571428571	0.9841269841269841	0.8571428571428571	0.9841269841269841	0.8492063492063492	0.8888888888888888	1.0	0.9841269841269841	0.9841269841269841	1.0	1.0	0.8888888888888888	0.8492063492063492	0.9761904761904762	1.0	0.8888888888888888	0.9841269841269841	0.9841269841269841	0	0.8888888888888888	0.9841269841269841	0.8888888888888888	0.9841269841269841	0.9841269841269841	0.8888888888888888	0.9841269841269841	0.8888888888888888	1.0	0.9841269841269841	0.8253968253968254	0.9841269841269841	0.9841269841269841	0.8888888888888888	0.8492063492063492	0.9841269841269841	0.8571428571428571	0.9841269841269841	0.8174603174603174	1.0	0.7698412698412699	0.9841269841269841	1.0	0.8888888888888888	0.9841269841269841	0.9841269841269841	0.8888888888888888	0.9841269841269841	0.9841269841269841	0.8888888888888888	0.9920634920634921	0.9841269841269841	1.0	1.0	1.0	0.8571428571428571	0.9841269841269841	1.0	0.8888888888888888	0.9841269841269841	0.9761904761904762	0.8888888888888888	0.9841269841269841	0.9841269841269841	0.8571428571428571	
0.8761904761904762	0.8705357142857143	0.884090909090909	0.9985119047619048	1.0	0.8801587301587301	0.996996996996997	1.0	1.0	0.8616071428571429	0.9985119047619048	0.7217261904761905	0.9969135802469136	0.9215686274509803	0.863914373088685	1.0	0.9895833333333334	0.9971014492753624	0.9935064935064936	0.8009259259259259	0.8191964285714286	0.8654708520179372	0.9940476190476191	1.0	0.8296130952380952	0.9985119047619048	0.9977678571428571	0.8888888888888888	0	0.9979423868312757	0.8154121863799283	0.9985119047619048	0.9985119047619048	0.828125	0.9985119047619048	0.7790178571428571	1.0	0.9983498349834984	0.838006230529595	0.9985119047619048	0.9955357142857143	0.8600823045267489	0.7797619047619048	0.9985119047619048	0.8296130952380952	0.9985119047619048	0.8520249221183801	1.0	0.8683035714285714	0.9985119047619048	1.0	0.8422619047619048	0.9985119047619048	0.9955357142857143	0.8511904761904762	0.9985119047619048	0.9985119047619048	0.8325688073394495	0.8827751196172249	0.9978768577494692	0.8180428134556575	0.9059011164274322	1.0	0.8519345238095238	0.997716894977169	0.9629629629629629	0.8370535714285714	0.9985119047619048	0.9977678571428571	0.8325688073394495	0.9985119047619048	0.9985119047619048	0.8653273809523809	
0.9979423868312757	0.9979423868312757	0.9979423868312757	0.8703703703703703	1.0	0.9979423868312757	0.9159159159159159	1.0	1.0	0.9979423868312757	0.9300411522633745	0.9979423868312757	0.6589506172839507	0.9978213507625272	0.9979423868312757	1.0	0.7916666666666666	0.863768115942029	1.0	1.0	0.9979423868312757	0.9979423868312757	1.0	0.875	0.9979423868312757	0.7376543209876543	0.8549382716049383	0.9841269841269841	0.9979423868312757	0	0.996415770609319	0.7633744855967078	0.831275720164609	0.9979423868312757	0.7983539094650206	0.9979423868312757	1.0	0.8374485596707819	0.9979423868312757	0.8415637860082305	0.8858024691358025	0.9958847736625515	0.9979423868312757	0.7366255144032922	0.9979423868312757	0.808641975308642	0.9979423868312757	1.0	0.9979423868312757	0.8611111111111112	1.0	0.9979423868312757	0.8209876543209876	0.8878600823045267	0.9979423868312757	0.7716049382716049	0.8353909465020576	0.9979423868312757	1.0	0.9278131634819533	1.0	1.0	1.0	0.9979423868312757	0.8812785388127854	1.0	0.9979423868312757	0.7973251028806584	0.8713991769547325	0.9979423868312757	0.8539094650205762	0.8950617283950617	0.9979423868312757	
0.8870967741935484	0.8369175627240143	0.8817204301075269	0.996415770609319	1.0	0.8978494623655914	0.996415770609319	1.0	1.0	0.8512544802867383	0.996415770609319	0.8566308243727598	0.996415770609319	0.8620071684587813	0.8691756272401434	1.0	0.9895833333333334	0.996415770609319	0.9935064935064936	1.0	0.6774193548387096	0.8888888888888888	0.9940476190476191	1.0	0.7078853046594982	0.9874551971326165	0.996415770609319	0.8888888888888888	0.8154121863799283	0.996415770609319	0	0.996415770609319	0.996415770609319	0.6863799283154122	0.996415770609319	0.7580645161290323	1.0	0.996415770609319	0.8351254480286738	0.996415770609319	0.996415770609319	0.7777777777777778	0.7275985663082437	0.996415770609319	0.7401433691756273	0.996415770609319	0.8512544802867383	1.0	0.8584229390681004	0.996415770609319	1.0	0.8763440860215054	0.996415770609319	0.996415770609319	0.8817204301075269	0.996415770609319	0.996415770609319	0.8172043010752689	0.931899641577061	0.996415770609319	1.0	0.9390681003584229	1.0	0.8781362007168458	0.996415770609319	0.9629629629629629	0.8476702508960573	0.996415770609319	0.996415770609319	0.8172043010752689	0.996415770609319	0.996415770609319	0.8637992831541219	
0.9984126984126984	0.9987228607918263	0.9984848484848485	0.8408119658119658	1.0	0.9984126984126984	0.8693693693693694	1.0	1.0	0.9977678571428571	0.8916323731138546	0.9985119047619048	0.7638888888888888	0.9978213507625272	0.9984709480122325	1.0	0.8385416666666666	0.8492753623188406	1.0	1.0	0.9985119047619048	0.9985052316890882	1.0	0.875	0.9989106753812637	0.625	0.8387978142076503	0.9841269841269841	0.9985119047619048	0.7633744855967078	0.996415770609319	0	0.8278688524590164	0.9989106753812637	0.6241496598639455	0.9985119047619048	1.0	0.8745874587458746	0.9984423676012462	0.8114316239316239	0.8732240437158469	0.9958847736625515	0.9989177489177489	0.7601495726495726	0.9985119047619048	0.6986469864698647	0.9984423676012462	0.7056737588652482	0.9988814317673378	0.8976190476190476	1.0	0.9989177489177489	0.7975427350427351	0.8775956284153006	0.9985119047619048	0.7569444444444444	0.8536324786324786	0.9984709480122325	1.0	0.8174097664543525	1.0	1.0	1.0	0.9987179487179487	0.8664383561643836	1.0	0.9985119047619048	0.8360042735042735	0.8808760683760684	0.9984709480122325	0.7873931623931624	0.8651877133105802	0.9988344988344988	
0.9984126984126984	0.9987228607918263	0.9984848484848485	0.8622950819672132	1.0	0.9984126984126984	0.8753753753753754	1.0	1.0	0.9985119047619048	0.8347050754458162	0.9985119047619048	0.8194444444444444	0.9978213507625272	0.9984709480122325	1.0	0.703125	0.8347826086956521	1.0	1.0	0.9985119047619048	0.9985052316890882	1.0	0.875	0.9989071038251366	0.8185792349726776	0.725136612021858	0.9841269841269841	0.9985119047619048	0.831275720164609	0.996415770609319	0.8278688524590164	0	0.9989071038251366	0.8503401360544217	0.9985119047619048	1.0	0.7920792079207921	0.9984423676012462	0.8704918032786885	0.8579234972677595	0.9958847736625515	0.9989071038251366	0.8453551912568306	0.9985119047619048	0.8567035670356704	0.9984423676012462	0.8522458628841607	0.9988814317673378	0.8857142857142857	1.0	0.9989071038251366	0.8491803278688524	0.840983606557377	0.9985119047619048	0.853551912568306	0.8442622950819673	0.9984709480122325	1.0	0.9055201698513801	1.0	1.0	1.0	0.9987179487179487	0.8938356164383562	0.9814814814814815	0.9985119047619048	0.8775956284153006	0.8612021857923498	0.9984709480122325	0.8502732240437159	0.8179749715585893	0.9988344988344988	
0.8952380952380953	0.8671775223499362	0.8863636363636364	0.9989106753812637	0.9030303030303031	0.8952380952380953	0.996996996996997	1.0	0.78125	0.8534226190476191	0.9986282578875172	0.8392857142857143	0.9969135802469136	0.8932461873638344	0.8685015290519877	0.8527777777777777	0.9895833333333334	0.9971014492753624	0.9935064935064936	0.9120370370370371	0.7462797619047619	0.8916292974588939	0.8482142857142857	1.0	0.7592592592592593	0.9989106753812637	0.9989071038251366	0.8888888888888888	0.828125	0.9979423868312757	0.6863799283154122	0.9989106753812637	0.9989071038251366	0	0.9988662131519275	0.8095238095238095	1.0	0.9983498349834984	0.8660436137071651	0.9989106753812637	0.9989071038251366	0.0	0.7630718954248366	0.9989106753812637	0.8043154761904762	0.998769987699877	0.8473520249221184	1.0	0.8540268456375839	0.9988095238095238	1.0	0.855119825708061	0.9989106753812637	0.9989071038251366	0.8787202380952381	0.9989106753812637	0.9989106753812637	0.827217125382263	0.8755980861244019	0.9978768577494692	0.8685015290519877	0.9250398724082934	0.8715277777777778	0.8858974358974359	0.997716894977169	0.9629629629629629	0.8727678571428571	0.9989106753812637	0.9989106753812637	0.827217125382263	0.9989106753812637	0.9988623435722411	0.8851981351981352	
0.9984126984126984	0.9987228607918263	0.9984848484848485	0.8270975056689343	1.0	0.9984126984126984	0.8678678678678678	1.0	1.0	0.9977678571428571	0.9039780521262003	0.9985119047619048	0.7283950617283951	0.9978213507625272	0.9984709480122325	1.0	0.765625	0.8333333333333334	1.0	1.0	0.9985119047619048	0.9985052316890882	1.0	0.875	0.9988662131519275	0.6893424036281179	0.8526077097505669	0.9841269841269841	0.9985119047619048	0.7983539094650206	0.996415770609319	0.6241496598639455	0.8503401360544217	0.9988662131519275	0	0.9985119047619048	1.0	0.8910891089108911	0.9984423676012462	0.8344671201814059	0.8854875283446711	0.9958847736625515	0.9988662131519275	0.8100907029478458	0.9985119047619048	0.7189421894218943	0.9984423676012462	0.7789598108747045	0.9988662131519275	0.9101190476190476	1.0	0.9988662131519275	0.8134920634920635	0.8883219954648526	0.9985119047619048	0.7579365079365079	0.8645124716553289	0.9984709480122325	1.0	0.8312101910828026	1.0	1.0	1.0	0.9987179487179487	0.9178082191780822	1.0	0.9985119047619048	0.8248299319727891	0.8820861678004536	0.9984709480122325	0.7987528344671202	0.8668941979522184	0.9988344988344988	
0.8849206349206349	0.8705357142857143	0.8916666666666667	0.9985119047619048	1.0	0.8761904761904762	0.996996996996997	1.0	1.0	0.8467261904761905	0.9985119047619048	0.7678571428571429	0.9969135802469136	0.9052287581699346	0.8814984709480123	1.0	0.9895833333333334	0.9971014492753624	0.9935064935064936	0.8472222222222222	0.7708333333333334	0.874439461883408	0.9940476190476191	1.0	0.7894345238095238	0.9985119047619048	0.9985119047619048	0.8888888888888888	0.7790178571428571	0.9979423868312757	0.7580645161290323	0.9985119047619048	0.9985119047619048	0.8095238095238095	0.9985119047619048	0	1.0	0.9983498349834984	0.8551401869158879	0.9985119047619048	0.9985119047619048	0.8539094650205762	0.8102678571428571	0.9985119047619048	0.8139880952380952	0.9985119047619048	0.8442367601246106	1.0	0.8608630952380952	0.9985119047619048	1.0	0.8489583333333334	0.9985119047619048	0.9985119047619048	0.8675595238095238	0.9985119047619048	0.9985119047619048	0.8042813455657493	0.8835725677830941	0.9936305732484076	0.8593272171253823	0.9011164274322169	1.0	0.890625	0.997716894977169	0.9629629629629629	0.8511904761904762	0.9985119047619048	0.9985119047619048	0.8042813455657493	0.9955357142857143	0.9955357142857143	0.8794642857142857	
1.0	1.0	1.0	1.0	1.0	1.0	1.0	1.0	1.0	1.0	1.0	1.0	1.0	1.0	1.0	1.0	1.0	1.0	1.0	1.0	1.0	1.0	1.0	1.0	1.0	1.0	1.0	1.0	1.0	1.0	1.0	1.0	1.0	1.0	1.0	1.0	0	1.0	1.0	1.0	1.0	1.0	1.0	1.0	1.0	1.0	1.0	1.0	1.0	1.0	1.0	1.0	1.0	1.0	1.0	1.0	1.0	1.0	1.0	1.0	1.0	1.0	1.0	1.0	1.0	1.0	1.0	1.0	1.0	1.0	1.0	1.0	1.0	
0.9983498349834984	0.9983498349834984	0.9983498349834984	0.9183168316831684	1.0	0.9983498349834984	0.9084084084084084	1.0	1.0	0.9983498349834984	0.8853135313531353	0.9983498349834984	0.7839506172839507	0.9978213507625272	0.9983498349834984	1.0	0.7916666666666666	0.8739130434782608	1.0	1.0	0.9983498349834984	0.9983498349834984	1.0	0.8511904761904762	0.9983498349834984	0.8721122112211221	0.8052805280528053	0.9841269841269841	0.9983498349834984	0.8374485596707819	0.996415770609319	0.8745874587458746	0.7920792079207921	0.9983498349834984	0.8910891089108911	0.9983498349834984	1.0	0	0.9983498349834984	0.9084158415841584	0.8787128712871287	0.9958847736625515	0.9983498349834984	0.8803630363036303	0.9983498349834984	0.8985148514851485	0.9983498349834984	0.9976359338061466	0.9983498349834984	0.8836633663366337	1.0	0.9983498349834984	0.9034653465346535	0.8605610561056105	0.9983498349834984	0.8976897689768977	0.844059405940594	0.9983498349834984	1.0	0.9501061571125266	1.0	1.0	1.0	0.9983498349834984	0.9006849315068494	1.0	0.9983498349834984	0.900990099009901	0.8844884488448845	0.9983498349834984	0.9141914191419142	0.8523102310231023	0.9983498349834984	
