0	0.9433962264150944	0.8317610062893082	0.826530612244898	0.8608923884514436	0.8258258258258259	0.8931623931623932	0.8130434782608695	0.8689138576779026	0.7549019607843137	0.8576051779935275	0.8291139240506329	0.8284789644012945	0.8490813648293963	0.8705501618122977	0.8284789644012945	0.8435672514619883	0.8638888888888889	0.8543689320388349	0.8264462809917356	0.9791666666666666	0.8254593175853019	0.8832020997375328	0.9173228346456693	0.8372703412073491	0.8648293963254593	0.8986111111111111	0.884514435695538	0.8055555555555556	0.8608923884514436	0.8280839895013123	0.8648293963254593	0.8282828282828283	1.0	
0.9433962264150944	0	0.940251572327044	0.95578231292517	0.9716981132075472	0.9433962264150944	0.9622641509433962	0.9088050314465409	0.8962264150943396	1.0	0.940251572327044	0.9465408805031447	0.940251572327044	0.9433962264150944	0.940251572327044	0.9119496855345912	0.9433962264150944	0.9465408805031447	0.940251572327044	0.9433962264150944	0.9791666666666666	0.9088050314465409	0.9433962264150944	0.9371069182389937	0.89937106918239	0.9433962264150944	0.9465408805031447	0.9622641509433962	0.9371069182389937	0.9622641509433962	0.8930817610062893	0.9433962264150944	0.940251572327044	1.0	
0.8317610062893082	0.940251572327044	0	0.826530612244898	0.8632075471698113	0.8443396226415094	0.8883647798742138	0.8270440251572327	0.9101123595505618	0.8529411764705882	0.8106796116504854	0.7320675105485233	0.7977346278317152	0.8380503144654088	0.8478964401294499	0.8300970873786407	0.8694968553459119	0.839622641509434	0.8236245954692557	0.8301886792452831	0.9791666666666666	0.8050314465408805	0.8522012578616353	0.8773584905660378	0.8286163522012578	0.8349056603773585	0.8694968553459119	0.8632075471698113	0.7877358490566038	0.8254716981132075	0.8427672955974843	0.8349056603773585	0.8131313131313131	0.9655172413793104	
0.826530612244898	0.95578231292517	0.826530612244898	0	0.9115646258503401	0.8299319727891157	0.8469387755102041	0.8503401360544217	0.8537414965986394	1.0	0.8299319727891157	0.8129251700680272	0.826530612244898	0.8571428571428571	0.8571428571428571	0.7619047619047619	0.8537414965986394	0.7993197278911565	0.8299319727891157	0.7925170068027211	0.9791666666666666	0.7959183673469388	0.8435374149659864	0.9217687074829932	0.8129251700680272	0.7721088435374149	0.9013605442176871	0.8095238095238095	0.8299319727891157	0.8231292517006803	0.8231292517006803	0.7721088435374149	0.8027210884353742	1.0	
0.8608923884514436	0.9716981132075472	0.8632075471698113	0.9115646258503401	0	0.8543543543543544	0.9116809116809117	0.8695652173913043	0.900749063670412	0.9019607843137255	0.8883495145631068	0.8143459915611815	0.8559870550161812	0.90625	0.9158576051779935	0.8576051779935275	0.9035087719298246	0.8541666666666666	0.8964401294498382	0.8884297520661157	1.0	0.8502604166666666	0.90625	0.8976377952755905	0.851421188630491	0.9036458333333334	0.8486111111111111	0.90625	0.8527777777777777	0.8958333333333334	0.86328125	0.9036458333333334	0.8131313131313131	1.0	
0.8258258258258259	0.9433962264150944	0.8443396226415094	0.8299319727891157	0.8543543543543544	0	0.8798798798798799	0.8483483483483484	0.8820224719101124	0.9117647058823529	0.8365695792880259	0.7890295358649789	0.7864077669902912	0.8498498498498499	0.8576051779935275	0.8268608414239482	0.8513513513513513	0.8243243243243243	0.8284789644012945	0.8318318318318318	0.9791666666666666	0.8333333333333334	0.8693693693693694	0.8753753753753754	0.8048048048048048	0.7897897897897898	0.8873873873873874	0.8933933933933934	0.8048048048048048	0.8303303303303303	0.8183183183183184	0.7897897897897898	0.7962962962962963	1.0	
0.8931623931623932	0.9622641509433962	0.8883647798742138	0.8469387755102041	0.9116809116809117	0.8798798798798799	0	0.8797101449275362	0.9269662921348315	0.9901960784313726	0.8171521035598706	0.8417721518987342	0.8592233009708737	0.7464387464387464	0.8252427184466019	0.8300970873786407	0.804093567251462	0.8789173789173789	0.8365695792880259	0.8333333333333334	0.9791666666666666	0.8760683760683761	0.8917378917378918	0.915954415954416	0.8447293447293447	0.8575498575498576	0.8846153846153846	0.886039886039886	0.8646723646723646	0.8703703703703703	0.8475783475783476	0.8575498575498576	0.8451178451178452	1.0	
0.8130434782608695	0.9088050314465409	0.8270440251572327	0.8503401360544217	0.8695652173913043	0.8483483483483484	0.8797101449275362	0	0.8295880149812734	0.7941176470588235	0.8268608414239482	0.7932489451476793	0.8300970873786407	0.8434782608695652	0.8155339805825242	0.8106796116504854	0.8625730994152047	0.8492753623188406	0.8220064724919094	0.8536231884057971	0.9791666666666666	0.7521739130434782	0.8521739130434782	0.8710144927536232	0.827536231884058	0.836231884057971	0.8289855072463768	0.8521739130434782	0.8217391304347826	0.8318840579710145	0.7913043478260869	0.836231884057971	0.835016835016835	0.9655172413793104	
0.8689138576779026	0.8962264150943396	0.9101123595505618	0.8537414965986394	0.900749063670412	0.8820224719101124	0.9269662921348315	0.8295880149812734	0	0.7549019607843137	0.897003745318352	0.9345991561181435	0.8913857677902621	0.8539325842696629	0.8764044943820225	0.8651685393258427	0.8539325842696629	0.9288389513108615	0.897003745318352	0.8408239700374532	0.9791666666666666	0.8389513108614233	0.8895131086142322	0.9307116104868914	0.7921348314606742	0.8277153558052435	0.947565543071161	0.8951310861423221	0.8745318352059925	0.8726591760299626	0.8183520599250936	0.8277153558052435	0.9382022471910112	1.0	
0.7549019607843137	1.0	0.8529411764705882	1.0	0.9019607843137255	0.9117647058823529	0.9901960784313726	0.7941176470588235	0.7549019607843137	0	0.7941176470588235	1.0	0.7941176470588235	0.7450980392156863	0.7156862745098039	0.7254901960784313	0.7156862745098039	0.9313725490196079	0.7941176470588235	0.7941176470588235	1.0	0.6862745098039216	0.9019607843137255	0.8921568627450981	0.7941176470588235	0.7254901960784313	0.9607843137254902	0.9019607843137255	0.9313725490196079	0.7549019607843137	0.7941176470588235	0.7254901960784313	1.0	1.0	
0.8576051779935275	0.940251572327044	0.8106796116504854	0.8299319727891157	0.8883495145631068	0.8365695792880259	0.8171521035598706	0.8268608414239482	0.897003745318352	0.7941176470588235	0	0.8080168776371308	0.6779935275080906	0.7653721682847896	0.6148867313915858	0.6796116504854369	0.8058252427184466	0.8511326860841424	0.5970873786407767	0.7087378640776699	0.9375	0.7977346278317152	0.8624595469255664	0.8754045307443366	0.8009708737864077	0.8009708737864077	0.8964401294498382	0.883495145631068	0.8381877022653722	0.8543689320388349	0.8106796116504854	0.8009708737864077	0.7878787878787878	1.0	
0.8291139240506329	0.9465408805031447	0.7320675105485233	0.8129251700680272	0.8143459915611815	0.7890295358649789	0.8417721518987342	0.7932489451476793	0.9345991561181435	1.0	0.8080168776371308	0	0.7890295358649789	0.820675105485232	0.8185654008438819	0.7974683544303798	0.8586497890295358	0.7869198312236287	0.7573839662447257	0.8122362869198312	0.625	0.7784810126582279	0.820675105485232	0.8481012658227848	0.8122362869198312	0.8016877637130801	0.8438818565400844	0.8333333333333334	0.7510548523206751	0.79957805907173	0.8312236286919831	0.8016877637130801	0.7763713080168776	1.0	
0.8284789644012945	0.940251572327044	0.7977346278317152	0.826530612244898	0.8559870550161812	0.7864077669902912	0.8592233009708737	0.8300970873786407	0.8913857677902621	0.7941176470588235	0.6779935275080906	0.7890295358649789	0	0.7896440129449838	0.7168284789644013	0.6974110032362459	0.8381877022653722	0.8398058252427184	0.6537216828478964	0.7702265372168284	0.8541666666666666	0.8042071197411004	0.8478964401294499	0.8851132686084142	0.8171521035598706	0.7864077669902912	0.8673139158576052	0.8770226537216829	0.8074433656957929	0.7944983818770227	0.8317152103559871	0.7864077669902912	0.7760942760942761	1.0	
0.8490813648293963	0.9433962264150944	0.8380503144654088	0.8571428571428571	0.90625	0.8498498498498499	0.7464387464387464	0.8434782608695652	0.8539325842696629	0.7450980392156863	0.7653721682847896	0.820675105485232	0.7896440129449838	0	0.7621359223300971	0.8220064724919094	0.7076023391812866	0.8833333333333333	0.7783171521035599	0.7589531680440771	0.9375	0.8580729166666666	0.8671875	0.9068241469816273	0.8190104166666666	0.8072916666666666	0.9138888888888889	0.8763020833333334	0.8083333333333333	0.8763020833333334	0.79296875	0.8072916666666666	0.8602693602693603	1.0	
0.8705501618122977	0.940251572327044	0.8478964401294499	0.8571428571428571	0.9158576051779935	0.8576051779935275	0.8252427184466019	0.8155339805825242	0.8764044943820225	0.7156862745098039	0.6148867313915858	0.8185654008438819	0.7168284789644013	0.7621359223300971	0	0.7087378640776699	0.7928802588996764	0.8754045307443366	0.5954692556634305	0.7556634304207119	0.5416666666666666	0.8527508090614887	0.8592233009708737	0.8818770226537217	0.8220064724919094	0.8236245954692557	0.9077669902912622	0.8851132686084142	0.8576051779935275	0.8527508090614887	0.8025889967637541	0.8236245954692557	0.8181818181818182	0.9310344827586207	
0.8284789644012945	0.9119496855345912	0.8300970873786407	0.7619047619047619	0.8576051779935275	0.8268608414239482	0.8300970873786407	0.8106796116504854	0.8651685393258427	0.7254901960784313	0.6796116504854369	0.7974683544303798	0.6974110032362459	0.8220064724919094	0.7087378640776699	0	0.813915857605178	0.8284789644012945	0.6585760517799353	0.7330097087378641	0.9791666666666666	0.7572815533980582	0.8381877022653722	0.8689320388349514	0.8074433656957929	0.8074433656957929	0.8770226537216829	0.8559870550161812	0.8236245954692557	0.8333333333333334	0.813915857605178	0.8074433656957929	0.7811447811447811	1.0	
0.8435672514619883	0.9433962264150944	0.8694968553459119	0.8537414965986394	0.9035087719298246	0.8513513513513513	0.804093567251462	0.8625730994152047	0.8539325842696629	0.7156862745098039	0.8058252427184466	0.8586497890295358	0.8381877022653722	0.7076023391812866	0.7928802588996764	0.813915857605178	0	0.8961988304093568	0.8236245954692557	0.72953216374269	0.9791666666666666	0.8391812865497076	0.8654970760233918	0.9152046783625731	0.8172514619883041	0.8318713450292398	0.9298245614035088	0.881578947368421	0.8347953216374269	0.8757309941520468	0.7997076023391813	0.8318713450292398	0.8720538720538721	1.0	
0.8638888888888889	0.9465408805031447	0.839622641509434	0.7993197278911565	0.8541666666666666	0.8243243243243243	0.8789173789173789	0.8492753623188406	0.9288389513108615	0.9313725490196079	0.8511326860841424	0.7869198312236287	0.8398058252427184	0.8833333333333333	0.8754045307443366	0.8284789644012945	0.8961988304093568	0	0.8559870550161812	0.8819444444444444	0.9791666666666666	0.8277777777777777	0.8833333333333333	0.8930555555555556	0.8333333333333334	0.8777777777777778	0.8638888888888889	0.8805555555555555	0.8430555555555556	0.8638888888888889	0.8513888888888889	0.8777777777777778	0.7811447811447811	1.0	
0.8543689320388349	0.940251572327044	0.8236245954692557	0.8299319727891157	0.8964401294498382	0.8284789644012945	0.8365695792880259	0.8220064724919094	0.897003745318352	0.7941176470588235	0.5970873786407767	0.7573839662447257	0.6537216828478964	0.7783171521035599	0.5954692556634305	0.6585760517799353	0.8236245954692557	0.8559870550161812	0	0.7346278317152104	0.0	0.8042071197411004	0.8527508090614887	0.8948220064724919	0.7977346278317152	0.7831715210355987	0.9077669902912622	0.8786407766990292	0.8365695792880259	0.8527508090614887	0.8155339805825242	0.7831715210355987	0.8181818181818182	0.5862068965517241	
0.8264462809917356	0.9433962264150944	0.8301886792452831	0.7925170068027211	0.8884297520661157	0.8318318318318318	0.8333333333333334	0.8536231884057971	0.8408239700374532	0.7941176470588235	0.7087378640776699	0.8122362869198312	0.7702265372168284	0.7589531680440771	0.7556634304207119	0.7330097087378641	0.72953216374269	0.8819444444444444	0.7346278317152104	0	0.9375	0.8181818181818182	0.859504132231405	0.9022038567493113	0.8154269972451791	0.7947658402203857	0.9194444444444444	0.8774104683195593	0.8166666666666667	0.8732782369146006	0.7892561983471075	0.7947658402203857	0.8535353535353535	1.0	
0.9791666666666666	0.9791666666666666	0.9791666666666666	0.9791666666666666	1.0	0.9791666666666666	0.9791666666666666	0.9791666666666666	0.9791666666666666	1.0	0.9375	0.625	0.8541666666666666	0.9375	0.5416666666666666	0.9791666666666666	0.9791666666666666	0.9791666666666666	0.0	0.9375	0	0.9791666666666666	0.9375	1.0	0.9583333333333334	0.8333333333333334	0.9791666666666666	0.9791666666666666	0.9791666666666666	0.9791666666666666	0.9791666666666666	0.8333333333333334	0.9583333333333334	1.0	
0.8254593175853019	0.9088050314465409	0.8050314465408805	0.7959183673469388	0.8502604166666666	0.8333333333333334	0.8760683760683761	0.7521739130434782	0.8389513108614233	0.6862745098039216	0.7977346278317152	0.7784810126582279	0.8042071197411004	0.8580729166666666	0.8527508090614887	0.7572815533980582	0.8391812865497076	0.8277777777777777	0.8042071197411004	0.8181818181818182	0.9791666666666666	0	0.8645833333333334	0.8700787401574803	0.828125	0.8346354166666666	0.8833333333333333	0.8645833333333334	0.8402777777777778	0.8502604166666666	0.8268229166666666	0.8346354166666666	0.8114478114478114	1.0	
0.8832020997375328	0.9433962264150944	0.8522012578616353	0.8435374149659864	0.90625	0.8693693693693694	0.8917378917378918	0.8521739130434782	0.8895131086142322	0.9019607843137255	0.8624595469255664	0.820675105485232	0.8478964401294499	0.8671875	0.8592233009708737	0.8381877022653722	0.8654970760233918	0.8833333333333333	0.8527508090614887	0.859504132231405	0.9375	0.8645833333333334	0	0.8976377952755905	0.8723958333333334	0.8580729166666666	0.9152777777777777	0.8658854166666666	0.8569444444444444	0.8854166666666666	0.8658854166666666	0.8580729166666666	0.8535353535353535	1.0	
0.9173228346456693	0.9371069182389937	0.8773584905660378	0.9217687074829932	0.8976377952755905	0.8753753753753754	0.915954415954416	0.8710144927536232	0.9307116104868914	0.8921568627450981	0.8754045307443366	0.8481012658227848	0.8851132686084142	0.9068241469816273	0.8818770226537217	0.8689320388349514	0.9152046783625731	0.8930555555555556	0.8948220064724919	0.9022038567493113	1.0	0.8700787401574803	0.8976377952755905	0	0.8976377952755905	0.8792650918635171	0.9013888888888889	0.905511811023622	0.8916666666666667	0.8740157480314961	0.905511811023622	0.8792650918635171	0.8535353535353535	1.0	
0.8372703412073491	0.89937106918239	0.8286163522012578	0.8129251700680272	0.851421188630491	0.8048048048048048	0.8447293447293447	0.827536231884058	0.7921348314606742	0.7941176470588235	0.8009708737864077	0.8122362869198312	0.8171521035598706	0.8190104166666666	0.8220064724919094	0.8074433656957929	0.8172514619883041	0.8333333333333334	0.7977346278317152	0.8154269972451791	0.9583333333333334	0.828125	0.8723958333333334	0.8976377952755905	0	0.7981770833333334	0.8333333333333334	0.8776041666666666	0.8152777777777778	0.8424479166666666	0.78515625	0.7981770833333334	0.7811447811447811	1.0	
0.8648293963254593	0.9433962264150944	0.8349056603773585	0.7721088435374149	0.9036458333333334	0.7897897897897898	0.8575498575498576	0.836231884057971	0.8277153558052435	0.7254901960784313	0.8009708737864077	0.8016877637130801	0.7864077669902912	0.8072916666666666	0.8236245954692557	0.8074433656957929	0.8318713450292398	0.8777777777777778	0.7831715210355987	0.7947658402203857	0.8333333333333334	0.8346354166666666	0.8580729166666666	0.8792650918635171	0.7981770833333334	0	0.9208333333333333	0.8880208333333334	0.8416666666666667	0.8802083333333334	0.8229166666666666	0.0	0.8468013468013468	1.0	
0.8986111111111111	0.9465408805031447	0.8694968553459119	0.9013605442176871	0.8486111111111111	0.8873873873873874	0.8846153846153846	0.8289855072463768	0.947565543071161	0.9607843137254902	0.8964401294498382	0.8438818565400844	0.8673139158576052	0.9138888888888889	0.9077669902912622	0.8770226537216829	0.9298245614035088	0.8638888888888889	0.9077669902912622	0.9194444444444444	0.9791666666666666	0.8833333333333333	0.9152777777777777	0.9013888888888889	0.8333333333333334	0.9208333333333333	0	0.9166666666666666	0.8597222222222223	0.8555555555555555	0.8819444444444444	0.9208333333333333	0.8316498316498316	1.0	
0.884514435695538	0.9622641509433962	0.8632075471698113	0.8095238095238095	0.90625	0.8933933933933934	0.886039886039886	0.8521739130434782	0.8951310861423221	0.9019607843137255	0.883495145631068	0.8333333333333334	0.8770226537216829	0.8763020833333334	0.8851132686084142	0.8559870550161812	0.881578947368421	0.8805555555555555	0.8786407766990292	0.8774104683195593	0.9791666666666666	0.8645833333333334	0.8658854166666666	0.905511811023622	0.8776041666666666	0.8880208333333334	0.9166666666666666	0	0.8625	0.8567708333333334	0.8541666666666666	0.8880208333333334	0.8619528619528619	1.0	
0.8055555555555556	0.9371069182389937	0.7877358490566038	0.8299319727891157	0.8527777777777777	0.8048048048048048	0.8646723646723646	0.8217391304347826	0.8745318352059925	0.9313725490196079	0.8381877022653722	0.7510548523206751	0.8074433656957929	0.8083333333333333	0.8576051779935275	0.8236245954692557	0.8347953216374269	0.8430555555555556	0.8365695792880259	0.8166666666666667	0.9791666666666666	0.8402777777777778	0.8569444444444444	0.8916666666666667	0.8152777777777778	0.8416666666666667	0.8597222222222223	0.8625	0	0.8333333333333334	0.8069444444444445	0.8416666666666667	0.8114478114478114	1.0	
0.8608923884514436	0.9622641509433962	0.8254716981132075	0.8231292517006803	0.8958333333333334	0.8303303303303303	0.8703703703703703	0.8318840579710145	0.8726591760299626	0.7549019607843137	0.8543689320388349	0.79957805907173	0.7944983818770227	0.8763020833333334	0.8527508090614887	0.8333333333333334	0.8757309941520468	0.8638888888888889	0.8527508090614887	0.8732782369146006	0.9791666666666666	0.8502604166666666	0.8854166666666666	0.8740157480314961	0.8424479166666666	0.8802083333333334	0.8555555555555555	0.8567708333333334	0.8333333333333334	0	0.8684895833333334	0.8802083333333334	0.8047138047138047	1.0	
0.8280839895013123	0.8930817610062893	0.8427672955974843	0.8231292517006803	0.86328125	0.8183183183183184	0.8475783475783476	0.7913043478260869	0.8183520599250936	0.7941176470588235	0.8106796116504854	0.8312236286919831	0.8317152103559871	0.79296875	0.8025889967637541	0.813915857605178	0.7997076023391813	0.8513888888888889	0.8155339805825242	0.7892561983471075	0.9791666666666666	0.8268229166666666	0.8658854166666666	0.905511811023622	0.78515625	0.8229166666666666	0.8819444444444444	0.8541666666666666	0.8069444444444445	0.8684895833333334	0	0.8229166666666666	0.8181818181818182	1.0	
0.8648293963254593	0.9433962264150944	0.8349056603773585	0.7721088435374149	0.9036458333333334	0.7897897897897898	0.8575498575498576	0.836231884057971	0.8277153558052435	0.7254901960784313	0.8009708737864077	0.8016877637130801	0.7864077669902912	0.8072916666666666	0.8236245954692557	0.8074433656957929	0.8318713450292398	0.8777777777777778	0.7831715210355987	0.7947658402203857	0.8333333333333334	0.8346354166666666	0.8580729166666666	0.8792650918635171	0.7981770833333334	0.0	0.9208333333333333	0.8880208333333334	0.8416666666666667	0.8802083333333334	0.8229166666666666	0	0.8468013468013468	1.0	
0.8282828282828283	0.940251572327044	0.8131313131313131	0.8027210884353742	0.8131313131313131	0.7962962962962963	0.8451178451178452	0.835016835016835	0.9382022471910112	1.0	0.7878787878787878	0.7763713080168776	0.7760942760942761	0.8602693602693603	0.8181818181818182	0.7811447811447811	0.8720538720538721	0.7811447811447811	0.8181818181818182	0.8535353535353535	0.9583333333333334	0.8114478114478114	0.8535353535353535	0.8535353535353535	0.7811447811447811	0.8468013468013468	0.8316498316498316	0.8619528619528619	0.8114478114478114	0.8047138047138047	0.8181818181818182	0.8468013468013468	0	1.0	
1.0	1.0	0.9655172413793104	1.0	1.0	1.0	1.0	0.9655172413793104	1.0	1.0	1.0	1.0	1.0	1.0	0.9310344827586207	1.0	1.0	1.0	0.5862068965517241	1.0	1.0	1.0	1.0	1.0	1.0	1.0	1.0	1.0	1.0	1.0	1.0	1.0	1.0	0	
