0	0.6788617886178862	0.8333333333333334	0.8617886178861789	0.6747967479674797	0.7357723577235772	0.6138211382113821	0.6219512195121951	0.7276422764227642	0.8170731707317073	0.8603603603603603	0.8008130081300813	0.8603603603603603	0.7723577235772358	0.7235772357723578	0.7719298245614035	0.8819444444444444	0.7439024390243902	0.8008130081300813	0.7439024390243902	0.8414634146341463	0.8536585365853658	0.8414634146341463	0.6788617886178862	0.6869918699186992	0.6622807017543859	0.7235772357723578	0.6611111111111111	0.8617886178861789	0.7723577235772358	0.782608695652174	0.6611111111111111	0.7192982456140351	0.7763157894736842	
0.6788617886178862	0	0.8577235772357723	0.8617886178861789	0.6788617886178862	0.7276422764227642	0.6869918699186992	0.6910569105691057	0.7317073170731707	0.8170731707317073	0.8243243243243243	0.8089430894308943	0.8243243243243243	0.8130081300813008	0.6544715447154471	0.7631578947368421	0.8819444444444444	0.6544715447154471	0.8008130081300813	0.6544715447154471	0.8577235772357723	0.8373983739837398	0.8577235772357723	0.6585365853658537	0.7154471544715447	0.6798245614035088	0.7195121951219512	0.6833333333333333	0.8617886178861789	0.7439024390243902	0.7536231884057971	0.6833333333333333	0.75	0.7807017543859649	
0.8333333333333334	0.8577235772357723	0	0.8333333333333334	0.8048780487804879	0.7764227642276422	0.8577235772357723	0.8292682926829268	0.8577235772357723	0.8617886178861789	0.7657657657657657	0.7804878048780488	0.7657657657657657	0.7967479674796748	0.8211382113821138	0.8201754385964912	0.8402777777777778	0.8617886178861789	0.8414634146341463	0.8617886178861789	0.8211382113821138	0.8617886178861789	0.8211382113821138	0.8048780487804879	0.8577235772357723	0.8421052631578947	0.8211382113821138	0.8444444444444444	0.8536585365853658	0.8617886178861789	0.8768115942028986	0.8444444444444444	0.7675438596491229	0.8157894736842105	
0.8617886178861789	0.8617886178861789	0.8333333333333334	0	0.8617886178861789	0.8536585365853658	0.8617886178861789	0.8617886178861789	0.8089430894308943	0.8089430894308943	0.8063063063063063	0.7804878048780488	0.8063063063063063	0.8373983739837398	0.8495934959349594	0.8508771929824561	0.7916666666666666	0.8577235772357723	0.8617886178861789	0.8577235772357723	0.7804878048780488	0.8577235772357723	0.7804878048780488	0.8617886178861789	0.8577235772357723	0.8640350877192983	0.8536585365853658	0.8722222222222222	0.8617886178861789	0.8089430894308943	0.8840579710144928	0.8722222222222222	0.8070175438596491	0.8508771929824561	
0.6747967479674797	0.6788617886178862	0.8048780487804879	0.8617886178861789	0	0.7154471544715447	0.6910569105691057	0.6219512195121951	0.6951219512195121	0.7642276422764228	0.8603603603603603	0.7032520325203252	0.8603603603603603	0.7967479674796748	0.6260162601626016	0.6666666666666666	0.8819444444444444	0.6422764227642277	0.8008130081300813	0.6422764227642277	0.8373983739837398	0.8211382113821138	0.8373983739837398	0.5121951219512195	0.6869918699186992	0.42105263157894735	0.6707317073170732	0.40555555555555556	0.8617886178861789	0.7723577235772358	0.782608695652174	0.40555555555555556	0.7149122807017544	0.6710526315789473	
0.7357723577235772	0.7276422764227642	0.7764227642276422	0.8536585365853658	0.7154471544715447	0	0.7439024390243902	0.7398373983739838	0.7276422764227642	0.8089430894308943	0.8648648648648649	0.7682926829268293	0.8648648648648649	0.7723577235772358	0.6219512195121951	0.6973684210526315	0.8680555555555556	0.7357723577235772	0.8536585365853658	0.7357723577235772	0.8495934959349594	0.8495934959349594	0.8495934959349594	0.7113821138211383	0.6951219512195121	0.7587719298245614	0.7032520325203252	0.7222222222222222	0.8617886178861789	0.7113821138211383	0.8043478260869565	0.7222222222222222	0.7236842105263158	0.7280701754385965	
0.6138211382113821	0.6869918699186992	0.8577235772357723	0.8617886178861789	0.6910569105691057	0.7439024390243902	0	0.6422764227642277	0.7154471544715447	0.7642276422764228	0.8603603603603603	0.8170731707317073	0.8603603603603603	0.8130081300813008	0.7439024390243902	0.7763157894736842	0.875	0.7398373983739838	0.8089430894308943	0.7398373983739838	0.8536585365853658	0.8536585365853658	0.8536585365853658	0.6869918699186992	0.7317073170731707	0.6973684210526315	0.6951219512195121	0.6944444444444444	0.8617886178861789	0.7723577235772358	0.782608695652174	0.6944444444444444	0.7236842105263158	0.7236842105263158	
0.6219512195121951	0.6910569105691057	0.8292682926829268	0.8617886178861789	0.6219512195121951	0.7398373983739838	0.6422764227642277	0	0.6463414634146342	0.8130081300813008	0.8603603603603603	0.7926829268292683	0.8603603603603603	0.7642276422764228	0.6910569105691057	0.7192982456140351	0.8819444444444444	0.7235772357723578	0.8089430894308943	0.7235772357723578	0.8373983739837398	0.8536585365853658	0.8373983739837398	0.556910569105691	0.7032520325203252	0.5350877192982456	0.7032520325203252	0.5611111111111111	0.8617886178861789	0.7764227642276422	0.782608695652174	0.5611111111111111	0.7543859649122807	0.7543859649122807	
0.7276422764227642	0.7317073170731707	0.8577235772357723	0.8089430894308943	0.6951219512195121	0.7276422764227642	0.7154471544715447	0.6463414634146342	0	0.7601626016260162	0.8333333333333334	0.7560975609756098	0.8333333333333334	0.7886178861788617	0.6056910569105691	0.7324561403508771	0.8611111111111112	0.6422764227642277	0.8536585365853658	0.6422764227642277	0.7886178861788617	0.8455284552845529	0.7886178861788617	0.5975609756097561	0.6707317073170732	0.6622807017543859	0.6219512195121951	0.6333333333333333	0.8617886178861789	0.7195121951219512	0.8043478260869565	0.6333333333333333	0.7149122807017544	0.7587719298245614	
0.8170731707317073	0.8170731707317073	0.8617886178861789	0.8089430894308943	0.7642276422764228	0.8089430894308943	0.7642276422764228	0.8130081300813008	0.7601626016260162	0	0.8648648648648649	0.7276422764227642	0.8648648648648649	0.7723577235772358	0.8048780487804879	0.7587719298245614	0.8611111111111112	0.8130081300813008	0.8536585365853658	0.8130081300813008	0.8008130081300813	0.8455284552845529	0.8008130081300813	0.7642276422764228	0.8130081300813008	0.7982456140350878	0.7926829268292683	0.7888888888888889	0.8617886178861789	0.7642276422764228	0.8043478260869565	0.7888888888888889	0.7587719298245614	0.6271929824561403	
0.8603603603603603	0.8243243243243243	0.7657657657657657	0.8063063063063063	0.8603603603603603	0.8648648648648649	0.8603603603603603	0.8603603603603603	0.8333333333333334	0.8648648648648649	0	0.7837837837837838	0.0	0.6666666666666666	0.8333333333333334	0.8648648648648649	0.8472222222222222	0.8333333333333334	0.8603603603603603	0.8333333333333334	0.7837837837837838	0.8603603603603603	0.7837837837837838	0.8288288288288288	0.8648648648648649	0.8603603603603603	0.8333333333333334	0.8888888888888888	0.8648648648648649	0.8648648648648649	0.8768115942028986	0.8888888888888888	0.8603603603603603	0.8648648648648649	
0.8008130081300813	0.8089430894308943	0.7804878048780488	0.7804878048780488	0.7032520325203252	0.7682926829268293	0.8170731707317073	0.7926829268292683	0.7560975609756098	0.7276422764227642	0.7837837837837838	0	0.7837837837837838	0.8577235772357723	0.7398373983739838	0.7105263157894737	0.8263888888888888	0.8130081300813008	0.8617886178861789	0.8130081300813008	0.6991869918699187	0.8577235772357723	0.6991869918699187	0.7032520325203252	0.7804878048780488	0.7850877192982456	0.7926829268292683	0.7666666666666667	0.8617886178861789	0.8048780487804879	0.8840579710144928	0.7666666666666667	0.7368421052631579	0.7412280701754386	
0.8603603603603603	0.8243243243243243	0.7657657657657657	0.8063063063063063	0.8603603603603603	0.8648648648648649	0.8603603603603603	0.8603603603603603	0.8333333333333334	0.8648648648648649	0.0	0.7837837837837838	0	0.6666666666666666	0.8333333333333334	0.8648648648648649	0.8472222222222222	0.8333333333333334	0.8603603603603603	0.8333333333333334	0.7837837837837838	0.8603603603603603	0.7837837837837838	0.8288288288288288	0.8648648648648649	0.8603603603603603	0.8333333333333334	0.8888888888888888	0.8648648648648649	0.8648648648648649	0.8768115942028986	0.8888888888888888	0.8603603603603603	0.8648648648648649	
0.7723577235772358	0.8130081300813008	0.7967479674796748	0.8373983739837398	0.7967479674796748	0.7723577235772358	0.8130081300813008	0.7642276422764228	0.7886178861788617	0.7723577235772358	0.6666666666666666	0.8577235772357723	0.6666666666666666	0	0.8130081300813008	0.8114035087719298	0.8819444444444444	0.8170731707317073	0.8495934959349594	0.8170731707317073	0.8617886178861789	0.8495934959349594	0.8617886178861789	0.7886178861788617	0.8008130081300813	0.7719298245614035	0.8170731707317073	0.7555555555555555	0.8617886178861789	0.8130081300813008	0.7971014492753623	0.7555555555555555	0.8114035087719298	0.8114035087719298	
0.7235772357723578	0.6544715447154471	0.8211382113821138	0.8495934959349594	0.6260162601626016	0.6219512195121951	0.7439024390243902	0.6910569105691057	0.6056910569105691	0.8048780487804879	0.8333333333333334	0.7398373983739838	0.8333333333333334	0.8130081300813008	0	0.6359649122807017	0.7916666666666666	0.5528455284552846	0.8536585365853658	0.5528455284552846	0.8455284552845529	0.8292682926829268	0.8455284552845529	0.5691056910569106	0.6300813008130082	0.6754385964912281	0.6178861788617886	0.5722222222222222	0.8617886178861789	0.7195121951219512	0.8043478260869565	0.5722222222222222	0.706140350877193	0.6798245614035088	
0.7719298245614035	0.7631578947368421	0.8201754385964912	0.8508771929824561	0.6666666666666666	0.6973684210526315	0.7763157894736842	0.7192982456140351	0.7324561403508771	0.7587719298245614	0.8648648648648649	0.7105263157894737	0.8648648648648649	0.8114035087719298	0.6359649122807017	0	0.7916666666666666	0.7587719298245614	0.8552631578947368	0.7587719298245614	0.8464912280701754	0.8508771929824561	0.8464912280701754	0.6140350877192983	0.7543859649122807	0.7017543859649122	0.7675438596491229	0.75	0.8640350877192983	0.7456140350877193	0.8043478260869565	0.75	0.7236842105263158	0.5789473684210527	
0.8819444444444444	0.8819444444444444	0.8402777777777778	0.7916666666666666	0.8819444444444444	0.8680555555555556	0.875	0.8819444444444444	0.8611111111111112	0.8611111111111112	0.8472222222222222	0.8263888888888888	0.8472222222222222	0.8819444444444444	0.7916666666666666	0.7916666666666666	0	0.8680555555555556	0.8819444444444444	0.8680555555555556	0.8263888888888888	0.875	0.8263888888888888	0.8819444444444444	0.875	0.8819444444444444	0.875	0.9583333333333334	0.8819444444444444	0.8611111111111112	0.927536231884058	0.9583333333333334	0.8541666666666666	0.7916666666666666	
0.7439024390243902	0.6544715447154471	0.8617886178861789	0.8577235772357723	0.6422764227642277	0.7357723577235772	0.7398373983739838	0.7235772357723578	0.6422764227642277	0.8130081300813008	0.8333333333333334	0.8130081300813008	0.8333333333333334	0.8170731707317073	0.5528455284552846	0.7587719298245614	0.8680555555555556	0	0.8536585365853658	0.0	0.8495934959349594	0.7926829268292683	0.8495934959349594	0.6097560975609756	0.6138211382113821	0.6403508771929824	0.508130081300813	0.5888888888888889	0.8617886178861789	0.7520325203252033	0.8043478260869565	0.5888888888888889	0.7587719298245614	0.7763157894736842	
0.8008130081300813	0.8008130081300813	0.8414634146341463	0.8617886178861789	0.8008130081300813	0.8536585365853658	0.8089430894308943	0.8089430894308943	0.8536585365853658	0.8536585365853658	0.8603603603603603	0.8617886178861789	0.8603603603603603	0.8495934959349594	0.8536585365853658	0.8552631578947368	0.8819444444444444	0.8536585365853658	0	0.8536585365853658	0.8617886178861789	0.7764227642276422	0.8617886178861789	0.8089430894308943	0.8536585365853658	0.7982456140350878	0.8536585365853658	0.85	0.8617886178861789	0.8455284552845529	0.8478260869565217	0.85	0.8552631578947368	0.8464912280701754	
0.7439024390243902	0.6544715447154471	0.8617886178861789	0.8577235772357723	0.6422764227642277	0.7357723577235772	0.7398373983739838	0.7235772357723578	0.6422764227642277	0.8130081300813008	0.8333333333333334	0.8130081300813008	0.8333333333333334	0.8170731707317073	0.5528455284552846	0.7587719298245614	0.8680555555555556	0.0	0.8536585365853658	0	0.8495934959349594	0.7926829268292683	0.8495934959349594	0.6097560975609756	0.6138211382113821	0.6403508771929824	0.508130081300813	0.5888888888888889	0.8617886178861789	0.7520325203252033	0.8043478260869565	0.5888888888888889	0.7587719298245614	0.7763157894736842	
0.8414634146341463	0.8577235772357723	0.8211382113821138	0.7804878048780488	0.8373983739837398	0.8495934959349594	0.8536585365853658	0.8373983739837398	0.7886178861788617	0.8008130081300813	0.7837837837837838	0.6991869918699187	0.7837837837837838	0.8617886178861789	0.8455284552845529	0.8464912280701754	0.8263888888888888	0.8495934959349594	0.8617886178861789	0.8495934959349594	0	0.8536585365853658	0.0	0.8414634146341463	0.8536585365853658	0.8421052631578947	0.8333333333333334	0.8444444444444444	0.8617886178861789	0.8008130081300813	0.8840579710144928	0.8444444444444444	0.8026315789473685	0.8070175438596491	
0.8536585365853658	0.8373983739837398	0.8617886178861789	0.8577235772357723	0.8211382113821138	0.8495934959349594	0.8536585365853658	0.8536585365853658	0.8455284552845529	0.8455284552845529	0.8603603603603603	0.8577235772357723	0.8603603603603603	0.8495934959349594	0.8292682926829268	0.8508771929824561	0.875	0.7926829268292683	0.7764227642276422	0.7926829268292683	0.8536585365853658	0	0.8536585365853658	0.8495934959349594	0.8373983739837398	0.8201754385964912	0.8373983739837398	0.8611111111111112	0.8617886178861789	0.8495934959349594	0.8695652173913043	0.8611111111111112	0.8508771929824561	0.8508771929824561	
0.8414634146341463	0.8577235772357723	0.8211382113821138	0.7804878048780488	0.8373983739837398	0.8495934959349594	0.8536585365853658	0.8373983739837398	0.7886178861788617	0.8008130081300813	0.7837837837837838	0.6991869918699187	0.7837837837837838	0.8617886178861789	0.8455284552845529	0.8464912280701754	0.8263888888888888	0.8495934959349594	0.8617886178861789	0.8495934959349594	0.0	0.8536585365853658	0	0.8414634146341463	0.8536585365853658	0.8421052631578947	0.8333333333333334	0.8444444444444444	0.8617886178861789	0.8008130081300813	0.8840579710144928	0.8444444444444444	0.8026315789473685	0.8070175438596491	
0.6788617886178862	0.6585365853658537	0.8048780487804879	0.8617886178861789	0.5121951219512195	0.7113821138211383	0.6869918699186992	0.556910569105691	0.5975609756097561	0.7642276422764228	0.8288288288288288	0.7032520325203252	0.8288288288288288	0.7886178861788617	0.5691056910569106	0.6140350877192983	0.8819444444444444	0.6097560975609756	0.8089430894308943	0.6097560975609756	0.8414634146341463	0.8495934959349594	0.8414634146341463	0	0.6869918699186992	0.5087719298245614	0.5528455284552846	0.5388888888888889	0.8617886178861789	0.7723577235772358	0.782608695652174	0.5388888888888889	0.7192982456140351	0.6535087719298246	
0.6869918699186992	0.7154471544715447	0.8577235772357723	0.8577235772357723	0.6869918699186992	0.6951219512195121	0.7317073170731707	0.7032520325203252	0.6707317073170732	0.8130081300813008	0.8648648648648649	0.7804878048780488	0.8648648648648649	0.8008130081300813	0.6300813008130082	0.7543859649122807	0.875	0.6138211382113821	0.8536585365853658	0.6138211382113821	0.8536585365853658	0.8373983739837398	0.8536585365853658	0.6869918699186992	0	0.6491228070175439	0.6341463414634146	0.5888888888888889	0.8617886178861789	0.7520325203252033	0.8043478260869565	0.5888888888888889	0.7543859649122807	0.7719298245614035	
0.6622807017543859	0.6798245614035088	0.8421052631578947	0.8640350877192983	0.42105263157894735	0.7587719298245614	0.6973684210526315	0.5350877192982456	0.6622807017543859	0.7982456140350878	0.8603603603603603	0.7850877192982456	0.8603603603603603	0.7719298245614035	0.6754385964912281	0.7017543859649122	0.8819444444444444	0.6403508771929824	0.7982456140350878	0.6403508771929824	0.8421052631578947	0.8201754385964912	0.8421052631578947	0.5087719298245614	0.6491228070175439	0	0.6271929824561403	0.2833333333333333	0.8640350877192983	0.7807017543859649	0.782608695652174	0.2833333333333333	0.7543859649122807	0.7412280701754386	
0.7235772357723578	0.7195121951219512	0.8211382113821138	0.8536585365853658	0.6707317073170732	0.7032520325203252	0.6951219512195121	0.7032520325203252	0.6219512195121951	0.7926829268292683	0.8333333333333334	0.7926829268292683	0.8333333333333334	0.8170731707317073	0.6178861788617886	0.7675438596491229	0.875	0.508130081300813	0.8536585365853658	0.508130081300813	0.8333333333333334	0.8373983739837398	0.8333333333333334	0.5528455284552846	0.6341463414634146	0.6271929824561403	0	0.5611111111111111	0.8617886178861789	0.7723577235772358	0.8043478260869565	0.5611111111111111	0.7587719298245614	0.7587719298245614	
0.6611111111111111	0.6833333333333333	0.8444444444444444	0.8722222222222222	0.40555555555555556	0.7222222222222222	0.6944444444444444	0.5611111111111111	0.6333333333333333	0.7888888888888889	0.8888888888888888	0.7666666666666667	0.8888888888888888	0.7555555555555555	0.5722222222222222	0.75	0.9583333333333334	0.5888888888888889	0.85	0.5888888888888889	0.8444444444444444	0.8611111111111112	0.8444444444444444	0.5388888888888889	0.5888888888888889	0.2833333333333333	0.5611111111111111	0	0.8722222222222222	0.75	0.8188405797101449	0.0	0.75	0.7555555555555555	
0.8617886178861789	0.8617886178861789	0.8536585365853658	0.8617886178861789	0.8617886178861789	0.8617886178861789	0.8617886178861789	0.8617886178861789	0.8617886178861789	0.8617886178861789	0.8648648648648649	0.8617886178861789	0.8648648648648649	0.8617886178861789	0.8617886178861789	0.8640350877192983	0.8819444444444444	0.8617886178861789	0.8617886178861789	0.8617886178861789	0.8617886178861789	0.8617886178861789	0.8617886178861789	0.8617886178861789	0.8617886178861789	0.8640350877192983	0.8617886178861789	0.8722222222222222	0	0.8617886178861789	0.8840579710144928	0.8722222222222222	0.8640350877192983	0.8640350877192983	
0.7723577235772358	0.7439024390243902	0.8617886178861789	0.8089430894308943	0.7723577235772358	0.7113821138211383	0.7723577235772358	0.7764227642276422	0.7195121951219512	0.7642276422764228	0.8648648648648649	0.8048780487804879	0.8648648648648649	0.8130081300813008	0.7195121951219512	0.7456140350877193	0.8611111111111112	0.7520325203252033	0.8455284552845529	0.7520325203252033	0.8008130081300813	0.8495934959349594	0.8008130081300813	0.7723577235772358	0.7520325203252033	0.7807017543859649	0.7723577235772358	0.75	0.8617886178861789	0	0.8043478260869565	0.75	0.7236842105263158	0.7675438596491229	
0.782608695652174	0.7536231884057971	0.8768115942028986	0.8840579710144928	0.782608695652174	0.8043478260869565	0.782608695652174	0.782608695652174	0.8043478260869565	0.8043478260869565	0.8768115942028986	0.8840579710144928	0.8768115942028986	0.7971014492753623	0.8043478260869565	0.8043478260869565	0.927536231884058	0.8043478260869565	0.8478260869565217	0.8043478260869565	0.8840579710144928	0.8695652173913043	0.8840579710144928	0.782608695652174	0.8043478260869565	0.782608695652174	0.8043478260869565	0.8188405797101449	0.8840579710144928	0.8043478260869565	0	0.8188405797101449	0.8043478260869565	0.8043478260869565	
0.6611111111111111	0.6833333333333333	0.8444444444444444	0.8722222222222222	0.40555555555555556	0.7222222222222222	0.6944444444444444	0.5611111111111111	0.6333333333333333	0.7888888888888889	0.8888888888888888	0.7666666666666667	0.8888888888888888	0.7555555555555555	0.5722222222222222	0.75	0.9583333333333334	0.5888888888888889	0.85	0.5888888888888889	0.8444444444444444	0.8611111111111112	0.8444444444444444	0.5388888888888889	0.5888888888888889	0.2833333333333333	0.5611111111111111	0.0	0.8722222222222222	0.75	0.8188405797101449	0	0.75	0.7555555555555555	
0.7192982456140351	0.75	0.7675438596491229	0.8070175438596491	0.7149122807017544	0.7236842105263158	0.7236842105263158	0.7543859649122807	0.7149122807017544	0.7587719298245614	0.8603603603603603	0.7368421052631579	0.8603603603603603	0.8114035087719298	0.706140350877193	0.7236842105263158	0.8541666666666666	0.7587719298245614	0.8552631578947368	0.7587719298245614	0.8026315789473685	0.8508771929824561	0.8026315789473685	0.7192982456140351	0.7543859649122807	0.7543859649122807	0.7587719298245614	0.75	0.8640350877192983	0.7236842105263158	0.8043478260869565	0.75	0	0.7105263157894737	
0.7763157894736842	0.7807017543859649	0.8157894736842105	0.8508771929824561	0.6710526315789473	0.7280701754385965	0.7236842105263158	0.7543859649122807	0.7587719298245614	0.6271929824561403	0.8648648648648649	0.7412280701754386	0.8648648648648649	0.8114035087719298	0.6798245614035088	0.5789473684210527	0.7916666666666666	0.7763157894736842	0.8464912280701754	0.7763157894736842	0.8070175438596491	0.8508771929824561	0.8070175438596491	0.6535087719298246	0.7719298245614035	0.7412280701754386	0.7587719298245614	0.7555555555555555	0.8640350877192983	0.7675438596491229	0.8043478260869565	0.7555555555555555	0.7105263157894737	0	
