0	0.7619047619047619	0.7619047619047619	0.7202380952380952	0.6790540540540541	0.7648809523809523	0.7083333333333334	0.6458333333333334	0.7142857142857143	0.7766666666666666	0.7648809523809523	0.7976190476190477	0.8505747126436781	0.720125786163522	0.7559523809523809	0.7053571428571429	0.7083333333333334	0.6755952380952381	0.7648809523809523	0.75	0.6636904761904762	0.7589285714285714	0.7083333333333334	0.6845238095238095	0.7619047619047619	0.6755952380952381	0.7410714285714286	0.7113095238095238	0.8214285714285714	0.7797619047619048	0.7440476190476191	0.7619047619047619	0.7529761904761905	0.6994047619047619	
0.7619047619047619	0	0.6607142857142857	0.7410714285714286	0.6959459459459459	0.6607142857142857	0.7470238095238095	0.6934523809523809	0.6845238095238095	0.7833333333333333	0.6815476190476191	0.8055555555555556	0.8735632183908046	0.6855345911949685	0.6666666666666666	0.6994047619047619	0.6845238095238095	0.75	0.7023809523809523	0.6785714285714286	0.7529761904761905	0.7113095238095238	0.75	0.7648809523809523	0.6994047619047619	0.6785714285714286	0.7738095238095238	0.7738095238095238	0.8928571428571429	0.8095238095238095	0.7619047619047619	0.6994047619047619	0.6994047619047619	0.6845238095238095	
0.7619047619047619	0.6607142857142857	0	0.7619047619047619	0.7263513513513513	0.6369047619047619	0.7083333333333334	0.7113095238095238	0.6934523809523809	0.7833333333333333	0.6785714285714286	0.8015873015873016	0.8045977011494253	0.6855345911949685	0.6726190476190477	0.6636904761904762	0.6815476190476191	0.7648809523809523	0.7083333333333334	0.6904761904761905	0.7321428571428571	0.7083333333333334	0.7321428571428571	0.7321428571428571	0.6785714285714286	0.7619047619047619	0.7708333333333334	0.7708333333333334	0.8988095238095238	0.8273809523809523	0.7321428571428571	0.6785714285714286	0.6994047619047619	0.6636904761904762	
0.7202380952380952	0.7410714285714286	0.7619047619047619	0	0.6148648648648649	0.7232142857142857	0.6636904761904762	0.625	0.7053571428571429	0.69	0.6726190476190477	0.6825396825396826	0.6609195402298851	0.6761006289308176	0.6607142857142857	0.7232142857142857	0.6458333333333334	0.6934523809523809	0.6904761904761905	0.6101190476190477	0.6190476190476191	0.7172619047619048	0.625	0.6666666666666666	0.7142857142857143	0.6130952380952381	0.6934523809523809	0.7023809523809523	0.8571428571428571	0.7142857142857143	0.7321428571428571	0.7142857142857143	0.7232142857142857	0.6994047619047619	
0.6790540540540541	0.6959459459459459	0.7263513513513513	0.6148648648648649	0	0.6722972972972973	0.6587837837837838	0.6114864864864865	0.6216216216216216	0.7567567567567568	0.6756756756756757	0.7817460317460317	0.8563218390804598	0.6959459459459459	0.6317567567567568	0.6925675675675675	0.6452702702702703	0.6385135135135135	0.6722972972972973	0.7263513513513513	0.6655405405405406	0.6554054054054054	0.5337837837837838	0.7195945945945946	0.5608108108108109	0.5945945945945946	0.6959459459459459	0.6655405405405406	0.8378378378378378	0.706081081081081	0.7297297297297297	0.5608108108108109	0.7162162162162162	0.6655405405405406	
0.7648809523809523	0.6607142857142857	0.6369047619047619	0.7232142857142857	0.6722972972972973	0	0.7321428571428571	0.75	0.6041666666666666	0.7766666666666666	0.6071428571428571	0.7738095238095238	0.8505747126436781	0.6918238993710691	0.6517857142857143	0.6815476190476191	0.6755952380952381	0.7648809523809523	0.6517857142857143	0.6726190476190477	0.7529761904761905	0.7202380952380952	0.7291666666666666	0.6994047619047619	0.6339285714285714	0.7202380952380952	0.7529761904761905	0.7738095238095238	0.8988095238095238	0.8273809523809523	0.7440476190476191	0.6339285714285714	0.6815476190476191	0.5833333333333334	
0.7083333333333334	0.7470238095238095	0.7083333333333334	0.6636904761904762	0.6587837837837838	0.7321428571428571	0	0.6994047619047619	0.7529761904761905	0.7133333333333334	0.6845238095238095	0.7142857142857143	0.8390804597701149	0.7641509433962265	0.7410714285714286	0.7261904761904762	0.7321428571428571	0.6875	0.7053571428571429	0.7053571428571429	0.6875	0.7470238095238095	0.6904761904761905	0.7440476190476191	0.7202380952380952	0.7172619047619048	0.7589285714285714	0.7053571428571429	0.8392857142857143	0.7619047619047619	0.7321428571428571	0.7202380952380952	0.7232142857142857	0.7351190476190477	
0.6458333333333334	0.6934523809523809	0.7113095238095238	0.625	0.6114864864864865	0.75	0.6994047619047619	0	0.7410714285714286	0.7	0.7202380952380952	0.7063492063492064	0.7126436781609196	0.7075471698113207	0.6964285714285714	0.7291666666666666	0.6934523809523809	0.6875	0.75	0.7053571428571429	0.625	0.7619047619047619	0.6815476190476191	0.7619047619047619	0.7410714285714286	0.6726190476190477	0.6785714285714286	0.7142857142857143	0.8273809523809523	0.7083333333333334	0.7261904761904762	0.7410714285714286	0.7351190476190477	0.7113095238095238	
0.7142857142857143	0.6845238095238095	0.6934523809523809	0.7053571428571429	0.6216216216216216	0.6041666666666666	0.7529761904761905	0.7410714285714286	0	0.7866666666666666	0.6309523809523809	0.7936507936507936	0.8563218390804598	0.5345911949685535	0.5089285714285714	0.5833333333333334	0.43154761904761907	0.7619047619047619	0.625	0.6488095238095238	0.7142857142857143	0.6994047619047619	0.6130952380952381	0.6458333333333334	0.5059523809523809	0.7083333333333334	0.6934523809523809	0.7738095238095238	0.8809523809523809	0.8095238095238095	0.7589285714285714	0.5059523809523809	0.6904761904761905	0.39880952380952384	
0.7766666666666666	0.7833333333333333	0.7833333333333333	0.69	0.7567567567567568	0.7766666666666666	0.7133333333333334	0.7	0.7866666666666666	0	0.73	0.3055555555555556	0.5804597701149425	0.73	0.7466666666666667	0.7733333333333333	0.72	0.72	0.7433333333333333	0.6966666666666667	0.68	0.7633333333333333	0.7766666666666666	0.73	0.7733333333333333	0.72	0.6966666666666667	0.7733333333333333	0.9	0.8066666666666666	0.7033333333333334	0.7733333333333333	0.7733333333333333	0.7566666666666667	
0.7648809523809523	0.6815476190476191	0.6785714285714286	0.6726190476190477	0.6756756756756757	0.6071428571428571	0.6845238095238095	0.7202380952380952	0.6309523809523809	0.73	0	0.746031746031746	0.8103448275862069	0.6320754716981132	0.49702380952380953	0.6339285714285714	0.5744047619047619	0.7470238095238095	0.31547619047619047	0.5625	0.6607142857142857	0.6785714285714286	0.6488095238095238	0.6636904761904762	0.5178571428571429	0.7559523809523809	0.6577380952380952	0.7410714285714286	0.9017857142857143	0.7440476190476191	0.7440476190476191	0.5178571428571429	0.5892857142857143	0.49107142857142855	
0.7976190476190477	0.8055555555555556	0.8015873015873016	0.6825396825396826	0.7817460317460317	0.7738095238095238	0.7142857142857143	0.7063492063492064	0.7936507936507936	0.3055555555555556	0.746031746031746	0	0.5747126436781609	0.7380952380952381	0.7896825396825397	0.7698412698412699	0.7063492063492064	0.7420634920634921	0.7619047619047619	0.7063492063492064	0.6825396825396826	0.7857142857142857	0.7936507936507936	0.7182539682539683	0.7698412698412699	0.7341269841269841	0.7023809523809523	0.7936507936507936	0.8928571428571429	0.8055555555555556	0.7063492063492064	0.7698412698412699	0.7698412698412699	0.75	
0.8505747126436781	0.8735632183908046	0.8045977011494253	0.6609195402298851	0.8563218390804598	0.8505747126436781	0.8390804597701149	0.7126436781609196	0.8563218390804598	0.5804597701149425	0.8103448275862069	0.5747126436781609	0	0.7298850574712644	0.8275862068965517	0.8563218390804598	0.7298850574712644	0.8563218390804598	0.8505747126436781	0.7298850574712644	0.764367816091954	0.867816091954023	0.8218390804597702	0.7586206896551724	0.8563218390804598	0.764367816091954	0.7011494252873564	0.8505747126436781	0.8793103448275862	0.8160919540229885	0.6954022988505747	0.8563218390804598	0.8103448275862069	0.8103448275862069	
0.720125786163522	0.6855345911949685	0.6855345911949685	0.6761006289308176	0.6959459459459459	0.6918238993710691	0.7641509433962265	0.7075471698113207	0.5345911949685535	0.73	0.6320754716981132	0.7380952380952381	0.7298850574712644	0	0.5849056603773585	0.6163522012578616	0.4528301886792453	0.7672955974842768	0.6320754716981132	0.5849056603773585	0.6069182389937107	0.6981132075471698	0.6477987421383647	0.660377358490566	0.6037735849056604	0.7232704402515723	0.6949685534591195	0.7672955974842768	0.8553459119496856	0.789308176100629	0.710691823899371	0.6037735849056604	0.7012578616352201	0.5251572327044025	
0.7559523809523809	0.6666666666666666	0.6726190476190477	0.6607142857142857	0.6317567567567568	0.6517857142857143	0.7410714285714286	0.6964285714285714	0.5089285714285714	0.7466666666666667	0.49702380952380953	0.7896825396825397	0.8275862068965517	0.5849056603773585	0	0.6339285714285714	0.5267857142857143	0.7529761904761905	0.5446428571428571	0.5505952380952381	0.6994047619047619	0.6666666666666666	0.6845238095238095	0.6190476190476191	0.6130952380952381	0.7172619047619048	0.6726190476190477	0.7708333333333334	0.8928571428571429	0.7738095238095238	0.7708333333333334	0.6130952380952381	0.7083333333333334	0.28869047619047616	
0.7053571428571429	0.6994047619047619	0.6636904761904762	0.7232142857142857	0.6925675675675675	0.6815476190476191	0.7261904761904762	0.7291666666666666	0.5833333333333334	0.7733333333333333	0.6339285714285714	0.7698412698412699	0.8563218390804598	0.6163522012578616	0.6339285714285714	0	0.5565476190476191	0.7232142857142857	0.5684523809523809	0.6279761904761905	0.6994047619047619	0.6577380952380952	0.7113095238095238	0.6160714285714286	0.625	0.7410714285714286	0.7321428571428571	0.7619047619047619	0.8928571428571429	0.8095238095238095	0.7648809523809523	0.625	0.625	0.47619047619047616	
0.7083333333333334	0.6845238095238095	0.6815476190476191	0.6458333333333334	0.6452702702702703	0.6755952380952381	0.7321428571428571	0.6934523809523809	0.43154761904761907	0.72	0.5744047619047619	0.7063492063492064	0.7298850574712644	0.4528301886792453	0.5267857142857143	0.5565476190476191	0	0.7619047619047619	0.5714285714285714	0.5148809523809523	0.5982142857142857	0.6755952380952381	0.7113095238095238	0.6220238095238095	0.4851190476190476	0.7083333333333334	0.6815476190476191	0.7708333333333334	0.8898809523809523	0.7916666666666666	0.6964285714285714	0.4851190476190476	0.6339285714285714	0.3958333333333333	
0.6755952380952381	0.75	0.7648809523809523	0.6934523809523809	0.6385135135135135	0.7648809523809523	0.6875	0.6875	0.7619047619047619	0.72	0.7470238095238095	0.7420634920634921	0.8563218390804598	0.7672955974842768	0.7529761904761905	0.7232142857142857	0.7619047619047619	0	0.7142857142857143	0.75	0.6904761904761905	0.6845238095238095	0.6904761904761905	0.7738095238095238	0.75	0.6755952380952381	0.7648809523809523	0.6934523809523809	0.8244047619047619	0.7529761904761905	0.75	0.75	0.7380952380952381	0.7410714285714286	
0.7648809523809523	0.7023809523809523	0.7083333333333334	0.6904761904761905	0.6722972972972973	0.6517857142857143	0.7053571428571429	0.75	0.625	0.7433333333333333	0.31547619047619047	0.7619047619047619	0.8505747126436781	0.6320754716981132	0.5446428571428571	0.5684523809523809	0.5714285714285714	0.7142857142857143	0	0.6101190476190477	0.7113095238095238	0.6458333333333334	0.6845238095238095	0.6488095238095238	0.5148809523809523	0.7440476190476191	0.7440476190476191	0.75	0.8988095238095238	0.7886904761904762	0.7648809523809523	0.5148809523809523	0.6041666666666666	0.48214285714285715	
0.75	0.6785714285714286	0.6904761904761905	0.6101190476190477	0.7263513513513513	0.6726190476190477	0.7053571428571429	0.7053571428571429	0.6488095238095238	0.6966666666666667	0.5625	0.7063492063492064	0.7298850574712644	0.5849056603773585	0.5505952380952381	0.6279761904761905	0.5148809523809523	0.75	0.6101190476190477	0	0.6398809523809523	0.6875	0.7380952380952381	0.6755952380952381	0.6726190476190477	0.7083333333333334	0.7380952380952381	0.7708333333333334	0.8839285714285714	0.8005952380952381	0.7351190476190477	0.6726190476190477	0.6517857142857143	0.6130952380952381	
0.6636904761904762	0.7529761904761905	0.7321428571428571	0.6190476190476191	0.6655405405405406	0.7529761904761905	0.6875	0.625	0.7142857142857143	0.68	0.6607142857142857	0.6825396825396826	0.764367816091954	0.6069182389937107	0.6994047619047619	0.6994047619047619	0.5982142857142857	0.6904761904761905	0.7113095238095238	0.6398809523809523	0	0.7470238095238095	0.6309523809523809	0.6488095238095238	0.6755952380952381	0.7023809523809523	0.6845238095238095	0.7023809523809523	0.8571428571428571	0.7321428571428571	0.6875	0.6755952380952381	0.7410714285714286	0.6845238095238095	
0.7589285714285714	0.7113095238095238	0.7083333333333334	0.7172619047619048	0.6554054054054054	0.7202380952380952	0.7470238095238095	0.7619047619047619	0.6994047619047619	0.7633333333333333	0.6785714285714286	0.7857142857142857	0.867816091954023	0.6981132075471698	0.6666666666666666	0.6577380952380952	0.6755952380952381	0.6845238095238095	0.6458333333333334	0.6875	0.7470238095238095	0	0.7380952380952381	0.7470238095238095	0.5952380952380952	0.7261904761904762	0.7589285714285714	0.7648809523809523	0.8839285714285714	0.7946428571428571	0.7410714285714286	0.5952380952380952	0.6517857142857143	0.6755952380952381	
0.7083333333333334	0.75	0.7321428571428571	0.625	0.5337837837837838	0.7291666666666666	0.6904761904761905	0.6815476190476191	0.6130952380952381	0.7766666666666666	0.6488095238095238	0.7936507936507936	0.8218390804597702	0.6477987421383647	0.6845238095238095	0.7113095238095238	0.7113095238095238	0.6904761904761905	0.6845238095238095	0.7380952380952381	0.6309523809523809	0.7380952380952381	0	0.7142857142857143	0.5863095238095238	0.6994047619047619	0.6309523809523809	0.7053571428571429	0.8571428571428571	0.7291666666666666	0.7529761904761905	0.5863095238095238	0.7291666666666666	0.6755952380952381	
0.6845238095238095	0.7648809523809523	0.7321428571428571	0.6666666666666666	0.7195945945945946	0.6994047619047619	0.7440476190476191	0.7619047619047619	0.6458333333333334	0.73	0.6636904761904762	0.7182539682539683	0.7586206896551724	0.660377358490566	0.6190476190476191	0.6160714285714286	0.6220238095238095	0.7738095238095238	0.6488095238095238	0.6755952380952381	0.6488095238095238	0.7470238095238095	0.7142857142857143	0	0.7113095238095238	0.7232142857142857	0.6369047619047619	0.7678571428571429	0.9136904761904762	0.8303571428571429	0.7380952380952381	0.7113095238095238	0.7380952380952381	0.5892857142857143	
0.7619047619047619	0.6994047619047619	0.6785714285714286	0.7142857142857143	0.5608108108108109	0.6339285714285714	0.7202380952380952	0.7410714285714286	0.5059523809523809	0.7733333333333333	0.5178571428571429	0.7698412698412699	0.8563218390804598	0.6037735849056604	0.6130952380952381	0.625	0.4851190476190476	0.75	0.5148809523809523	0.6726190476190477	0.6755952380952381	0.5952380952380952	0.5863095238095238	0.7113095238095238	0	0.7172619047619048	0.6666666666666666	0.7648809523809523	0.9017857142857143	0.8005952380952381	0.7232142857142857	0.0	0.6011904761904762	0.5297619047619048	
0.6755952380952381	0.6785714285714286	0.7619047619047619	0.6130952380952381	0.5945945945945946	0.7202380952380952	0.7172619047619048	0.6726190476190477	0.7083333333333334	0.72	0.7559523809523809	0.7341269841269841	0.764367816091954	0.7232704402515723	0.7172619047619048	0.7410714285714286	0.7083333333333334	0.6755952380952381	0.7440476190476191	0.7083333333333334	0.7023809523809523	0.7261904761904762	0.6994047619047619	0.7232142857142857	0.7172619047619048	0	0.7380952380952381	0.6666666666666666	0.7559523809523809	0.7708333333333334	0.7619047619047619	0.7172619047619048	0.7470238095238095	0.7380952380952381	
0.7410714285714286	0.7738095238095238	0.7708333333333334	0.6934523809523809	0.6959459459459459	0.7529761904761905	0.7589285714285714	0.6785714285714286	0.6934523809523809	0.6966666666666667	0.6577380952380952	0.7023809523809523	0.7011494252873564	0.6949685534591195	0.6726190476190477	0.7321428571428571	0.6815476190476191	0.7648809523809523	0.7440476190476191	0.7380952380952381	0.6845238095238095	0.7589285714285714	0.6309523809523809	0.6369047619047619	0.6666666666666666	0.7380952380952381	0	0.7351190476190477	0.9077380952380952	0.7648809523809523	0.6458333333333334	0.6666666666666666	0.7678571428571429	0.6726190476190477	
0.7113095238095238	0.7738095238095238	0.7708333333333334	0.7023809523809523	0.6655405405405406	0.7738095238095238	0.7053571428571429	0.7142857142857143	0.7738095238095238	0.7733333333333333	0.7410714285714286	0.7936507936507936	0.8505747126436781	0.7672955974842768	0.7708333333333334	0.7619047619047619	0.7708333333333334	0.6934523809523809	0.75	0.7708333333333334	0.7023809523809523	0.7648809523809523	0.7053571428571429	0.7678571428571429	0.7648809523809523	0.6666666666666666	0.7351190476190477	0	0.8125	0.6964285714285714	0.7648809523809523	0.7648809523809523	0.7619047619047619	0.7708333333333334	
0.8214285714285714	0.8928571428571429	0.8988095238095238	0.8571428571428571	0.8378378378378378	0.8988095238095238	0.8392857142857143	0.8273809523809523	0.8809523809523809	0.9	0.9017857142857143	0.8928571428571429	0.8793103448275862	0.8553459119496856	0.8928571428571429	0.8928571428571429	0.8898809523809523	0.8244047619047619	0.8988095238095238	0.8839285714285714	0.8571428571428571	0.8839285714285714	0.8571428571428571	0.9136904761904762	0.9017857142857143	0.7559523809523809	0.9077380952380952	0.8125	0	0.8333333333333334	0.9107142857142857	0.9017857142857143	0.8869047619047619	0.8720238095238095	
0.7797619047619048	0.8095238095238095	0.8273809523809523	0.7142857142857143	0.706081081081081	0.8273809523809523	0.7619047619047619	0.7083333333333334	0.8095238095238095	0.8066666666666666	0.7440476190476191	0.8055555555555556	0.8160919540229885	0.789308176100629	0.7738095238095238	0.8095238095238095	0.7916666666666666	0.7529761904761905	0.7886904761904762	0.8005952380952381	0.7321428571428571	0.7946428571428571	0.7291666666666666	0.8303571428571429	0.8005952380952381	0.7708333333333334	0.7648809523809523	0.6964285714285714	0.8333333333333334	0	0.8244047619047619	0.8005952380952381	0.8095238095238095	0.7738095238095238	
0.7440476190476191	0.7619047619047619	0.7321428571428571	0.7321428571428571	0.7297297297297297	0.7440476190476191	0.7321428571428571	0.7261904761904762	0.7589285714285714	0.7033333333333334	0.7440476190476191	0.7063492063492064	0.6954022988505747	0.710691823899371	0.7708333333333334	0.7648809523809523	0.6964285714285714	0.75	0.7648809523809523	0.7351190476190477	0.6875	0.7410714285714286	0.7529761904761905	0.7380952380952381	0.7232142857142857	0.7619047619047619	0.6458333333333334	0.7648809523809523	0.9107142857142857	0.8244047619047619	0	0.7232142857142857	0.7619047619047619	0.7619047619047619	
0.7619047619047619	0.6994047619047619	0.6785714285714286	0.7142857142857143	0.5608108108108109	0.6339285714285714	0.7202380952380952	0.7410714285714286	0.5059523809523809	0.7733333333333333	0.5178571428571429	0.7698412698412699	0.8563218390804598	0.6037735849056604	0.6130952380952381	0.625	0.4851190476190476	0.75	0.5148809523809523	0.6726190476190477	0.6755952380952381	0.5952380952380952	0.5863095238095238	0.7113095238095238	0.0	0.7172619047619048	0.6666666666666666	0.7648809523809523	0.9017857142857143	0.8005952380952381	0.7232142857142857	0	0.6011904761904762	0.5297619047619048	
0.7529761904761905	0.6994047619047619	0.6994047619047619	0.7232142857142857	0.7162162162162162	0.6815476190476191	0.7232142857142857	0.7351190476190477	0.6904761904761905	0.7733333333333333	0.5892857142857143	0.7698412698412699	0.8103448275862069	0.7012578616352201	0.7083333333333334	0.625	0.6339285714285714	0.7380952380952381	0.6041666666666666	0.6517857142857143	0.7410714285714286	0.6517857142857143	0.7291666666666666	0.7380952380952381	0.6011904761904762	0.7470238095238095	0.7678571428571429	0.7619047619047619	0.8869047619047619	0.8095238095238095	0.7619047619047619	0.6011904761904762	0	0.6428571428571429	
0.6994047619047619	0.6845238095238095	0.6636904761904762	0.6994047619047619	0.6655405405405406	0.5833333333333334	0.7351190476190477	0.7113095238095238	0.39880952380952384	0.7566666666666667	0.49107142857142855	0.75	0.8103448275862069	0.5251572327044025	0.28869047619047616	0.47619047619047616	0.3958333333333333	0.7410714285714286	0.48214285714285715	0.6130952380952381	0.6845238095238095	0.6755952380952381	0.6755952380952381	0.5892857142857143	0.5297619047619048	0.7380952380952381	0.6726190476190477	0.7708333333333334	0.8720238095238095	0.7738095238095238	0.7619047619047619	0.5297619047619048	0.6428571428571429	0	
